557.811
556.824
553.012
534.965
531.794
521.088
513.431
513.431
503.872
491.666
487.247
487.13
473.641
473.554
466.627
452.948
451.23
451.23
441.963
428.658
425.426
421.076
413.355
413.355
410.978
410.978
406.453
404.017
398.314
397.487
392.343
387.818
387.151
383.157
373.599
368.357
367.015
365.585
362.506
357.981
355.635
344.638
341.377
339.7
333.579
333.579
330.317
321.023
319.883
316.489
316.489
304.7
304.005
299.451
299.451
295.596
285.986
285.986
285.23
285.23
284.622
282.384
279.67
278.9
278.9
275.58
275.58
275.478
274.052
274.018
268.594
267.066
267.032
261.295
258.638
258.638
257.037
255.361
255.361
255.131
248.849
248.849
248.377
248.377
243.881
243.051
242.719
241.902
241.902
241.902
240.774
240.744
238.868
237.71
237.71
237.71
234.835
234.835
233.267
233.267
232.766
232.338
232.338
229.591
226.52
226.52
226.267
225.132
222.385
221.879
221.879
221.879
220.661
219.669
217.76
216.542
215.55
215.55
213.09
212.098
211.432
209.434
209.434
209.434
205.915
205.915
205.915
204.238
204.238
204.238
204.238
203.115
203.115
202.897
201.775
201.39
200.403
200.267
200.267
199.862
198.465
198.465
198.465
198.033
198.033
195.248
195.248
195.248
194.219
194.219
194.219
193.974
193.974
193.974
193.865
193.865
193.865
192.73
191.02
188.899
188.899
186.415
186.415
186.415
185.956
185.956
185.818
185.359
184.664
184.321
183.443
183.443
182.504
182.255
181.98
181.98
181.738
181.121
176.619
176.265
176.265
175.063
175.063
175.063
175.063
175.063
175.063
175.063
175.063
175.063
174.664
174.664
174.664
173.588
173.588
173.588
173.411
173.011
172.393
171.816
171.816
171.816
170.865
168.347
168.347
168.347
167.7
167.7
167.7
167.7
167.7
167.7
167.7
167.7
167.7
167.7
167.59
167.59
167.38
167.38
167.38
166.884
166.884
166.884
166.884
166.884
166.884
166.884
166.884
165.908
165.908
165.689
165.689
165.689
165.689
165.085
164.109
163.89
163.89
163.834
163.834
162.035
162.035
162.035
162.035
162.035
162.035
161.835
161.835
161.835
161.69
161.69
161.49
161.49
161.49
159.702
159.702
159.314
159.314
159.314
159.314
159.314
159.314
159.17
159.17
158.515
158.515
158.515
157.303
157.075
156.649
156.649
156.649
155.421
155.421
155.421
154.297
152.365
151.797
151.797
151.797
151.797
151.797
151.797
151.797
151.797
151.797
151.797
151.797
151.797
151.797
151.797
151.797
151.797
151.797
150.434
150.434
150.434
150.434
150.434
150.434
150.434
150.434
150.434
150.434
150.434
150.232
150.232
149.624
149.624
149.438
149.438
149.438
149.438
149.419
149.419
149.419
148.711
148.224
148.224
147.516
147.516
147.516
147.516
147.516
147.516
147.516
147.516
147.516
147.516
147.516
147.516
147.516
147.516
147.516
147.516
147.516
147.516
147.335
147.335
147.335
147.335
147.335
147.335
147.335
147.31
147.063
147.063
146.823
146.761
146.761
146.275
146.275
146.275
146.275
145.307
145.307
145.307
145.04
145.04
145.04
145.04
145.04
145.04
145.04
145.04
145.04
145.04
145.04
145.04
144.545
144.545
143.659
143.659
143.659
143.659
143.659
143.659
143.659
143.659
142.629
142.629
142.629
142.629
141.828
141.828
141.828
141.828
141.828
141.828
141.828
141.828
141.828
141.828
141.828
141.828
141.828
141.828
141.828
140.463
140.463
140.351
140.351
140.351
138.44
137.117
137.004
137.004
136.163
136.163
136.163
136.163
136.163
136.163
136.163
136.107
136.107
136.107
136.107
136.107
135.47
135.47
135.47
134.926
134.087
134.087
134.087
133.739
133.739
133.195
133.195
133.195
133.195
133.195
133.02
133.02
133.02
133.02
133.02
133.02
133.02
132.651
132.651
132.651
132.323
132.323
132.323
132.323
132.323
132.267
132.267
132.267
132.267
131.943
131.943
131.943
131.943
131.692
131.692
131.692
131.139
130.815
130.815
130.815
130.815
130.606
130.606
130.606
130.606
130.328
130.328
130.328
130.328
130.328
130.328
130.328
130.328
130.328
129.772
129.772
129.772
129.772
129.588
129.588
129.588
129.588
129.588
129.256
129.256
129.256
129.256
129.256
128.503
128.503
128.503
128.331
128.331
128.331
128.331
128.331
128.289
128.289
128.289
128.289
128.289
127.823
127.823
127.823
127.717
127.717
127.428
127.428
127.322
127.322
127.3
127.3
127.3
127.3
127.3
127.3
127.3
127.3
127.3
127.3
127.182
127.182
127.182
127.182
126.693
126.693
126.693
126.693
126.693
126.693
126.693
125.694
125.694
125.694
125.13
125.13
125.13
124.976
124.976
124.142
124.142
124.142
124.142
124.142
124.142
124.142
124.142
124.142
124.142
124.142
124.142
124.142
124.142
124.142
124.142
124.142
124.142
124.142
124.142
124.142
124.142
124.142
124.142
124.142
124.142
124.142
124.142
124.142
124.142
124.142
124.142
124.142
124.142
124.142
124.142
124.142
124.142
124.142
124.142
124.142
123.986
123.986
123.986
123.986
123.986
123.986
123.614
123.614
123.614
123.614
123.614
123.32
123.32
123.32
123.32
123.32
121.393
121.393
121.393
121.393
121.393
121.393
121.393
121.393
121.393
121.393
121.393
121.393
121.393
121.393
121.393
121.393
121.393
121.393
121.393
121.393
121.349
121.349
121.349
121.349
120.408
120.408
120.408
120.408
120.408
120.408
120.408
120.408
120.408
120.408
120.408
120.408
120.408
119.758
119.758
119.758
119.758
119.758
119.758
119.758
119.758
119.758
119.758
119.758
119.758
119.758
119.758
119.758
119.687
119.687
119.687
119.687
119.687
119.687
119.687
119.687
119.687
119.687
119.687
119.687
119.687
119.687
119.687
119.687
119.687
119.687
119.687
118.847
118.847
118.847
118.847
118.847
118.847
118.847
118.847
118.847
118.847
118.847
118.847
118.847
118.847
118.847
118.847
118.847
118.847
118.847
118.847
118.847
118.847
118.847
118.847
118.847
118.847
118.847
118.847
118.847
118.847
118.847
118.847
118.847
118.847
118.847
118.847
118.847
118.847
118.847
118.847
118.847
118.847
118.847
118.847
118.847
118.215
118.215
118.215
118.215
118.215
118.215
118.215
118.215
118.215
118.215
118.215
118.215
118.215
118.215
118.215
118.215
118.215
118.215
118.215
118.215
118.215
118.215
118.215
118.215
118.215
118.215
118.215
118.215
118.215
118.215
118.215
118.215
118.215
118.215
118.215
118.215
118.215
118.215
118.215
118.215
118.215
118.215
118.215
118.215
118.215
118.215
118.215
118.215
118.215
118.215
118.215
118.215
118.215
118.215
118.215
118.215
118.215
118.215
118.215
118.215
118.215
118.215
118.073
118.073
117.952
117.952
117.952
117.811
117.564
117.564
117.564
117.564
117.564
117.564
117.564
117.564
117.564
116.919
116.919
116.919
116.919
116.919
116.919
116.919
116.919
116.919
116.919
116.919
116.919
116.919
116.919
116.919
116.919
116.919
116.919
116.919
116.919
116.919
116.919
116.919
116.919
116.919
116.919
116.919
116.919
116.919
116.919
116.919
116.919
116.919
116.919
116.919
116.919
116.919
116.919
116.919
116.919
116.919
116.919
116.919
116.919
116.919
116.919
116.919
116.919
116.919
116.919
116.919
116.692
116.692
116.692
116.692
116.692
116.692
116.692
116.692
116.692
116.692
116.518
116.518
116.518
116.518
116.518
116.518
116.518
116.518
116.518
116.518
116.518
116.518
116.518
116.518
116.518
116.518
116.518
116.479
116.479
116.479
116.479
116.479
116.479
116.479
116.479
116.479
116.479
116.479
116.479
116.479
116.479
116.479
116.479
116.479
116.236
116.236
116.236
116.236
116.236
116.236
116.236
116.236
116.236
116.236
116.236
116.236
116.236
116.236
116.236
116.236
116.236
116.236
116.236
116.236
116.236
116.236
116.236
116.236
116.236
116.236
116.236
116.236
116.236
116.236
116.236
115.408
115.408
115.408
115.408
115.408
115.408
115.408
115.408
115.408
115.408
115.068
115.068
115.068
115.068
115.068
115.068
115.068
115.068
115.068
115.068
115.068
115.068
115.068
115.068
114.416
114.416
114.416
114.416
114.416
114.416
114.416
114.416
114.416
114.416
114.416
113.873
113.873
113.873
113.873
113.873
113.873
113.873
113.873
113.873
113.873
113.873
113.873
113.873
113.873
113.873
113.873
113.873
113.873
113.873
113.873
113.873
113.873
113.873
113.873
113.873
113.873
113.873
113.873
113.873
113.873
113.873
113.873
113.873
113.873
113.873
113.873
113.873
113.873
113.873
113.873
113.873
113.873
113.873
113.873
113.873
113.873
113.873
113.873
113.873
113.873
113.873
113.873
113.873
113.873
113.873
113.873
113.873
113.873
113.873
113.873
113.873
113.873
113.873
113.873
113.873
113.873
113.873
113.873
113.873
113.873
113.873
113.873
113.873
113.873
113.873
113.873
113.873
113.873
113.873
113.873
113.873
113.873
113.873
113.873
113.873
113.568
113.568
113.568
113.568
113.568
113.568
113.568
113.568
113.568
113.568
113.426
113.426
113.402
113.402
113.402
113.402
113.402
113.402
113.402
113.402
113.402
113.402
113.402
112.788
112.788
112.788
112.788
112.788
112.788
112.788
112.788
112.788
112.788
112.788
112.788
112.788
112.788
112.788
112.788
112.788
112.788
112.788
112.788
112.788
112.788
112.788
112.788
112.788
112.788
112.788
112.788
112.788
112.788
112.788
112.788
112.788
112.788
112.788
112.788
112.788
112.788
112.788
112.788
112.788
112.788
112.788
112.788
112.788
112.788
112.788
112.788
112.788
112.788
112.788
112.788
112.788
112.788
112.788
112.788
112.788
112.788
112.788
112.788
112.788
112.788
112.788
112.788
112.407
112.407
112.407
112.407
112.407
112.407
112.407
112.407
112.407
112.407
112.407
112.407
112.407
112.407
112.407
112.407
112.407
112.407
112.407
112.407
112.284
112.284
112.284
112.284
112.284
112.284
112.284
112.284
112.284
112.284
112.284
112.284
112.284
112.284
112.284
112.284
112.284
112.284
112.284
112.284
112.284
112.284
112.284
112.284
112.284
112.284
112.284
112.284
112.284
112.284
112.284
112.284
112.284
112.284
112.284
112.284
112.284
112.284
112.284
112.284
112.284
112.284
112.284
112.284
112.284
112.284
112.284
112.284
112.284
112.284
112.284
112.284
112.284
112.284
112.284
112.284
112.284
112.284
112.284
112.284
112.284
112.284
112.284
112.284
112.284
112.284
112.284
112.284
112.284
112.284
112.284
112.284
112.284
112.284
112.284
112.284
112.284
112.284
112.284
112.284
112.284
112.284
112.284
112.284
112.284
112.284
112.284
112.284
112.284
112.284
112.284
112.284
112.284
112.284
112.284
112.284
112.284
112.284
112.284
112.284
112.284
112.284
112.284
112.284
112.284
112.284
112.284
112.284
112.284
112.284
112.284
112.284
112.284
112.284
112.284
112.284
112.284
112.284
112.284
112.284
112.284
112.284
112.284
112.284
112.284
112.284
112.284
112.284
112.284
112.284
112.284
112.284
112.284
112.284
112.284
112.284
112.284
112.284
112.284
112.284
112.284
112.284
112.284
112.284
112.284
112.284
112.284
112.284
112.284
111.482
111.482
111.482
111.482
111.482
111.482
111.482
111.482
111.482
111.482
111.482
111.482
111.482
111.482
111.482
111.482
111.453
111.453
111.453
111.453
111.453
111.453
111.453
111.453
111.453
111.453
111.453
111.453
111.453
111.453
111.453
111.453
111.453
111.453
111.453
111.453
111.453
111.453
111.453
111.453
111.453
111.453
111.453
111.453
111.453
111.453
111.453
111.453
111.453
111.453
111.453
111.453
111.453
111.453
111.453
111.453
111.453
111.453
111.453
111.453
111.453
111.453
111.453
111.453
111.453
111.453
111.453
111.453
111.453
111.453
111.453
111.453
111.453
111.453
111.453
111.453
111.453
111.453
111.453
111.453
111.453
111.453
111.453
111.453
111.453
111.453
111.453
111.453
111.453
111.453
111.453
111.453
111.453
111.453
111.453
111.453
111.453
111.296
111.296
111.296
111.296
111.296
111.296
111.296
111.296
111.296
111.296
111.296
111.296
111.296
111.296
111.296
111.296
111.296
111.296
111.296
111.296
111.296
111.296
111.296
111.296
111.296
111.296
111.296
111.296
111.296
111.296
111.296
111.296
111.296
111.296
111.296
111.296
111.296
111.296
111.296
111.296
111.296
111.296
111.296
111.296
111.296
111.296
111.296
111.296
111.296
111.296
111.296
111.296
111.296
111.296
111.296
111.296
111.296
111.296
111.296
111.296
111.296
111.296
111.296
111.296
111.296
111.296
111.296
111.296
111.296
111.296
111.296
111.296
110.379
110.379
110.379
110.379
110.379
110.379
110.379
110.379
110.379
110.379
110.379
110.379
110.379
110.379
110.379
110.379
110.379
110.379
110.379
110.379
110.379
110.379
110.379
110.379
110.379
110.379
110.379
110.379
110.379
110.379
110.379
110.379
109.839
109.839
109.839
109.839
109.839
109.839
109.839
109.839
109.839
109.839
109.839
109.839
109.839
109.839
109.839
109.839
109.839
109.839
109.839
109.839
109.839
109.839
109.839
109.839
109.839
109.839
109.839
109.839
109.839
109.839
109.839
109.839
109.839
109.839
109.839
109.839
109.839
109.839
109.839
109.839
109.839
109.839
109.839
109.839
109.839
109.839
109.839
109.839
109.839
109.839
109.839
109.839
109.839
109.839
109.839
109.839
109.839
109.839
109.839
109.839
109.839
109.839
109.839
109.839
109.839
109.839
109.839
109.839
109.839
109.839
109.839
109.839
109.839
109.839
109.839
109.839
109.839
109.839
109.839
109.839
109.839
109.839
109.839
109.839
109.839
109.839
109.839
109.839
109.839
109.839
109.839
109.839
109.839
109.839
109.839
109.839
109.839
109.839
109.615
109.615
109.615
109.615
109.615
109.615
109.615
109.615
109.615
109.615
109.615
109.615
109.615
109.615
109.615
109.615
109.615
109.615
109.615
109.615
109.615
109.615
109.615
109.615
109.615
109.615
109.615
109.615
109.615
109.615
109.615
109.615
109.615
109.615
109.615
109.615
109.615
109.615
109.615
109.615
109.615
109.615
109.615
109.615
109.615
109.615
109.615
109.615
109.615
109.615
109.615
109.615
109.615
109.615
109.615
109.615
109.615
109.615
109.615
109.615
109.615
109.615
109.615
109.615
109.615
109.615
109.615
109.615
109.615
109.615
109.615
109.615
109.615
109.615
109.615
109.615
109.615
109.615
109.615
109.615
109.615
109.615
109.615
109.615
109.615
109.615
109.615
109.615
109.615
109.615
109.615
109.615
109.615
109.615
109.615
109.615
109.615
109.615
109.615
109.615
109.615
109.615
109.615
109.615
109.615
109.615
109.615
109.615
109.615
109.615
109.615
109.615
109.615
109.615
109.615
109.615
109.615
109.615
109.615
109.615
109.615
109.615
109.615
109.615
109.615
109.615
109.615
109.615
109.615
109.615
109.615
109.615
109.615
109.615
109.615
109.615
109.615
109.615
109.615
109.615
109.615
109.615
109.615
109.615
109.615
109.615
109.615
109.615
109.615
109.615
109.615
109.615
109.615
109.615
109.615
109.615
109.615
109.615
109.615
109.615
109.615
109.615
109.615
109.615
109.615
109.615
109.615
109.615
109.615
109.615
109.615
109.615
109.615
109.615
109.615
109.615
109.615
109.615
109.615
109.615
109.097
109.097
109.097
109.097
109.097
109.097
109.097
109.097
109.097
109.097
109.097
109.097
109.097
109.097
109.097
109.097
109.097
109.097
109.097
109.097
109.097
109.097
109.097
109.097
109.097
109.097
109.097
109.097
109.097
109.097
109.097
109.097
109.097
109.097
109.097
109.097
109.097
109.097
109.097
109.097
109.097
109.097
109.097
109.097
109.097
109.097
109.097
109.097
109.097
109.097
109.097
109.097
109.097
109.097
109.097
109.097
109.097
109.097
109.097
109.097
109.097
109.097
109.097
109.097
109.097
109.097
109.097
109.097
109.097
109.097
109.097
109.097
109.097
109.097
109.097
109.097
108.368
108.368
108.368
108.045
108.045
108.045
108.045
108.045
108.045
108.045
108.045
108.045
108.045
108.045
108.045
108.045
108.045
108.045
108.045
108.045
108.045
108.045
108.045
108.045
108.045
108.045
108.045
108.045
108.045
108.045
108.045
108.045
108.045
108.045
108.045
108.045
108.045
108.045
108.045
108.045
108.045
108.045
108.045
108.045
108.045
108.045
108.045
108.045
108.045
108.045
108.045
108.045
108.045
108.045
108.045
108.045
108.045
108.045
108.045
108.045
108.045
108.045
108.045
108.045
108.045
108.045
108.045
108.045
108.045
108.045
108.045
108.045
108.045
108.045
108.045
108.045
108.045
108.045
108.045
108.045
108.045
108.045
108.045
108.045
108.045
108.045
108.045
108.045
108.045
108.045
108.045
108.045
108.045
108.045
108.045
108.045
108.045
108.045
108.045
108.045
108.045
108.045
108.045
108.045
108.045
108.045
108.045
108.045
108.045
108.045
108.045
108.045
108.045
108.045
108.045
108.045
108.045
108.045
108.045
108.045
108.045
108.045
108.045
108.045
108.045
108.045
108.045
108.045
108.045
108.045
108.045
108.045
108.045
108.045
108.045
108.045
108.045
108.045
108.045
108.045
108.045
108.045
108.045
108.045
108.045
108.045
108.045
108.045
108.045
108.045
108.045
108.045
108.045
108.045
108.045
108.045
108.045
108.045
108.045
108.045
108.045
108.045
108.045
108.045
108.045
108.045
108.045
108.045
108.045
108.045
108.045
108.045
108.045
108.045
108.045
108.045
108.045
108.045
108.045
108.045
108.045
108.045
108.045
108.045
108.045
108.045
108.045
108.045
108.045
108.045
108.045
108.045
108.045
108.045
108.045
108.045
108.045
108.045
108.045
108.045
108.045
108.045
108.045
108.045
108.045
108.045
108.045
108.045
108.045
108.045
108.045
108.045
108.045
108.045
108.045
108.045
108.045
108.045
108.045
108.045
108.045
108.045
108.045
108.045
108.045
108.045
108.045
108.045
108.045
108.045
108.045
108.045
108.045
108.045
108.045
108.045
108.045
108.045
108.045
108.045
108.045
108.045
108.045
108.045
108.045
108.045
108.045
108.045
108.045
108.045
108.045
108.045
108.045
108.045
108.045
108.045
108.045
108.045
108.045
108.045
108.045
108.045
108.045
108.045
108.045
108.045
108.045
108.045
108.045
108.045
108.045
108.045
108.045
108.045
108.045
108.045
108.045
108.045
108.045
108.045
108.045
108.045
108.045
108.045
108.045
108.045
108.045
108.045
108.045
108.045
108.045
108.045
108.045
108.045
108.045
108.045
108.045
108.045
108.045
108.045
108.045
108.045
108.045
108.045
108.045
108.045
108.045
108.045
108.045
108.045
108.045
108.045
108.045
108.045
108.045
108.045
108.045
108.045
108.045
108.045
108.045
108.045
108.045
108.045
108.045
108.045
108.045
108.045
108.045
108.045
108.045
108.045
108.045
108.045
108.045
108.045
108.045
108.045
108.045
108.045
108.045
108.045
108.045
108.045
108.045
108.045
108.045
108.045
108.045
108.045
108.045
108.045
108.045
108.045
108.045
108.045
108.045
108.045
108.045
108.045
108.045
108.045
108.045
108.045
108.045
108.045
108.045
108.045
108.045
108.045
108.045
108.045
108.045
108.045
108.045
108.045
108.045
108.045
108.045
108.045
108.045
108.045
108.045
108.045
108.045
108.045
108.045
108.045
108.045
108.045
108.045
108.045
108.045
108.045
108.045
108.045
108.045
108.045
108.045
108.045
108.045
108.045
108.045
108.045
108.045
108.045
108.045
108.045
108.045
108.045
108.045
108.045
108.045
108.045
108.045
108.045
108.045
108.045
108.045
108.045
108.045
108.045
108.045
108.045
108.045
108.045
108.045
108.045
108.045
108.045
108.045
108.045
108.045
108.045
108.045
108.045
108.045
108.045
108.045
108.045
108.045
108.045
108.045
108.045
108.045
108.045
108.045
108.045
108.045
108.045
108.045
108.045
108.045
108.045
108.045
108.045
108.045
108.045
108.045
108.045
108.045
108.045
108.045
108.045
108.045
108.045
108.045
108.045
108.045
108.045
108.045
108.045
108.045
108.045
108.045
108.045
108.045
108.045
108.045
108.045
108.045
108.045
108.045
108.045
108.045
108.045
108.045
108.045
108.045
108.045
108.045
108.045
108.045
108.045
108.045
108.045
108.045
108.045
108.045
108.045
108.045
108.045
108.045
108.045
108.045
108.045
108.045
108.045
108.045
108.045
108.045
108.045
108.045
108.045
108.045
108.045
108.045
108.045
108.045
108.045
108.045
108.045
108.045
108.045
108.045
108.045
108.045
108.045
108.045
108.045
108.045
108.045
108.045
108.045
108.045
108.045
108.045
108.045
108.045
108.045
108.045
108.045
108.045
108.045
108.045
108.045
108.045
108.045
108.045
108.045
108.045
108.045
108.045
108.045
108.045
108.045
108.045
108.045
108.045
108.045
108.045
108.045
108.045
108.045
108.045
108.045
108.045
108.045
108.045
108.045
108.045
108.045
108.045
108.045
108.045
108.045
108.045
108.045
108.045
108.045
108.045
108.045
108.045
108.045
108.045
108.045
108.045
108.045
108.045
108.045
108.045
108.045
108.045
108.045
108.045
108.045
108.045
108.045
108.045
108.045
108.045
108.045
108.045
108.045
108.045
108.045
108.045
108.045
108.045
108.045
108.045
108.045
108.045
108.045
108.045
108.045
108.045
108.045
108.045
108.045
108.045
108.045
108.045
108.045
108.045
108.045
108.045
108.045
108.045
108.045
108.045
108.045
108.045
108.045
108.045
108.045
108.045
108.045
108.045
108.045
108.045
108.045
108.045
108.045
108.045
108.045
108.045
108.045
108.045
108.045
108.045
108.045
108.045
108.045
108.045
108.045
108.045
108.045
108.045
108.045
108.045
108.045
108.045
108.045
108.045
108.045
108.045
108.045
108.045
108.045
108.045
108.045
108.045
108.045
108.045
108.045
108.045
108.045
108.045
108.045
108.045
108.045
108.045
108.045
108.045
108.045
108.045
108.045
108.045
108.045
108.045
108.045
108.045
107.939
107.939
107.939
107.939
107.939
107.939
107.939
107.939
107.939
107.939
107.939
107.939
107.939
107.939
107.939
107.939
107.939
107.939
107.939
107.939
107.939
107.939
107.939
107.939
107.939
107.939
107.939
107.939
107.939
107.939
107.939
107.939
107.939
107.785
107.785
107.785
107.785
107.785
107.785
107.785
107.785
107.785
107.785
107.785
107.785
107.785
107.785
107.785
107.785
107.785
107.785
107.785
107.785
107.785
107.785
107.785
107.785
107.785
107.785
107.785
107.785
107.785
107.785
107.785
107.785
107.785
107.785
107.785
107.785
107.785
107.785
107.785
107.785
107.785
107.785
107.785
107.785
107.785
107.785
107.785
107.785
107.785
107.785
107.785
107.785
107.785
107.785
107.785
107.785
107.785
107.785
107.785
107.785
107.785
107.785
107.785
107.785
107.785
107.785
107.785
107.785
107.785
107.785
107.785
107.785
107.785
107.785
107.785
107.785
107.785
107.785
107.785
107.785
107.785
107.785
107.785
107.785
107.785
107.785
107.785
107.785
107.785
107.785
107.785
107.785
107.785
107.785
107.785
107.785
107.785
107.785
107.785
107.785
107.785
107.785
107.785
107.785
107.785
107.785
107.785
107.785
107.785
107.785
107.785
107.785
107.785
107.785
107.785
107.785
107.785
107.785
107.785
107.785
107.785
107.785
107.785
107.785
107.785
107.785
107.785
107.785
107.785
107.785
107.785
107.785
107.785
107.785
107.785
107.785
107.785
107.785
107.785
107.785
107.785
107.785
107.785
107.785
107.785
107.785
107.785
107.785
107.785
107.785
107.785
107.785
107.785
107.785
107.785
107.785
107.785
107.785
107.785
107.785
107.785
107.785
107.785
107.785
107.785
107.785
107.785
107.785
107.785
107.785
107.785
107.785
107.785
107.785
107.785
107.785
107.785
107.785
107.785
107.785
107.785
107.785
107.785
107.785
107.785
107.785
107.785
107.785
107.785
107.785
107.785
107.785
107.785
107.785
107.785
107.785
107.785
107.785
107.785
107.785
107.785
107.785
107.785
107.785
107.785
107.785
107.785
107.785
107.785
107.785
107.785
107.785
107.649
107.649
107.649
107.649
107.649
107.649
107.649
107.649
107.649
107.649
107.649
107.649
107.649
107.649
107.649
107.649
107.649
107.649
107.649
107.649
106.952
106.952
106.952
106.952
106.952
106.952
106.952
106.952
106.952
106.952
106.952
106.952
106.952
106.952
106.952
106.952
106.952
106.952
106.952
106.952
106.952
106.952
106.952
106.952
106.952
106.952
106.952
106.952
106.952
106.952
106.952
106.952
106.952
106.952
106.952
106.952
106.952
106.952
106.952
106.952
106.952
106.952
106.952
106.952
106.952
106.952
106.952
106.952
106.952
106.952
106.952
106.952
106.952
106.952
106.952
106.952
106.952
106.952
106.952
106.952
106.952
106.952
106.952
106.952
106.952
106.952
106.952
106.952
106.952
106.952
106.952
106.952
106.952
106.952
106.952
106.952
106.952
106.952
106.952
106.952
106.952
106.952
106.952
106.952
106.952
106.952
106.952
106.952
106.952
106.952
106.952
106.952
106.952
106.952
106.952
106.952
106.952
106.952
106.952
106.952
106.952
106.952
106.952
106.952
106.952
106.952
106.952
106.952
106.952
106.952
106.952
106.952
106.952
106.952
106.952
106.952
106.952
106.952
106.952
106.952
106.952
106.952
106.952
106.952
106.952
106.952
106.952
106.952
106.952
106.952
106.952
106.952
106.952
106.952
106.952
106.952
106.952
106.952
106.952
106.952
106.952
106.952
106.952
106.952
106.952
106.952
106.952
106.952
106.952
106.952
106.952
106.952
106.952
106.952
106.952
106.952
106.952
106.952
106.952
106.952
106.952
106.952
106.952
106.952
106.952
106.952
106.952
106.952
106.952
106.952
106.952
106.952
106.952
106.952
106.952
106.952
106.952
106.952
106.952
106.952
106.243
106.243
106.243
106.243
106.243
106.243
106.243
106.243
106.243
106.243
106.243
106.243
106.243
106.243
106.243
106.243
106.243
106.243
106.243
106.243
106.243
106.243
106.243
106.243
106.243
106.243
106.243
106.243
106.243
106.243
106.243
106.243
106.243
106.243
106.243
106.243
106.243
106.243
106.243
106.243
106.243
106.243
106.243
106.243
106.243
106.243
106.243
106.243
106.243
106.243
106.243
106.243
106.243
106.243
106.243
106.243
106.243
106.243
106.243
106.243
106.243
106.243
106.243
106.243
106.243
106.243
106.243
106.243
106.243
106.243
106.243
106.243
106.243
106.243
106.243
106.243
106.243
106.243
106.243
106.243
106.243
106.243
106.243
106.243
106.243
106.243
106.243
106.243
106.243
106.243
106.243
106.243
106.243
106.243
106.243
106.243
106.243
106.243
106.243
106.243
106.243
106.243
106.243
106.243
106.243
106.243
106.243
106.243
106.243
106.243
106.243
106.243
106.243
106.243
106.243
106.243
106.243
106.243
106.243
106.243
106.243
106.243
106.243
106.243
106.243
106.243
106.243
106.243
106.243
106.243
106.243
106.243
106.243
106.243
106.243
106.243
106.243
106.243
106.243
106.243
106.243
106.243
106.243
106.243
106.243
106.243
106.243
106.243
106.243
106.243
106.243
106.243
106.243
106.243
106.243
106.243
106.243
106.243
106.243
106.243
106.243
106.243
106.243
106.243
106.243
106.243
106.243
106.243
106.243
106.243
106.243
106.243
106.243
106.243
106.243
106.243
106.243
106.243
106.243
106.243
106.243
106.243
106.243
106.243
106.243
106.243
106.243
106.243
106.243
106.243
106.243
106.243
106.243
106.243
106.243
106.243
106.243
106.243
106.243
106.243
106.243
106.243
106.243
106.243
106.243
106.243
106.243
106.243
106.243
106.243
106.243
106.243
106.243
106.243
106.243
106.243
106.243
106.243
106.243
106.243
106.243
106.243
106.243
106.214
106.214
106.214
106.214
106.214
106.214
106.214
106.214
106.214
106.214
106.214
106.214
106.214
106.214
106.214
106.214
106.214
106.214
106.214
106.214
106.214
106.214
106.214
106.214
106.214
106.214
106.214
106.214
106.214
106.214
106.214
106.214
106.214
106.214
106.214
106.214
106.214
106.214
106.214
106.214
106.214
106.214
106.214
106.214
106.214
106.214
106.214
106.214
106.214
106.214
106.214
106.214
106.214
106.214
106.214
106.214
106.214
106.214
106.214
106.214
106.214
106.214
106.214
106.214
106.214
106.214
106.214
106.214
106.214
106.214
106.214
106.214
106.214
106.214
106.214
106.214
106.214
106.214
106.214
106.214
106.214
106.214
106.214
106.214
106.214
106.214
106.214
106.214
106.214
106.214
106.214
106.214
106.214
106.214
106.214
106.214
106.214
106.214
106.214
106.214
106.214
106.214
106.214
106.214
106.214
106.214
106.214
106.214
106.214
106.214
106.214
106.214
106.214
106.214
106.214
106.214
106.214
106.214
106.214
106.214
106.214
106.214
106.214
106.214
106.214
106.214
106.214
106.214
106.214
106.214
106.214
106.214
106.214
106.214
106.214
106.214
106.214
106.214
106.214
106.214
106.214
106.214
106.214
106.214
106.214
106.214
106.214
106.214
106.214
106.214
106.214
106.214
106.214
106.214
106.214
106.214
106.214
106.214
106.214
106.214
106.214
106.214
106.214
106.214
106.214
106.214
106.214
106.214
106.214
106.214
106.214
106.214
106.214
106.214
106.214
106.214
106.214
106.214
106.214
106.214
106.214
106.214
106.214
106.214
106.214
106.214
106.214
106.214
106.214
106.214
106.214
106.214
106.214
106.214
106.214
106.214
106.214
106.214
106.214
106.214
106.214
106.214
106.214
106.214
106.214
106.214
106.214
106.214
106.214
106.214
106.214
106.214
106.214
106.214
106.214
106.214
106.214
106.214
106.214
106.214
106.214
106.214
106.214
106.214
106.214
106.214
106.214
106.214
106.214
106.214
106.214
106.214
106.214
106.214
106.214
106.214
106.214
106.214
106.214
106.214
106.214
106.214
106.214
106.214
106.214
106.214
106.214
106.214
106.214
106.214
106.214
106.214
106.214
106.214
106.214
106.214
106.214
106.214
106.214
106.214
106.214
106.214
106.214
106.214
106.214
106.214
106.214
106.214
106.214
106.214
106.214
106.214
106.214
106.214
106.214
106.214
106.214
106.214
106.214
106.214
106.214
106.214
106.214
106.214
106.214
106.214
106.214
106.214
106.214
106.214
106.214
106.214
106.214
106.214
106.214
106.214
106.214
106.214
106.214
106.214
106.214
106.214
106.214
106.214
106.214
106.214
106.214
106.214
106.214
106.214
106.214
106.214
106.214
106.214
106.214
106.214
106.214
106.214
106.214
106.214
106.214
106.214
106.214
106.214
106.214
106.214
106.214
106.214
106.214
106.214
106.214
106.214
106.214
106.214
106.214
106.214
106.214
106.214
106.214
106.214
106.214
106.214
106.214
106.214
106.214
106.214
106.214
106.214
106.214
106.214
106.214
106.214
106.214
106.214
106.214
106.214
106.214
106.214
106.214
106.214
106.214
106.214
106.214
106.214
106.214
106.214
106.214
106.214
106.214
106.214
106.214
106.214
106.214
106.214
106.214
106.214
106.214
106.214
106.214
106.214
106.214
106.214
106.214
106.214
106.214
106.214
106.214
106.214
106.214
106.214
106.214
106.214
106.214
106.214
106.214
106.214
106.214
106.214
106.214
106.214
106.214
106.214
106.214
106.214
106.214
106.214
106.214
106.214
106.214
106.214
106.214
106.214
106.214
106.214
106.214
106.214
106.214
106.214
106.214
106.214
106.214
106.214
106.214
106.214
106.214
106.214
106.214
106.214
106.214
106.214
106.214
106.214
106.214
106.214
106.214
106.214
106.214
106.214
106.214
106.214
106.214
106.214
106.214
106.214
106.214
106.214
106.214
106.214
106.214
106.214
106.214
106.214
106.214
106.214
106.214
106.214
106.214
106.214
106.214
106.214
106.214
106.214
106.214
106.214
106.214
106.214
106.214
106.214
106.214
106.214
106.214
106.214
106.214
106.214
106.214
106.214
106.214
106.214
106.214
106.214
106.214
106.214
106.214
106.214
106.214
106.214
106.214
106.214
106.214
106.214
106.214
106.214
106.214
106.214
106.214
106.214
106.214
106.214
106.214
106.214
106.214
106.214
106.214
106.214
106.214
106.214
106.214
106.214
106.214
106.214
106.214
106.214
106.214
106.214
106.214
106.214
106.214
106.214
106.214
106.214
106.214
106.214
106.214
106.214
106.214
106.214
106.214
106.214
106.214
106.214
106.214
106.214
106.214
106.214
106.214
106.214
106.214
106.214
106.214
106.214
106.214
106.214
106.214
106.214
106.214
106.214
106.214
106.214
106.214
106.214
106.214
106.214
106.214
106.214
106.214
106.214
106.214
106.214
106.214
106.214
106.214
106.214
106.214
106.214
106.214
106.214
106.214
106.214
106.214
106.214
106.214
106.214
106.214
106.214
106.214
106.214
106.214
106.214
106.214
106.214
106.214
106.214
106.214
106.214
106.214
106.214
106.214
106.214
106.214
106.214
106.214
106.214
106.214
106.214
106.214
106.214
106.214
106.214
106.214
106.214
106.214
106.214
106.214
106.214
106.214
106.214
106.214
106.214
106.214
106.214
106.214
106.214
106.214
106.214
106.214
106.214
106.214
106.214
106.214
106.214
106.214
106.214
106.214
106.214
106.214
106.214
106.214
106.214
106.214
106.214
106.214
106.214
106.214
106.214
106.214
106.214
106.214
106.214
106.214
106.214
106.214
106.214
106.214
106.214
106.214
106.214
106.214
106.214
106.214
106.214
106.214
106.214
106.214
106.214
106.214
106.214
106.214
106.214
106.214
106.214
106.214
106.214
106.214
106.214
106.214
106.214
106.214
106.214
106.214
106.214
106.214
106.214
106.214
106.214
106.214
106.214
106.214
106.214
106.214
106.214
106.214
106.214
106.214
106.214
106.214
106.214
106.214
106.214
106.214
106.214
106.214
106.214
106.214
106.214
106.214
106.214
106.214
106.214
106.214
106.214
106.214
106.214
106.214
106.214
106.214
106.214
106.214
106.214
106.214
106.214
106.214
106.214
106.214
106.214
106.214
106.214
106.214
106.214
106.214
106.214
106.214
106.214
106.214
106.214
106.214
106.214
106.214
106.214
106.214
106.214
106.214
106.214
106.214
106.214
106.214
106.214
106.214
106.214
106.214
106.214
106.214
106.214
106.214
106.214
106.214
106.214
106.214
106.214
106.214
106.214
106.214
106.214
106.214
106.214
106.214
106.214
106.214
106.214
106.214
106.214
106.214
106.214
106.214
106.214
106.214
106.214
106.214
106.214
106.214
106.214
106.214
106.214
106.214
106.214
106.214
106.214
106.214
106.214
106.214
106.214
106.214
106.214
106.214
106.214
106.214
106.214
106.214
106.214
106.214
106.214
106.214
106.214
106.214
106.214
106.214
106.214
106.214
106.214
106.214
106.214
106.214
106.214
106.214
106.214
106.214
106.214
106.214
106.214
106.214
106.214
106.214
106.214
106.214
106.214
106.214
106.214
106.214
106.214
106.214
106.214
106.214
106.214
106.214
106.214
106.214
106.214
106.214
106.214
106.214
106.214
106.214
106.214
106.214
106.214
106.214
106.214
106.214
106.214
106.214
106.214
106.214
106.214
106.214
106.214
106.214
106.214
106.214
106.214
106.214
106.214
106.214
106.214
106.214
106.214
106.214
106.214
106.214
106.214
106.214
106.214
106.214
106.214
106.214
106.214
106.214
106.214
106.214
106.214
106.214
106.214
106.214
106.214
106.214
106.214
106.214
106.214
106.214
106.214
106.214
106.214
106.214
106.214
106.214
106.214
106.214
106.214
106.214
106.214
106.214
106.214
106.214
106.214
106.214
106.214
106.214
106.214
106.214
106.214
106.214
106.214
106.214
106.214
106.214
106.214
106.214
106.214
106.214
106.214
106.214
106.214
106.214
106.214
106.214
106.214
106.214
106.214
106.214
106.214
106.214
106.214
106.214
106.214
106.214
106.214
106.214
106.214
106.214
106.214
106.214
106.214
106.214
106.214
106.214
106.214
106.214
106.214
106.214
106.214
106.214
106.214
106.214
106.214
106.214
106.214
106.214
106.214
106.214
106.214
106.214
106.214
106.214
106.214
106.214
106.214
106.214
106.214
106.214
106.214
106.214
106.214
106.214
106.214
106.214
106.214
106.214
106.214
106.214
106.214
106.214
106.214
106.214
106.214
106.214
106.214
106.214
106.214
106.214
106.214
106.214
106.214
106.214
106.214
106.214
106.214
106.214
106.214
106.214
106.214
106.214
106.214
106.214
106.214
106.214
106.214
106.214
106.214
106.214
106.214
106.214
106.214
106.214
106.214
106.214
106.214
106.214
106.214
106.214
106.214
106.214
106.214
106.214
106.214
106.214
106.214
106.214
106.214
106.214
106.214
106.214
106.214
106.214
106.214
106.214
106.214
106.214
106.214
106.214
106.214
106.214
106.214
106.214
106.214
106.214
106.214
106.214
106.214
106.214
106.214
106.214
106.214
106.214
106.214
106.214
106.214
106.214
106.214
106.214
106.214
106.214
106.214
106.214
106.214
106.214
106.214
106.214
106.214
106.214
106.214
106.214
106.214
106.214
106.214
106.214
106.214
106.214
106.214
106.214
106.214
106.214
106.214
106.214
106.214
106.214
106.214
106.214
106.214
106.214
106.214
106.214
106.214
106.214
106.214
106.214
106.214
106.214
106.214
106.214
106.214
106.214
106.214
106.214
106.214
106.214
106.214
106.214
106.214
106.214
106.214
106.214
106.214
106.214
106.214
106.214
106.214
106.214
106.214
106.214
106.214
106.214
106.214
106.214
106.214
106.214
106.214
106.214
106.214
106.214
106.214
106.214
106.214
106.214
106.214
106.214
106.214
106.214
106.214
106.214
106.214
106.214
106.214
106.214
106.214
106.214
106.214
106.214
106.214
106.214
106.214
106.214
106.214
106.214
106.214
106.214
106.214
106.214
106.214
106.214
106.214
106.214
106.214
106.214
106.214
106.214
106.214
106.214
106.214
106.214
106.214
106.214
106.214
106.214
106.214
106.214
106.214
106.214
106.214
106.214
106.214
106.214
106.214
106.214
106.214
106.214
106.214
106.214
106.214
106.214
106.214
106.214
106.214
106.214
106.214
106.214
106.214
106.214
106.214
106.214
106.214
106.214
106.214
106.214
106.214
106.214
106.214
106.214
106.214
106.214
106.214
106.214
106.214
106.214
106.214
106.214
106.214
106.214
106.214
106.214
106.214
106.214
106.214
106.214
106.214
106.214
106.214
106.214
106.214
106.214
106.214
106.214
106.214
106.214
106.214
106.214
106.214
106.214
106.214
106.214
106.214
106.214
106.214
106.214
106.214
106.214
106.214
106.214
106.214
106.214
106.214
106.214
106.214
106.214
106.214
106.214
106.214
106.214
106.214
106.214
106.214
106.214
106.214
106.214
106.214
106.214
106.214
106.214
106.214
106.214
106.214
106.214
106.214
106.214
106.214
106.214
106.214
106.214
106.214
106.214
106.214
106.214
106.214
106.214
106.214
106.214
106.214
106.214
106.214
106.214
106.214
106.214
106.214
106.214
106.214
106.214
106.214
106.214
106.214
106.214
106.214
106.214
106.214
106.214
106.214
106.214
106.214
106.214
106.214
106.214
106.214
106.214
106.214
106.214
106.214
106.214
106.214
106.214
106.214
106.214
106.214
106.214
106.214
106.214
106.214
106.214
106.214
106.214
106.214
106.214
106.214
106.214
106.214
106.214
106.214
106.214
106.214
106.214
106.214
106.214
106.214
106.214
106.214
106.214
106.214
106.214
106.214
106.214
106.214
106.214
106.214
106.214
106.214
106.214
106.214
106.214
106.214
106.214
106.214
106.214
106.214
106.214
106.214
106.214
106.214
106.214
106.214
106.214
106.214
106.214
106.214
106.214
106.214
106.214
106.214
106.214
106.214
106.214
106.214
106.214
106.214
106.214
106.214
106.214
106.214
106.214
106.214
106.214
106.214
106.214
106.214
106.214
106.214
106.214
106.214
106.214
106.214
106.214
106.214
106.214
106.214
106.214
106.214
106.214
106.214
106.214
106.214
106.214
106.214
106.214
106.214
106.214
106.214
106.214
106.214
106.214
106.214
106.214
106.214
106.214
106.214
106.214
106.214
106.214
106.214
106.214
106.214
106.214
106.214
106.214
106.214
106.214
106.214
106.214
106.214
106.214
106.214
106.214
106.214
106.214
106.214
106.214
106.214
106.214
106.214
106.214
106.214
106.214
106.214
106.214
106.214
106.214
106.214
106.214
106.214
106.214
106.214
106.214
106.214
106.214
106.214
106.214
106.214
106.214
106.214
106.214
106.214
106.214
106.214
106.214
106.214
106.214
106.214
106.214
106.214
106.214
106.214
106.214
106.214
106.214
106.214
106.214
106.214
106.214
106.214
106.214
106.214
106.214
106.214
106.214
106.214
106.214
106.214
106.214
106.214
106.214
106.214
106.214
106.214
106.214
106.214
106.214
106.214
106.214
106.214
106.214
106.214
106.214
106.214
106.214
106.214
106.214
106.214
106.214
106.214
106.214
106.214
106.214
106.214
106.214
106.214
106.214
106.214
106.214
106.214
106.214
106.214
106.214
106.214
106.214
106.214
106.214
106.214
106.214
106.214
106.214
106.214
106.214
106.214
106.214
106.214
106.214
106.214
106.214
106.214
106.214
106.214
106.214
106.214
106.214
106.214
106.214
106.214
106.214
106.214
106.214
106.214
106.214
106.214
106.214
106.214
106.214
106.214
106.214
106.214
106.214
106.214
106.214
106.214
106.214
106.214
106.214
106.214
106.214
106.214
106.214
106.214
106.214
106.214
106.214
106.214
106.214
106.214
106.214
106.214
106.214
106.214
106.214
106.214
106.214
106.214
106.214
106.214
105.728
105.728
105.728
105.728
105.728
105.728
105.728
105.728
105.728
105.728
105.728
105.728
105.728
105.728
105.728
105.728
105.728
105.728
105.728
105.728
105.728
105.728
105.728
105.728
105.728
105.728
105.728
105.728
105.728
105.728
105.728
105.728
105.728
105.728
105.728
105.728
105.728
105.728
105.728
105.728
105.728
105.728
105.728
105.728
105.728
105.728
105.728
105.728
105.728
105.728
105.728
105.728
105.728
105.728
105.728
105.728
105.728
105.728
105.728
105.728
105.728
105.728
105.728
105.728
105.728
105.728
105.728
105.728
105.728
105.728
105.728
105.728
105.728
105.728
105.728
105.728
105.728
105.728
105.728
105.728
105.728
105.728
105.728
105.728
105.728
105.728
105.728
105.728
105.728
105.728
105.728
105.728
105.728
105.728
105.728
105.728
105.728
105.728
105.728
105.728
105.728
105.728
105.728
105.728
105.728
105.728
105.728
105.728
105.728
105.728
105.728
105.728
105.728
105.728
105.728
105.728
105.728
105.728
105.728
105.728
105.728
105.728
105.728
105.728
105.728
105.728
105.728
105.728
105.728
105.728
105.728
105.728
105.728
105.728
105.728
105.728
105.728
105.728
105.728
105.728
105.728
105.728
105.728
105.728
105.728
105.728
105.728
105.728
105.728
105.728
105.728
105.728
105.728
105.728
105.728
105.728
105.728
105.728
105.728
105.728
105.728
105.728
105.728
105.728
105.728
105.728
105.728
105.728
105.728
105.728
105.728
105.728
105.728
105.728
105.728
105.728
105.728
105.728
105.728
105.728
105.728
105.728
105.728
105.728
105.728
105.728
105.728
105.728
105.728
105.728
105.728
105.728
105.728
105.728
105.728
105.728
105.728
105.728
105.728
105.728
105.728
105.728
105.728
105.728
105.728
105.728
105.728
105.728
105.728
105.728
105.728
105.728
105.728
105.728
105.728
105.728
105.728
105.728
105.728
105.728
105.728
105.728
105.728
105.728
105.728
105.728
105.728
105.728
105.728
105.728
105.728
105.728
105.728
105.728
105.728
105.728
105.728
105.728
105.728
105.728
105.728
105.728
105.728
105.728
105.728
105.728
105.728
105.728
105.728
105.728
105.728
105.728
105.728
105.728
105.728
105.728
105.728
105.728
105.728
105.728
105.728
105.728
105.728
105.728
105.728
105.728
105.728
105.728
105.728
105.728
105.728
105.728
105.728
105.728
105.728
105.728
105.728
105.728
105.728
105.728
105.728
105.728
105.728
105.728
105.728
105.728
105.728
105.728
105.728
105.728
105.728
105.728
105.728
105.728
105.728
105.728
105.728
105.728
105.728
105.728
105.728
105.728
105.728
105.728
105.728
105.728
105.728
105.728
105.728
105.728
105.728
105.728
105.728
105.728
105.728
105.728
105.728
105.728
105.728
105.728
105.728
105.728
105.728
105.728
105.728
105.728
105.728
105.728
105.728
105.728
105.728
105.728
105.728
105.728
105.728
105.728
105.728
105.728
105.728
105.728
105.728
105.728
105.728
105.728
105.728
105.728
105.728
105.728
105.728
105.728
105.728
105.728
105.728
105.728
105.728
105.728
105.728
105.728
105.728
105.728
105.728
105.728
105.728
105.728
105.728
105.728
105.728
105.728
105.728
105.728
105.728
105.728
105.728
105.728
105.728
105.728
105.728
105.728
105.728
105.728
105.728
105.728
105.728
105.728
105.728
105.728
105.728
105.728
105.728
105.728
105.728
105.728
105.728
105.728
105.728
105.728
105.728
105.728
105.728
105.728
105.728
105.728
105.728
105.728
105.728
105.728
105.728
105.728
105.728
105.728
105.728
105.728
105.728
105.728
105.728
105.728
105.728
105.728
105.728
105.728
105.728
105.728
105.728
105.728
105.728
105.728
105.728
105.728
105.728
105.728
105.728
105.728
105.728
105.728
105.728
105.728
105.728
105.728
105.728
105.728
105.728
105.728
105.728
105.728
105.728
105.728
105.728
105.728
105.728
105.728
105.728
105.728
105.728
105.728
105.728
105.728
105.728
105.728
105.728
105.728
105.728
105.728
105.728
105.728
105.728
105.728
105.728
105.728
105.728
105.728
105.728
105.728
105.728
105.728
105.728
105.728
105.728
105.728
105.728
105.728
105.728
105.728
105.728
105.728
105.728
105.728
105.728
105.728
105.728
105.728
105.728
105.728
105.728
105.728
105.728
105.728
105.728
105.728
105.728
105.728
105.728
105.728
105.728
105.728
105.728
105.728
105.728
105.728
105.728
105.728
105.728
105.728
105.728
105.728
105.728
105.728
105.728
105.728
105.728
105.728
105.728
105.728
105.728
105.728
105.728
105.728
105.728
105.728
105.728
105.728
105.728
105.728
105.728
105.728
105.728
105.728
105.728
105.728
105.728
105.728
105.728
105.728
105.728
105.728
105.728
105.728
105.728
105.728
105.728
105.728
105.728
105.728
105.728
105.728
105.728
105.728
105.728
105.728
105.728
105.728
105.728
105.728
105.728
105.728
105.728
105.728
105.728
105.728
105.728
105.728
105.728
105.728
105.728
105.728
105.728
105.728
105.728
105.728
105.728
105.728
105.728
105.728
105.728
105.728
105.728
105.728
105.728
105.728
105.728
105.728
105.728
105.728
105.728
105.728
105.728
105.728
105.728
105.728
105.728
105.728
105.728
105.728
105.728
105.728
105.728
105.728
105.728
105.728
105.728
105.728
105.728
105.728
105.728
105.728
105.728
105.728
105.728
105.728
105.728
105.728
105.728
105.728
105.728
105.728
105.728
105.728
105.728
105.728
105.728
105.728
105.728
105.728
105.728
105.728
105.728
105.728
105.728
105.728
105.728
105.728
105.728
105.728
105.728
105.728
105.728
105.728
105.728
105.728
105.728
105.728
105.728
105.728
105.728
105.728
105.728
105.728
105.728
105.728
105.728
105.728
105.728
105.728
105.728
105.728
105.728
105.728
105.728
105.728
105.728
105.728
105.728
105.728
105.728
105.728
105.728
105.728
105.728
105.728
105.728
105.728
105.728
105.728
105.728
105.728
105.728
105.728
105.728
105.728
105.728
105.728
105.728
105.728
105.728
105.728
105.728
105.728
105.728
105.728
105.728
105.728
105.728
105.728
105.728
105.728
105.728
105.728
105.728
105.728
105.728
105.728
105.728
105.728
105.728
105.728
105.728
105.728
105.728
105.728
105.728
105.728
105.728
105.728
105.728
105.728
105.728
105.728
105.728
105.728
105.728
105.728
105.728
105.728
105.728
105.728
105.728
105.728
105.728
105.728
105.728
105.728
105.728
105.728
105.728
105.728
105.728
105.728
105.728
105.728
105.728
105.728
105.728
105.728
105.728
105.728
105.728
105.728
105.728
105.728
105.728
105.728
105.728
105.728
105.728
105.728
105.728
105.728
105.728
105.728
105.728
105.728
105.728
105.728
105.728
105.728
105.728
105.728
105.728
105.728
105.728
105.728
105.728
105.728
105.728
105.728
105.728
105.728
105.728
105.728
105.728
105.728
105.728
105.728
105.728
105.728
105.728
105.728
105.728
105.728
105.728
105.728
105.728
105.728
105.728
105.728
105.728
105.728
105.728
105.728
105.728
105.728
105.728
105.728
105.728
105.728
105.728
105.728
105.728
105.728
105.728
105.728
105.728
105.728
105.728
105.728
105.728
105.728
105.728
105.728
105.728
105.728
105.728
105.728
105.728
105.728
105.728
105.728
105.728
105.728
105.728
105.728
105.728
105.728
105.728
105.728
105.728
105.728
105.728
105.728
105.728
105.728
105.728
105.728
105.728
105.728
105.728
105.728
105.728
105.728
105.728
105.728
105.728
105.728
105.728
105.728
105.728
105.728
105.728
105.728
105.728
105.728
105.728
105.728
105.728
105.728
105.728
105.728
105.728
105.728
105.728
105.728
105.728
105.728
105.728
105.728
105.728
105.728
105.728
105.728
105.728
105.728
105.728
105.728
105.728
105.728
105.728
105.728
105.728
105.728
105.728
105.728
105.728
105.728
105.728
105.728
105.728
105.728
105.728
105.728
105.728
105.728
105.728
105.728
105.728
105.728
105.728
105.728
105.728
105.728
105.728
105.728
105.728
105.728
105.728
105.728
105.728
105.554
105.554
105.554
105.554
105.554
105.554
105.554
105.554
105.554
105.554
105.554
105.554
105.554
105.554
105.554
105.554
105.554
105.554
105.554
105.554
105.554
105.554
105.554
105.554
105.554
105.554
105.554
105.554
105.554
105.554
105.554
105.554
105.554
105.554
105.554
105.554
105.554
105.554
105.554
105.554
105.554
105.554
105.554
105.554
105.554
105.554
105.554
105.554
105.554
105.554
105.554
105.554
105.554
105.554
105.554
105.554
105.554
105.554
105.554
105.554
105.554
105.554
105.554
105.554
105.554
105.554
105.554
105.554
105.554
105.554
105.554
105.554
105.554
105.554
105.554
105.554
105.554
105.554
105.554
105.554
105.554
105.554
105.554
105.554
105.554
105.554
105.554
105.554
105.554
105.554
105.554
105.554
105.554
105.554
105.554
105.554
105.554
105.554
105.554
105.554
105.554
105.554
105.554
105.554
105.554
105.554
105.554
105.554
105.554
105.554
105.554
105.554
105.554
105.554
105.554
105.554
105.554
105.554
105.554
105.554
105.554
105.554
105.554
105.554
105.554
105.554
105.554
105.554
105.554
105.554
105.554
105.554
105.554
105.554
105.554
105.554
105.554
105.554
105.554
105.554
105.554
105.554
105.554
105.554
105.554
105.554
105.554
105.554
105.554
105.554
105.554
105.554
105.554
105.554
105.554
105.554
105.554
105.554
105.554
105.554
105.554
105.554
105.554
105.554
105.554
105.554
105.554
105.554
105.554
105.554
105.554
105.554
105.554
105.554
105.554
105.554
105.554
105.554
105.554
105.554
105.554
105.554
105.554
105.554
105.554
105.554
105.554
105.554
105.554
105.554
105.554
105.554
105.554
105.554
105.554
105.554
105.554
105.554
105.554
105.554
105.554
105.554
105.554
105.554
105.554
105.554
105.554
105.554
105.554
105.554
105.554
105.554
105.554
105.554
105.554
105.554
105.554
105.554
105.554
105.554
105.554
105.554
105.554
105.554
105.554
105.554
105.554
105.554
105.554
105.554
105.554
105.554
105.554
105.554
105.554
105.554
105.554
105.554
105.554
105.554
105.554
105.554
105.554
105.554
105.554
105.554
105.554
105.554
105.554
105.554
105.554
105.554
105.554
105.554
105.554
105.554
105.554
105.554
105.554
105.554
105.554
105.554
105.554
105.554
105.554
105.554
105.554
105.554
105.554
105.554
105.554
105.554
105.554
105.554
105.554
105.554
105.554
105.554
105.554
105.554
105.554
105.554
105.554
105.554
105.554
105.554
105.554
105.554
105.554
105.554
105.554
105.554
105.554
105.554
105.554
105.554
105.554
105.554
105.554
105.554
105.554
105.554
105.554
105.554
105.554
105.554
105.554
105.554
105.554
105.554
105.554
105.554
105.554
105.554
105.554
105.554
105.554
105.554
105.554
105.554
105.554
105.554
105.554
105.554
105.554
105.554
105.554
105.554
105.554
105.554
105.554
105.554
105.554
105.554
105.554
105.554
105.554
105.554
105.554
105.554
105.554
105.554
105.554
105.554
105.554
105.554
105.554
105.554
105.554
105.554
105.554
105.554
105.554
105.554
105.554
105.554
105.554
105.554
105.554
105.554
105.554
105.554
105.554
105.554
105.554
105.554
105.554
105.554
105.554
105.554
105.554
105.554
105.554
105.554
105.554
105.554
105.554
105.554
105.554
105.554
105.554
105.554
105.554
105.554
105.554
105.554
105.554
105.554
105.554
105.554
105.554
105.554
105.554
105.554
105.554
105.554
105.554
105.554
105.554
105.554
105.554
105.554
105.554
105.554
105.554
105.554
105.554
105.554
105.554
105.554
105.554
105.554
105.554
105.554
105.554
105.554
105.554
105.554
105.554
105.554
105.554
105.554
105.554
105.554
105.554
105.554
105.554
105.554
105.554
105.554
105.554
105.554
105.554
105.554
105.554
105.554
105.554
105.554
105.554
105.554
105.554
105.554
105.554
105.554
105.554
105.554
105.554
105.554
105.554
105.554
105.554
105.554
105.554
105.554
105.554
105.554
105.554
105.554
105.554
105.554
105.554
105.554
105.554
105.554
105.554
105.554
105.554
105.554
105.554
105.554
105.554
105.554
105.554
105.554
105.554
105.554
105.554
105.554
105.554
105.554
105.554
105.554
105.554
105.554
105.554
105.554
105.554
105.554
105.554
105.554
105.554
105.554
105.554
105.554
105.554
105.554
105.554
105.554
105.554
105.554
105.554
105.554
105.554
105.554
105.554
105.554
105.554
105.554
105.554
105.554
105.554
105.554
105.554
105.554
105.554
105.554
105.554
105.554
105.554
105.554
105.554
105.554
105.554
105.554
105.554
105.554
105.554
105.554
105.554
105.554
105.554
105.554
105.554
105.554
105.554
105.554
105.554
105.554
105.554
105.554
105.554
105.554
105.554
105.554
105.554
105.554
105.554
105.554
105.554
105.554
105.554
105.554
105.554
105.554
105.554
105.554
105.554
105.554
105.554
105.554
105.554
105.554
105.554
105.554
105.554
105.554
105.554
105.554
105.554
105.554
105.554
105.554
105.554
105.554
105.554
105.554
105.554
105.554
105.554
105.554
105.554
105.554
105.554
105.554
105.554
105.554
105.554
105.554
105.554
105.554
105.554
105.554
105.554
105.554
105.554
105.554
105.554
105.554
105.554
105.554
105.554
105.554
105.554
105.554
105.554
105.554
105.554
105.554
105.554
105.554
105.554
105.554
105.554
105.554
105.554
105.554
105.554
105.554
105.554
105.554
105.554
105.554
105.554
105.554
105.554
105.554
105.554
105.554
105.554
105.554
105.554
105.554
105.554
105.554
105.554
105.554
105.554
105.554
105.554
105.554
105.554
105.554
105.554
105.554
105.554
105.554
105.554
105.554
105.554
105.554
105.554
105.554
105.554
105.554
105.554
105.554
105.554
105.554
105.554
105.554
105.554
105.554
105.554
105.554
105.554
105.554
105.554
105.554
105.554
105.554
105.554
105.554
105.554
105.554
105.554
105.554
105.554
105.554
105.554
105.554
105.554
105.554
105.554
105.554
105.554
105.554
105.554
105.554
105.554
105.554
105.554
105.554
105.554
105.554
105.554
105.554
105.554
105.554
105.554
105.554
105.554
105.554
105.554
105.554
105.554
105.554
105.554
105.554
105.554
105.554
105.554
105.554
105.554
105.554
105.554
105.554
105.554
105.554
105.554
105.554
105.554
105.554
105.554
105.554
105.554
105.554
105.554
105.554
105.554
105.554
105.554
105.554
105.554
105.554
105.554
105.554
105.554
105.554
105.554
105.554
105.554
105.554
105.554
105.554
105.554
105.554
105.554
105.554
105.554
105.554
105.554
105.554
105.554
105.554
105.554
105.554
105.554
105.554
105.554
105.554
105.554
105.554
105.554
105.554
105.554
105.554
105.554
105.554
105.554
105.554
105.554
105.554
105.554
105.554
105.554
105.554
105.554
105.554
105.554
105.554
105.554
105.554
105.554
105.554
105.554
105.554
105.554
105.554
105.554
105.554
105.554
105.554
105.554
105.554
105.554
105.554
105.554
105.554
105.554
105.554
105.554
105.554
105.554
105.554
105.554
105.554
105.554
105.554
105.554
105.554
105.554
105.554
105.554
105.554
105.554
105.554
105.554
105.554
105.554
105.554
105.554
105.554
105.554
105.554
105.554
105.554
105.554
105.554
105.554
105.554
105.554
105.554
105.554
105.554
105.554
105.554
105.554
105.554
105.554
105.554
105.554
105.554
105.554
105.554
105.554
105.554
105.554
105.554
105.554
105.554
105.554
105.554
105.554
105.554
105.554
105.554
105.554
105.554
105.554
105.554
105.554
105.554
105.554
105.554
105.554
105.554
105.554
105.554
105.554
105.554
105.554
105.554
105.554
105.554
105.554
105.554
105.554
105.554
105.554
105.554
105.554
105.554
105.554
105.554
105.554
105.554
105.554
105.554
105.554
105.554
105.554
105.554
105.554
105.554
105.554
105.554
105.554
105.554
105.554
105.554
105.554
105.554
105.554
105.554
105.554
105.554
105.554
105.554
105.554
105.554
105.554
105.554
105.554
105.554
105.554
105.554
105.554
105.554
105.554
105.554
105.554
105.554
105.554
105.554
105.554
105.554
105.554
105.554
105.554
105.554
105.554
105.554
105.554
105.554
105.554
105.554
105.554
105.554
105.554
105.554
105.554
105.554
105.554
105.554
105.554
105.554
105.554
105.554
105.554
105.554
105.554
105.554
105.554
105.554
105.554
105.554
105.554
105.554
105.554
105.554
105.554
105.554
105.554
105.554
105.554
105.554
105.554
105.554
105.554
105.554
105.554
105.554
105.554
105.554
105.554
105.554
105.554
105.554
105.554
105.554
105.554
105.554
105.554
105.554
105.554
105.554
105.554
105.554
105.554
105.554
105.554
105.554
105.554
105.554
105.554
105.554
105.554
105.554
105.554
105.554
105.554
105.554
105.554
105.554
105.554
105.554
105.554
105.554
105.554
105.554
105.554
105.554
105.554
105.554
105.554
105.554
105.554
105.554
105.554
105.554
105.554
105.554
105.554
105.554
105.554
105.554
105.554
105.554
105.554
105.554
105.554
105.554
105.554
105.554
105.554
105.554
105.554
105.554
105.554
105.554
105.554
105.554
105.554
105.554
105.554
105.554
105.554
105.554
105.554
105.554
105.554
105.554
105.554
105.554
105.554
105.554
105.554
105.554
105.554
105.554
105.554
105.554
105.554
105.554
105.554
105.554
105.554
105.554
105.554
105.554
105.554
105.554
105.554
105.554
105.554
105.554
105.554
105.554
105.554
105.554
105.554
105.554
105.554
105.554
105.554
105.554
105.554
105.554
105.554
105.554
105.554
105.554
105.554
105.554
105.554
105.554
105.554
105.554
105.554
105.554
105.554
105.554
105.554
105.554
105.554
105.554
105.554
105.554
105.554
105.554
105.554
105.554
105.554
105.554
105.554
105.554
105.554
105.554
105.554
105.554
105.554
105.554
105.554
105.554
105.554
105.554
105.554
105.554
105.554
105.554
105.554
105.554
105.554
105.554
105.554
105.554
105.554
105.554
105.554
105.554
105.554
105.554
105.554
105.554
105.554
105.554
105.554
105.554
105.554
105.554
105.554
105.554
105.554
105.554
105.554
105.554
105.554
105.554
105.554
105.554
105.554
105.554
105.554
105.554
105.554
105.554
105.554
105.554
105.554
105.554
105.554
105.554
105.554
105.554
105.554
105.554
105.554
105.554
105.554
105.554
105.554
105.554
105.554
105.554
105.554
105.554
105.554
105.554
105.554
105.554
105.554
105.554
105.554
105.554
105.554
105.554
105.554
105.554
105.554
105.554
105.554
105.554
105.554
105.554
105.554
105.554
105.554
105.554
105.554
105.554
105.554
105.554
105.554
105.554
105.554
105.554
105.554
105.554
105.554
105.554
105.554
105.554
105.554
105.554
105.554
105.554
105.554
105.554
105.554
105.554
105.554
105.554
105.554
105.554
105.554
105.554
105.554
105.554
105.554
105.554
105.554
105.554
105.554
105.554
105.554
105.554
105.554
105.554
105.554
105.554
105.554
105.554
105.554
105.554
105.554
105.554
105.554
105.554
105.554
105.554
105.554
105.554
105.554
105.554
105.554
105.554
105.554
105.554
105.554
105.554
105.554
105.554
105.554
105.554
105.554
105.554
105.554
105.554
105.554
105.554
105.554
105.554
105.554
105.554
105.554
105.554
105.554
105.554
105.554
105.554
105.554
105.554
105.554
105.554
105.554
105.554
105.554
105.554
105.554
105.554
105.554
105.554
105.554
105.554
105.554
105.554
105.554
105.554
105.554
105.554
105.554
105.554
105.554
105.554
105.554
105.554
105.554
105.554
105.554
105.554
105.554
105.554
105.554
105.554
105.554
105.554
105.554
105.554
105.554
105.554
105.554
105.554
105.554
105.554
105.554
105.554
105.554
105.554
105.554
105.554
105.554
105.554
105.554
105.554
105.554
105.554
105.554
105.554
105.554
105.554
105.554
105.554
105.554
105.554
105.554
105.554
105.554
105.554
105.554
105.554
105.554
105.554
105.554
105.554
105.554
105.554
105.554
105.554
105.554
105.554
105.554
105.554
105.554
105.554
105.554
105.554
105.554
105.554
105.554
105.554
105.554
105.554
105.554
105.554
105.554
105.554
105.554
105.554
105.554
105.554
105.554
105.554
105.554
105.554
105.554
105.554
105.554
105.554
105.554
105.554
105.554
105.554
105.554
105.554
105.554
105.554
105.554
105.554
105.554
105.554
105.554
105.554
105.554
105.554
105.554
105.554
105.554
105.554
105.554
105.554
105.554
105.554
105.554
105.554
105.554
105.554
105.554
105.554
105.554
105.554
105.554
105.554
105.554
105.554
105.554
105.554
105.554
105.554
105.554
105.554
105.554
105.554
105.554
105.554
105.554
105.554
105.554
105.554
105.554
105.554
105.554
105.554
105.554
105.554
105.554
105.554
105.554
105.554
105.554
105.554
105.554
105.554
105.554
105.554
105.554
105.554
105.554
105.554
105.554
105.554
105.554
105.554
105.554
105.554
105.554
105.554
105.554
105.554
105.554
105.554
105.554
105.554
105.554
105.554
105.554
105.554
105.554
105.554
105.554
105.554
105.554
105.554
105.554
105.554
105.554
105.554
105.554
105.554
105.554
105.554
105.554
105.554
105.554
105.554
105.554
105.554
105.554
105.554
105.554
105.554
105.554
105.554
105.554
105.554
105.554
105.554
105.554
105.554
105.554
105.554
105.554
105.554
105.554
105.554
105.554
105.554
105.554
105.554
105.554
105.554
105.554
105.554
105.554
105.554
105.554
105.554
105.554
105.554
105.554
105.554
105.554
105.554
105.554
105.554
105.554
105.554
105.554
105.554
105.554
105.554
105.554
105.554
105.554
105.554
105.554
105.554
105.554
105.554
105.554
105.554
105.554
105.554
105.554
105.554
105.554
105.554
105.554
105.554
105.554
105.554
105.554
105.554
105.554
105.554
105.554
105.554
105.554
105.554
105.554
105.554
105.554
105.554
105.554
105.554
105.554
105.554
105.554
105.554
105.554
105.554
105.554
105.554
105.554
105.554
105.554
105.554
105.554
105.554
105.554
105.554
105.554
105.554
105.554
105.554
105.554
105.554
105.554
105.554
105.554
105.554
105.554
105.554
105.554
105.554
105.554
105.554
105.554
105.554
105.554
105.554
105.554
105.554
105.554
105.554
105.554
105.554
105.554
105.554
105.554
105.554
105.554
105.554
105.554
105.554
105.554
105.554
105.554
105.554
105.554
105.554
105.554
105.554
105.554
105.554
105.554
105.554
105.554
105.554
105.554
105.554
105.554
105.554
105.554
105.554
105.554
105.554
105.554
105.554
105.554
105.554
105.554
105.554
105.554
105.554
105.554
105.554
105.554
105.554
105.554
105.554
105.554
105.554
105.554
105.554
105.554
105.554
105.554
105.554
105.554
105.554
105.554
105.554
105.554
105.554
105.554
105.554
105.554
105.554
105.554
105.554
105.554
105.554
105.554
105.554
105.554
105.554
105.554
105.554
105.554
105.554
105.554
105.554
105.554
105.554
105.554
105.554
105.554
105.554
105.554
105.554
105.554
105.554
105.554
105.554
105.554
105.554
105.554
105.554
105.554
105.554
105.554
105.554
105.554
105.554
105.554
105.554
105.554
105.554
105.554
105.554
105.554
105.554
105.554
105.554
105.554
105.554
105.554
105.554
105.554
105.554
105.554
105.554
105.554
105.554
105.554
105.554
105.554
105.554
105.554
105.554
105.554
105.554
105.554
105.554
105.554
105.554
105.554
105.554
105.554
105.554
105.554
105.554
105.554
105.554
105.554
105.554
105.554
105.554
105.554
105.554
105.554
105.554
105.554
105.554
105.554
105.554
105.554
105.554
105.554
105.554
105.554
105.554
105.554
105.554
105.554
105.554
105.554
105.554
105.554
105.554
105.554
105.554
105.554
105.554
105.554
105.554
105.554
105.554
105.554
105.554
105.554
105.554
105.554
105.554
105.554
105.554
105.554
105.554
105.554
105.554
105.554
105.554
105.554
105.554
105.554
105.554
105.554
105.554
105.554
105.554
105.554
105.554
105.554
105.554
105.554
105.554
105.554
105.554
105.554
105.554
105.554
105.554
105.554
105.554
105.554
105.554
105.554
105.554
105.554
105.554
105.554
105.554
105.554
105.554
105.554
105.554
105.554
105.554
105.554
105.554
105.554
105.554
105.554
105.554
105.554
105.554
105.554
105.554
105.554
105.554
105.554
105.554
105.554
105.554
105.554
105.554
105.554
105.554
105.554
105.554
105.554
105.554
105.554
105.554
105.554
105.554
105.554
105.554
105.554
105.554
105.554
105.554
105.554
105.554
105.554
105.554
105.554
105.554
105.554
105.554
105.554
105.554
105.554
105.554
105.554
105.554
105.554
105.554
105.554
105.554
105.554
105.554
105.554
105.554
105.554
105.554
105.554
105.554
105.554
105.554
105.554
105.554
105.554
105.554
105.554
105.554
105.554
105.554
105.554
105.554
105.554
105.554
105.554
105.554
105.554
105.554
105.554
105.554
105.554
105.554
105.554
105.554
105.554
105.554
105.554
105.554
105.554
105.554
105.554
105.554
105.554
105.554
105.554
105.554
105.554
105.554
105.554
105.554
105.554
105.554
105.554
105.554
105.554
105.554
105.554
105.554
105.554
105.554
105.554
105.554
105.554
105.554
105.554
105.554
105.554
105.554
105.554
105.554
105.554
105.554
105.554
105.554
105.554
105.554
105.554
105.554
105.554
105.554
105.554
105.554
105.554
105.554
105.554
105.554
105.554
105.554
105.554
105.554
105.554
105.554
105.554
105.554
105.554
105.554
105.554
105.554
105.554
105.554
105.554
105.554
105.554
105.554
105.554
105.554
105.554
105.554
105.554
105.554
105.554
105.554
105.554
105.554
105.554
105.554
105.554
105.554
105.554
105.554
105.554
105.554
105.554
105.554
105.554
105.554
105.554
105.554
105.554
105.554
105.554
105.554
105.554
105.554
105.554
105.554
105.554
105.554
105.554
105.554
105.554
105.554
105.554
105.554
105.554
105.554
105.554
105.554
105.554
105.554
105.554
105.554
105.554
105.554
105.554
105.554
105.554
105.554
105.554
105.554
105.554
105.554
105.554
105.554
105.554
105.554
105.554
105.554
105.554
105.554
105.554
105.554
105.554
105.554
105.554
105.554
105.554
105.554
105.554
105.554
105.554
105.554
105.554
105.554
105.554
105.554
105.554
105.554
105.554
105.554
105.554
105.554
105.554
105.554
105.554
105.554
105.554
105.554
105.554
105.554
105.554
105.554
105.554
105.554
105.554
105.554
105.554
105.554
105.554
105.554
105.554
105.554
105.554
105.554
105.554
105.554
105.554
105.554
105.554
105.554
105.554
105.554
105.554
105.554
105.324
105.324
105.324
105.324
105.324
105.324
105.324
105.324
105.324
105.324
105.324
105.324
104.727
104.727
104.727
104.727
104.727
104.727
104.727
104.727
104.727
104.727
104.727
104.727
104.727
104.727
104.727
104.727
104.727
104.727
104.727
104.727
104.727
104.727
104.727
104.727
104.727
104.727
104.727
104.727
104.727
104.727
104.727
104.727
104.727
104.461
104.461
104.461
104.402
104.402
104.402
104.402
104.402
104.402
104.147
104.147
104.147
104.147
104.147
104.147
104.147
104.147
104.147
104.147
104.147
104.147
104.147
104.147
104.147
104.147
104.147
104.147
104.147
104.147
104.147
104.147
104.147
104.147
104.147
104.147
104.147
104.147
104.147
104.147
104.147
104.147
104.147
104.147
104.147
104.147
104.147
104.147
104.147
104.147
104.147
104.147
104.147
104.147
104.147
104.147
104.147
104.147
104.147
104.147
104.147
104.147
104.147
104.147
104.147
104.147
104.147
104.147
104.147
104.147
104.147
104.147
104.147
104.147
104.147
104.147
104.147
104.147
104.147
104.147
104.147
104.147
104.147
104.147
104.147
104.147
104.147
104.147
104.147
104.147
104.147
104.147
104.147
104.147
104.147
104.147
104.147
104.147
104.147
103.395
103.395
103.395
103.395
103.395
103.395
103.395
103.395
103.395
103.395
103.395
103.395
103.395
103.395
103.395
103.395
103.395
103.395
103.395
103.395
103.395
103.395
103.395
103.395
103.395
103.395
103.395
103.395
103.395
103.395
103.395
103.395
103.395
103.395
103.395
103.395
103.395
103.395
103.395
103.395
103.395
103.395
103.395
103.395
103.395
103.395
103.395
103.395
103.395
103.395
103.395
103.395
103.395
103.395
103.395
103.395
103.395
103.395
103.395
103.395
103.395
103.395
103.395
103.378
103.378
103.378
103.378
103.378
103.378
103.378
103.378
103.378
103.378
103.378
103.378
103.378
103.378
103.378
103.378
103.378
103.378
103.378
103.378
103.378
103.378
103.378
103.378
103.378
103.378
103.378
103.378
103.378
103.378
103.378
103.378
103.378
103.378
103.378
103.378
103.378
103.242
103.242
103.242
103.242
103.242
103.242
103.242
103.242
103.242
103.242
103.242
103.242
103.242
103.242
103.242
103.242
103.242
103.242
103.242
103.242
103.242
103.242
103.242
103.242
103.242
103.242
103.242
103.242
103.242
103.242
103.242
103.242
103.242
103.242
103.242
103.242
103.242
103.242
103.242
103.242
103.242
103.242
103.242
103.242
103.242
103.242
103.242
103.242
103.242
103.242
103.242
103.242
103.242
103.242
103.242
103.242
103.242
103.242
103.102
103.102
103.102
103.102
103.102
103.102
103.102
103.102
103.102
103.102
103.102
103.102
103.102
103.102
103.102
103.102
103.102
103.102
103.102
103.102
103.102
103.102
103.102
103.102
103.102
103.102
103.102
103.102
103.102
103.102
103.102
103.102
103.102
103.102
103.102
103.102
103.102
103.102
103.102
103.102
103.102
103.102
103.102
103.102
103.102
103.102
103.102
103.102
103.102
103.102
103.102
103.102
103.102
103.102
103.102
103.102
103.102
103.102
103.102
103.102
103.102
103.102
103.102
103.102
103.102
103.102
103.102
103.102
103.102
103.102
103.102
103.102
103.102
103.102
103.102
103.102
103.102
103.102
103.102
103.102
103.102
103.102
103.102
103.102
103.102
103.102
103.102
103.102
103.102
103.102
103.102
103.102
103.102
103.102
103.102
103.102
103.102
103.102
103.102
103.102
103.102
103.102
103.102
103.102
103.102
103.102
103.102
103.102
103.102
103.102
103.102
103.102
103.102
103.102
103.102
103.102
103.102
103.102
103.102
103.102
103.102
103.102
103.102
103.102
103.102
103.102
103.102
103.102
103.102
103.102
103.102
103.102
103.102
103.102
103.102
103.102
103.102
103.102
103.102
103.102
103.102
103.102
103.102
103.102
103.102
103.102
103.102
103.102
103.102
103.102
103.102
103.102
103.102
103.102
103.102
103.102
103.102
103.102
103.102
103.102
103.102
103.102
103.102
103.102
103.102
103.102
103.102
103.102
103.102
103.102
103.102
103.102
103.102
103.102
103.102
103.102
103.102
103.102
103.102
103.102
103.102
103.102
103.102
103.102
103.102
103.102
103.102
103.102
103.102
103.102
103.102
103.102
103.102
103.102
103.102
103.102
103.102
103.102
103.102
103.102
103.102
103.102
103.102
103.102
103.102
103.102
103.102
103.102
103.102
103.102
103.102
103.102
103.102
103.102
103.102
103.102
103.102
103.102
103.102
103.102
103.102
103.102
103.102
103.102
103.102
103.102
103.102
103.102
103.102
103.102
103.102
103.102
103.102
103.102
103.102
103.102
103.102
103.102
103.102
103.102
103.102
103.102
103.102
103.102
103.102
103.102
103.102
103.102
103.102
103.102
103.102
103.102
103.102
103.102
103.102
103.102
103.102
103.102
103.102
103.102
103.102
103.102
103.102
103.102
103.102
103.102
103.102
103.102
103.102
103.102
103.102
103.102
103.102
103.102
103.102
103.102
103.102
103.102
103.102
103.102
103.102
103.102
103.102
103.102
103.102
103.102
103.102
103.102
103.102
103.102
103.102
103.102
103.102
103.102
103.102
103.102
103.102
103.102
103.102
103.102
103.102
103.102
103.102
103.102
103.102
103.102
103.102
103.102
103.102
103.102
103.102
103.102
103.102
103.102
103.102
103.102
103.102
103.102
103.102
103.102
103.102
103.102
103.102
103.102
103.102
103.102
103.102
103.102
103.102
103.102
103.102
103.102
103.102
103.102
103.102
103.102
103.102
103.102
103.102
103.102
103.102
103.102
103.102
103.102
103.102
103.102
103.102
103.102
103.102
103.102
103.102
103.102
103.102
103.102
103.102
103.102
103.102
103.102
103.102
103.102
103.102
103.102
103.102
103.102
103.102
103.102
103.102
103.102
103.102
103.102
103.102
103.102
103.102
103.102
103.102
103.102
103.102
103.102
103.102
103.102
103.102
103.102
103.102
103.102
103.102
103.102
103.102
103.102
103.102
103.102
103.102
103.102
103.102
103.102
103.102
103.102
103.102
103.102
103.102
103.102
103.102
103.102
103.102
103.102
103.102
103.102
103.102
103.102
103.102
103.102
103.102
103.102
103.102
103.102
103.102
103.102
103.102
103.102
103.102
103.102
103.102
103.102
103.102
103.102
103.102
103.102
103.102
103.102
103.102
103.102
103.102
103.102
103.102
103.102
103.102
103.102
103.102
103.102
103.102
103.102
103.102
103.102
103.102
103.102
103.102
103.102
103.102
103.102
103.102
103.102
103.102
103.102
103.102
103.102
103.102
103.102
103.102
103.102
103.102
103.102
103.102
103.102
103.102
103.102
103.102
103.102
103.102
103.102
103.102
103.102
103.102
103.102
103.102
103.102
103.102
103.102
103.102
103.102
103.102
103.102
103.102
103.102
103.102
103.102
103.102
103.102
103.102
103.102
103.102
103.102
103.102
103.102
103.102
103.102
103.102
103.102
103.102
103.102
103.102
103.102
103.102
103.102
103.102
103.102
103.102
103.102
103.102
103.102
103.102
103.102
103.102
103.102
103.102
103.102
103.102
103.102
103.102
103.102
103.102
103.102
103.102
103.102
103.102
103.102
103.102
103.102
103.102
103.102
103.102
103.102
103.102
103.102
103.102
103.102
103.102
103.102
103.102
103.102
103.102
103.102
103.102
103.102
103.102
103.102
103.102
103.102
103.102
103.102
103.102
103.102
103.102
103.102
103.102
103.102
103.102
103.102
103.102
103.102
103.102
103.102
103.102
103.102
103.102
103.102
103.102
103.102
103.102
103.102
103.102
103.102
103.102
103.102
103.102
103.102
103.102
103.102
103.102
103.102
103.102
103.102
103.102
103.102
103.102
103.102
103.102
103.102
103.102
103.102
103.102
103.102
103.102
103.102
103.102
103.102
103.102
103.102
103.102
103.102
103.102
103.102
103.102
103.102
103.102
103.102
103.102
103.102
103.102
103.102
103.102
103.102
103.102
103.102
103.102
103.102
103.102
103.102
103.102
103.102
103.102
103.102
103.102
103.102
103.102
103.102
103.102
103.102
103.102
103.102
103.102
103.102
103.102
103.102
103.102
103.102
103.102
103.102
103.102
103.102
103.102
103.102
103.102
103.102
103.102
103.102
103.102
103.102
103.102
103.102
103.102
103.102
103.102
103.102
103.102
103.102
103.102
103.102
103.102
103.102
103.102
103.102
103.102
103.102
103.102
103.102
103.102
103.102
103.102
103.102
103.102
103.102
103.102
103.102
103.102
103.102
103.102
103.102
103.102
103.102
103.102
103.102
103.102
103.102
103.102
103.102
103.102
103.102
103.102
103.102
103.102
103.102
103.102
103.102
103.102
103.102
103.102
103.102
103.102
103.102
103.102
103.102
103.102
103.102
103.102
103.102
103.102
103.102
103.102
103.102
103.102
103.102
103.102
103.102
103.102
103.102
103.102
103.102
103.102
103.102
103.102
103.102
103.102
103.102
103.102
103.102
103.102
103.102
103.102
103.102
103.102
103.102
103.102
103.102
103.102
103.102
103.102
103.102
103.102
103.102
103.102
103.102
103.102
103.102
103.102
103.102
103.102
103.102
103.102
103.102
103.102
103.102
103.102
103.102
103.102
103.102
103.102
103.102
103.102
103.102
103.102
103.102
103.102
103.102
103.102
103.102
103.102
103.102
103.102
103.102
103.102
103.102
103.102
103.102
103.102
103.102
103.102
103.102
103.102
103.102
103.102
103.102
103.102
103.102
103.102
103.102
103.102
103.102
103.102
103.102
103.102
103.102
103.102
103.102
103.102
103.102
103.102
103.102
103.102
103.102
103.102
103.102
103.102
103.102
103.102
103.102
103.102
103.102
103.102
103.102
103.102
103.102
103.102
103.102
103.102
103.102
103.102
103.102
103.102
103.102
103.102
103.102
103.102
103.102
103.102
103.102
103.102
103.102
103.102
103.102
103.102
103.102
103.102
103.102
103.102
103.102
103.102
103.102
103.102
103.102
103.102
103.102
103.102
103.102
103.102
103.102
103.102
103.102
103.102
103.102
103.102
103.102
103.102
103.102
103.102
103.102
103.102
103.102
103.102
103.102
103.102
103.102
103.102
103.102
103.102
103.102
103.102
103.102
103.102
103.102
103.102
103.102
103.102
103.102
103.102
103.102
103.102
103.102
103.102
103.102
103.102
103.102
103.102
103.102
103.102
103.102
103.102
103.102
103.102
103.102
103.102
103.102
103.102
103.102
103.102
103.102
103.102
103.102
103.102
103.102
103.102
103.102
103.102
103.102
103.102
103.102
103.102
103.102
103.102
103.102
103.102
103.102
103.102
103.102
103.102
103.102
103.102
103.102
103.102
103.102
103.102
103.102
103.102
103.102
103.102
103.102
103.102
103.102
103.102
103.102
103.102
103.102
103.102
103.102
103.102
103.102
103.102
103.102
103.102
103.102
103.102
103.102
103.102
103.102
103.102
103.102
103.102
103.102
103.102
103.102
103.102
103.102
103.102
103.102
103.102
103.102
103.102
103.102
103.102
103.102
103.102
103.102
103.102
103.102
103.102
103.102
103.102
103.102
103.102
103.102
103.102
103.102
103.102
103.102
103.102
103.102
103.102
103.102
103.102
103.102
103.102
103.102
103.102
103.102
103.102
103.102
103.102
103.102
103.102
103.102
103.102
103.102
103.102
103.102
103.102
103.102
103.102
103.102
103.102
103.102
103.102
103.102
103.102
103.102
103.102
103.102
103.102
103.102
103.102
103.102
103.102
103.102
103.102
103.102
103.102
103.102
103.102
103.102
103.102
103.102
103.102
103.102
103.102
103.102
103.102
103.102
103.102
103.102
103.102
103.102
103.102
103.102
103.102
103.102
103.102
103.102
103.102
103.102
103.102
103.102
103.102
103.102
103.102
103.102
103.102
103.102
103.102
103.102
103.102
103.102
103.102
103.102
103.102
103.102
103.102
103.102
103.102
103.102
103.102
103.102
103.102
103.102
103.102
103.102
103.102
103.102
103.102
103.102
103.102
103.102
103.102
103.102
103.102
103.102
103.102
103.102
103.102
103.102
103.102
103.102
103.102
103.102
103.102
103.102
103.102
103.102
103.102
103.102
103.102
103.102
103.102
103.102
103.102
103.102
103.102
103.102
103.102
103.102
103.102
103.102
103.102
103.102
103.102
103.102
103.102
103.102
103.102
103.102
103.102
103.102
103.102
103.102
103.102
103.102
103.102
103.102
103.102
103.102
103.102
103.102
103.102
103.102
103.102
103.102
103.102
103.102
103.102
103.102
103.102
103.102
103.102
103.102
103.102
103.102
103.102
103.102
103.102
103.102
103.102
103.102
103.102
103.102
103.102
103.102
103.102
103.102
103.102
103.102
103.102
103.102
103.102
103.102
103.102
103.102
103.102
103.102
103.102
103.102
103.102
103.102
103.102
103.102
103.102
103.102
103.102
103.102
103.102
103.102
103.102
103.102
103.102
103.102
103.102
103.102
103.102
103.102
103.102
103.102
103.102
103.102
103.102
103.102
103.102
103.102
103.102
103.102
103.102
103.102
103.102
103.102
103.102
103.102
103.102
103.102
103.102
103.102
103.102
103.102
103.102
103.102
103.102
103.102
103.102
103.102
103.102
103.102
103.102
103.102
103.102
103.102
103.102
103.102
103.102
103.102
103.102
103.102
103.102
103.102
103.102
103.102
103.102
103.102
103.102
103.102
103.102
103.102
103.102
103.102
103.102
103.102
103.102
103.102
103.102
103.102
103.102
103.102
103.102
103.102
103.102
103.102
103.102
103.102
103.102
103.102
103.102
103.102
103.102
103.102
103.102
103.102
103.102
103.102
103.102
103.102
103.102
103.102
103.102
103.102
103.102
103.102
103.102
103.102
103.102
103.102
103.102
103.102
103.102
103.102
103.102
103.102
103.102
103.102
103.102
103.102
103.102
103.102
103.102
103.102
103.102
103.102
103.102
103.102
103.102
103.102
103.102
103.102
103.102
103.102
103.102
103.102
103.102
103.102
103.102
103.102
103.102
103.102
103.102
103.102
103.102
103.102
103.102
103.102
103.102
103.102
103.102
103.102
103.102
103.102
103.102
103.102
103.102
103.102
103.102
103.102
103.102
103.102
103.102
103.102
103.102
103.102
103.102
103.102
103.102
103.102
103.102
103.102
103.102
103.102
103.102
103.102
103.102
103.102
103.102
103.102
103.102
103.102
103.102
103.102
103.102
103.102
103.102
103.102
103.102
103.102
103.102
103.102
103.102
103.102
103.102
103.102
103.102
103.102
103.102
103.102
103.102
103.102
103.102
103.102
103.102
103.102
103.102
103.102
103.102
103.102
103.102
103.102
103.102
103.102
103.102
103.102
103.102
103.102
103.102
103.102
103.102
103.102
103.102
103.102
103.102
103.102
103.102
103.102
103.102
103.102
103.102
103.102
103.102
103.102
103.102
103.102
103.102
103.102
103.102
103.102
103.102
103.102
103.102
103.102
103.102
103.102
103.102
103.102
103.102
103.102
103.102
103.102
103.102
103.102
103.102
103.102
103.102
103.102
103.102
103.102
103.102
103.102
103.102
103.102
103.102
103.102
103.102
103.102
103.102
103.102
103.102
103.102
103.102
103.102
103.102
103.102
103.102
103.102
103.102
103.102
103.102
103.102
103.102
103.102
103.102
103.102
103.102
103.102
103.102
103.102
103.102
103.102
103.102
103.102
103.102
103.102
103.102
103.102
103.102
103.102
103.102
103.102
103.102
103.102
103.102
103.102
103.102
103.102
103.102
103.102
103.102
103.102
103.102
103.102
103.102
103.102
103.102
103.102
103.102
103.102
103.102
103.102
103.102
103.102
103.102
103.102
103.102
103.102
103.102
103.102
103.102
103.102
103.102
103.102
103.102
103.102
103.102
103.102
103.102
103.102
103.102
103.102
103.102
103.102
103.102
103.102
103.102
103.102
103.102
103.102
103.102
103.102
103.102
103.102
103.102
103.102
103.102
103.102
103.102
103.102
103.102
103.102
103.102
103.102
103.102
103.102
103.102
103.102
103.102
103.102
103.102
103.102
103.102
103.102
103.102
103.102
103.102
103.102
103.102
103.102
103.102
103.102
103.102
103.102
103.102
103.102
103.102
103.102
103.102
103.102
103.102
103.102
103.102
103.102
103.102
103.102
103.102
103.102
103.102
103.102
103.102
103.102
103.102
103.102
103.102
103.102
103.102
103.102
103.102
103.102
103.102
103.102
103.102
103.102
103.102
103.102
103.102
103.102
103.102
103.102
103.102
103.102
103.102
103.102
103.102
103.102
103.102
103.102
103.102
103.102
103.102
103.102
103.102
103.102
103.102
103.102
103.102
103.102
103.102
103.102
103.102
103.102
103.102
103.102
103.102
103.102
103.102
103.102
103.102
103.102
103.102
103.102
103.102
101.686
101.686
101.686
101.686
101.686
101.686
101.686
101.686
101.686
101.686
101.686
101.686
101.686
101.686
101.686
101.686
101.686
101.686
101.686
101.686
101.686
101.686
101.686
101.686
101.686
101.686
101.686
101.686
101.686
101.686
101.686
101.686
101.686
101.686
101.686
101.686
101.686
101.686
101.686
101.686
101.686
101.686
101.686
101.686
101.686
101.686
101.686
101.686
101.686
101.686
101.686
101.686
101.686
101.686
101.686
101.686
101.686
101.686
101.686
101.686
101.686
101.686
101.686
101.686
101.686
101.686
101.686
101.686
101.686
101.686
101.686
101.686
101.686
100.954
100.954
100.954
100.954
100.954
100.954
100.954
100.954
100.954
100.954
100.954
100.954
100.954
100.954
100.954
100.954
100.954
100.954
100.954
100.954
100.954
100.954
100.954
100.954
100.954
100.954
100.954
100.954
100.954
100.954
100.954
100.954
100.954
100.954
100.954
100.954
100.954
100.954
100.954
100.954
100.954
100.954
100.954
100.954
100.954
100.954
100.954
100.954
100.954
100.954
100.954
100.954
100.954
100.954
100.954
100.954
100.954
100.954
100.954
100.954
100.954
100.954
100.954
100.954
100.954
100.954
100.954
100.954
100.954
100.954
100.954
100.954
100.954
100.954
100.954
100.954
100.954
100.954
100.954
100.954
100.954
100.954
100.954
100.954
100.954
100.954
100.954
100.954
100.954
100.954
100.954
100.954
100.954
100.954
100.954
100.954
100.954
100.954
100.954
100.954
100.128
100.128
100.128
100.128
100.128
100.128
100.128
100.128
100.128
100.128
100.128
100.128
100.128
100.128
100.128
100.128
100.128
100.128
100.128
100.128
100.128
100.128
100.128
100.128
100.128
100.128
100.128
100.128
100.128
100.128
100.128
100.128
100.128
100.128
100.128
100.128
100.128
100.128
100.128
100.128
100.128
100.128
100.128
100.128
100.128
100.128
100.128
100.128
100.128
100.128
100.128
100.128
100.128
100.128
100.128
100.128
100.128
100.128
100.128
100.128
100.128
100.128
100.128
100.128
100.128
100.128
100.128
100.128
100.128
100.128
100.128
100.128
100.128
100.128
100.128
100.128
100.128
100.128
100.128
100.128
100.128
100.128
100.128
