623.952
599.674
578.902
559.824
550.683
543.412
535.37
529.061
522.562
514.352
507.955
501.543
494.418
490.262
484.057
477.317
468.917
462.876
459.215
450.595
443.596
435.562
431.184
425.469
419.71
417.945
415.269
412.076
409.091
406.517
402.605
398.728
393.768
391.274
388.252
385.089
381.281
376.584
374.891
371.446
366.301
362.229
356.77
351.21
347.818
345.223
343.71
338.995
337.721
331.934
327.431
321.915
318.663
315.77
312.157
307.672
302.695
299.383
298.009
296.163
291.253
289.553
286.488
284.746
283.168
281.593
280.542
278.988
277.041
276.266
275.582
273.355
271.438
270.562
268.031
265.765
262.305
260.348
260.445
260.749
259.241
258.103
257.103
256.863
258.051
257.277
255.849
252.797
249.536
248.774
243.888
243.202
243.398
241.723
242.431
240.806
240.363
241.371
239.374
237.453
236.764
237.64
234.696
232.873
233.179
231.94
230.693
229.133
227.824
226.883
226.568
226.142
224.622
224.082
222.341
222.72
221.185
220.525
219.166
218.287
217.212
216.361
215.151
213.032
211.135
211.293
211.671
212.036
209.013
207.728
206.1
205.475
205.611
205.475
205.344
205.64
205.052
203.641
202.601
201.637
202.691
203.92
202.663
202.782
203.206
201.227
202.642
200.262
199.924
197.518
198.1
196.714
196.742
196.203
196.44
197.8
195.747
194.562
194.427
193.835
193.293
192.427
190.593
189.661
189.971
188.73
186.826
186.389
185.884
185.709
185.829
186.212
185.453
184.252
184.352
184.581
184.43
184.259
183.009
181.911
180.579
178.501
178.633
178.156
178.388
178.863
177.622
178.277
178.217
176.363
176.827
177.878
177.253
176.115
176.337
175.788
176.067
175.319
175.32
174.407
174.181
172.68
173.183
172.98
172.078
172.031
170.823
169.254
168.777
168.87
168.938
169.046
168.673
168.93
169.499
169.099
170.559
169.939
168.935
168.534
168.248
167.563
168.079
169.214
168.092
168.587
168.707
168.542
169.524
168.159
168.877
167.714
167.307
167.252
167.17
166.406
166.091
165.632
166.218
167.558
166.828
167.66
165.079
164.056
163.603
164.133
163.514
163.51
164.508
165.113
165.298
164.417
166.222
166.031
165.88
164.106
162.736
164.402
163.82
163.894
163.019
162.259
162.831
161.249
161.372
161.265
162.073
160.672
159.779
160.729
159.49
160.265
162.252
163.37
161.556
160.408
160.018
158.538
156.791
157.216
155.643
154.911
156.097
155.007
153.53
154.205
154.345
154.195
154.341
153.524
153.547
153.907
152.103
153.725
153.298
153.314
153.971
155.144
154.536
153.954
153.261
152.11
151.812
151.215
151.593
151.273
151.004
152.298
151.315
150.829
150.973
150.66
151.049
151.499
150.532
151.04
151.285
150.054
150.146
149.644
149.674
149.35
149.951
150.076
149.906
148.954
148.507
148.351
148.462
148.315
148.665
148.11
148.346
147.808
148.016
148.164
148.794
147.631
147.962
148.189
148.105
147.97
148.031
147.91
147.788
148.139
147.344
147.333
147.409
147.346
147.497
147.724
147.541
148.823
148.708
148.535
148.545
146.575
146.681
146.275
147.786
147.64
146.437
145.65
146.514
145.555
145.24
145.529
145.811
145.719
145.599
146.409
146.102
145.63
145.105
145.483
145.905
145.925
145.259
144.731
144.898
144.299
144.099
144.444
143.228
142.824
143.426
143.245
142.937
143.767
142.458
143.029
142.606
142.882
142.636
142.117
142.423
142.394
143.128
142.581
142.912
143.611
143.442
143.697
143.202
142.017
141.042
140.346
139.862
138.855
139.258
139.818
142.365
139.784
139.436
139.633
138.6
136.725
136.509
136.236
136.174
136.211
137.023
136.809
136.592
136.068
135.591
134.921
135.301
134.71
134.503
134.813
134.155
134.705
134.199
135.236
137.191
135.988
135.664
135.788
134.859
134.451
135.722
134.755
135.344
134.683
133.769
134.04
134.292
133.438
133.295
132.714
132.62
132.869
133.757
133.36
133.384
132.683
133.934
133.041
133.396
134.246
134.693
133.459
133.372
132.8
132.612
133.593
133.039
133.375
133.923
132.997
131.828
130.913
131.829
132.94
132.83
132.948
132.273
132.152
132.719
132.042
131.497
132.971
134.108
131.563
131.654
131.862
131.767
131.368
129.972
131.43
130.692
130.829
130.749
131.155
130.28
129.377
129.589
128.742
128.927
129.718
130.401
130.702
130.299
129.733
130.927
131.131
130.975
130.942
129.97
128.925
128.547
128.003
128.283
128.102
127.485
128.084
128.429
128.457
128.604
128.116
128.695
128.298
128.46
128.319
128.019
128.656
127.969
127.423
127.324
127.32
127.828
127.924
128.628
127.75
127.474
126.826
127.525
127.212
126.063
126.866
126.101
125.634
125.406
125.351
125.665
124.593
125.29
124.352
124.614
125.623
124.998
125.416
125.607
125.19
124.285
124.227
124.623
125.044
125.365
125.32
125.858
125.889
125.696
126.781
126.565
126.23
126.556
125.93
126.23
127.664
126.359
125.544
125.164
125.771
124.974
124.699
124.813
124.766
124.529
125.167
124.597
124.858
125.378
125.004
125.904
125.678
125.213
125.811
126.416
127.862
126.562
127.729
124.503
124.639
124.937
124.743
124.611
124.533
124.21
124.758
125.922
123.113
122.111
122.267
122.835
122.755
122.127
121.639
121.719
122.157
122.72
123.035
123.063
123.428
123.761
124.124
124.283
123.174
123.168
122.933
122.739
123.142
122.928
124.593
123.455
122.173
121.529
121.722
123.212
123.114
122.463
122.098
123.637
121.615
122.162
123.553
121.869
120.756
120.683
122.072
121.538
120.706
121.945
122.746
123.43
124.796
122.326
122.18
121.444
120.502
120.85
120.392
120.235
120.466
120.655
120.61
120.818
121.888
122.82
121.502
120.366
120.697
120.502
120.967
121.365
121.496
122.134
121.38
122.244
121.976
122.414
121.102
120.795
121.083
119.754
119.177
119.551
119.344
119.857
120.815
120.248
120.643
120.956
120.78
120.734
119.929
121.215
120.589
120.98
120.42
122.166
122.934
120.668
120.561
119.522
119.863
119.162
119.386
120.705
121.165
120.601
122.222
120.426
120.408
120.092
119.918
119.52
119.113
119.297
119.436
120.012
119.359
120.012
119.768
119.829
119.647
119.464
119.745
119.301
120.059
120.26
119.724
120.259
122.021
121.045
121.232
120.954
121.098
119.888
120.62
120.091
119.145
119.128
119.403
119.461
120.192
118.87
118.409
118.311
118.529
119.574
119.094
118.955
119.385
118.809
119.052
119.212
118.988
119.161
119.177
119.264
119.498
120.642
119.92
120.121
119.2
118.932
118.884
119.18
118.326
118.771
119.134
119.302
120.536
120.02
119.949
120.226
121.171
122.089
121.02
119.581
119.705
120.302
119.541
119.231
118.989
118.938
118.465
118.749
118.585
119.367
119.806
118.755
118.813
119.157
118.081
118.182
118.196
118.884
118.606
118.87
118.502
118.4
117.929
117.873
117.451
117.516
118.579
118.919
117.895
117.268
118.362
118.487
118.372
117.585
117.689
117.389
117.44
117.535
117.556
117.53
118.823
118.529
118.751
119.1
119.201
119.909
119.565
118.547
118.955
118.668
118.909
118.726
117.96
117.516
117.688
117.466
117.339
117.024
118.258
118.052
118.586
118.345
117.251
117.612
118.167
118.172
118.462
118.699
118.118
118.567
118.598
118.499
117.819
118.956
120.162
120.866
118.419
118.843
119.845
117.551
117.255
117.715
117.354
117.322
118.036
117.042
117.579
117.287
117.762
119.181
118.286
117.267
117.765
118.64
117.45
116.938
118.498
116.986
118.335
117.627
117.328
116.816
116.86
118.137
117.583
117.544
119.593
118.315
118.178
119.094
118.373
118.819
118.365
117.873
117.737
118.143
116.758
116.56
117.416
117.487
117.486
116.786
117.147
116.771
116.236
116.236
116.519
117.207
117.723
117.473
117.417
118.186
118.24
117.313
117.451
117.974
117.996
117.879
117.705
118.258
117.969
116.534
116.725
116.915
118.064
117.399
117.283
117.412
117.679
117.494
117.249
117.733
116.9
116.014
116.387
116.243
116.155
117.415
117.825
117.205
116.614
116.176
117.21
115.796
116.03
116.854
117.083
117.492
118.125
117.208
117.064
117.24
115.949
117.205
115.507
115.915
115.287
115.409
116.04
116.034
115.003
115.161
115.24
114.854
114.495
114.224
115.009
115.051
114.812
115.966
116.048
115.216
115.572
114.8
114.641
114.277
114.45
114.446
114.008
114.486
114.453
115.056
115.344
115.365
115.714
114.303
114.37
114.922
115.329
115.671
115.98
116.658
114.546
114.494
116.066
116.481
116.768
115.085
114.97
117.344
115.463
115.321
114.713
114.463
114.204
114.24
115.259
114.614
115.241
116.135
115.581
116.835
115.955
115.846
115.405
114.394
114.756
115.349
115.176
114.576
115.018
116.281
116.005
114.781
114.322
114.649
115.004
115.814
114.971
114.591
114.226
114.085
114.476
115.605
115.727
115.168
114.357
114.316
114.12
114.536
114.793
114.14
115.002
115.056
114.737
115.288
115.265
116.247
117.839
118.178
117.256
116.568
115.088
116.399
117.669
116.375
117.328
115.283
115.245
114.218
113.941
115.983
114.976
115.366
115.216
114.73
114.934
114.693
115.814
115.097
114.96
113.614
113.189
112.983
113.333
113.327
113.51
113.048
113.259
113.563
113.682
114.174
115.693
113.711
113.686
113.248
112.936
112.833
113.324
113.404
113.524
113.681
113.941
113.753
114.148
113.546
113.654
113.79
113.33
114.189
114.156
113.4
113.123
112.882
112.866
114.008
113.481
114.128
113.55
114.588
116.095
115.328
115.868
115.902
114.745
113.682
113.3
113.031
114.952
114.614
113.42
116.031
115.581
113.991
114.513
114.899
114.769
115.42
113.427
113.715
113.902
114.322
113.337
113.227
113.251
113.57
113.077
113.868
115.493
114.562
114.981
113.921
113.206
113.011
113.364
112.775
113.727
114.157
116.698
114.867
113.872
114.027
114.324
113.184
113.946
113.235
113.223
113.395
114.011
113.015
113.087
113.531
114.048
114.113
113.85
114.171
113.571
113.782
113.453
114.117
114.402
113.744
113.557
113.222
113.44
113.635
113.478
112.626
112.906
113.711
113.201
113.813
112.935
113.462
113.558
114.103
114.181
112.852
113.307
113.917
113.326
112.622
112.65
114.503
114.651
113.757
114.28
114.22
113.104
112.501
112.667
112.936
112.743
112.501
112.819
113.27
113.644
112.549
112.589
112.475
112.743
112.79
112.974
116.168
113.54
112.604
112.905
114.239
112.855
112.908
112.851
113.473
114.408
114.756
114.972
113.135
113.119
113.417
112.987
113.62
114.957
114.107
114.143
113.267
112.92
112.817
113.468
114.172
113.688
113.649
114.086
113.475
113.502
113.195
112.406
112.68
113.274
112.805
113.178
113.157
112.952
113.146
112.61
112.654
113.268
114.566
113.66
115.78
116.303
115.898
116.897
114.199
114.958
115.51
115.546
114.804
113.625
113.424
113.053
112.966
113.344
113.869
112.574
113.824
113.689
113.28
113.832
113.6
112.692
112.534
113.29
113.715
113.835
113.542
113.631
112.945
113.383
113.043
113.08
112.519
112.591
113.127
113.821
113.793
113.26
113.463
113.303
112.882
113.248
113.682
112.99
112.901
112.641
114.159
113.989
114.88
115.28
113.05
112.953
112.048
112.673
112.896
112.089
112.035
111.847
112.354
111.686
111.554
111.725
112.418
112.158
112.249
112.149
113.019
113.619
112.085
111.667
111.454
111.712
111.815
112.477
113.005
113.212
113.99
114.585
113.247
113.005
112.557
112.514
111.924
112.22
112.664
113.355
113.17
113.21
113.549
112.935
112.046
112.375
112.17
112.342
112.26
112.477
112.922
112.448
112.703
112.807
112.298
112.908
113.005
113.288
113.284
112.943
113.333
113.326
113.01
115.096
115.398
114.795
113.585
112.75
112.006
112.471
112.392
112.856
114.741
114.321
112.906
114.289
113.828
113.357
113.599
113.623
112.618
113.316
112.936
112.462
112.397
112.525
112.474
112.952
111.824
113.411
113.427
112.311
112.281
112.65
113.067
112.249
112.352
111.701
111.837
111.622
111.63
112.304
112.03
111.603
112.449
112.811
112.896
112.446
111.484
111.884
112.29
113.212
113.64
113.011
113.31
112.975
112.658
113.395
112.219
113.473
113.497
113.388
113.032
112.649
112.82
112.93
113.447
112.769
113.47
113.877
114.052
114.417
113.73
112.8
112.127
111.91
111.712
112.076
112.617
112.877
113.453
112.861
112.532
112.203
113.118
112.838
112.703
113.758
112.737
112.14
111.494
112.194
112.04
112.108
112.518
112.792
113.207
112.564
112.247
113.268
112.515
112.503
113.794
113.33
113.978
112.809
112.351
112.983
112.919
112.791
113.865
115.007
114.545
114.244
113.598
112.736
111.624
111.256
110.747
111.44
110.864
110.804
111.038
110.862
110.535
111.288
112.073
111.88
111.121
111.147
111.142
112.053
111.909
111.298
111.726
111.045
110.76
110.588
110.602
112.099
111.831
110.819
111.785
112.041
113.025
111.268
110.801
110.861
110.12
110.314
111.132
110.563
112.694
110.463
111.18
111.088
111.851
111.539
110.673
110.685
110.764
110.653
110.937
111.675
112.928
111.646
111.75
112.296
111.299
110.617
110.064
111.151
110.678
110.849
110.549
110.527
110.863
110.634
110.352
110.832
110.649
110.655
110.286
109.957
110.488
110.733
110.255
110.18
110.273
110.91
111.368
110.877
111.478
111.418
111.61
113.156
113.049
111.784
112.119
111.79
111.937
111.705
112.004
110.949
111.173
110.641
110.639
111.115
111.012
110.985
110.728
110.578
110.481
111.102
113.212
111.293
111.497
112.034
110.733
110.054
110.574
111.034
111.131
111.225
110.311
110.786
111.482
110.597
110.589
110.768
110.051
110.418
110.799
110.233
110.576
110.923
110.966
110.605
110.393
111.748
112.269
112.635
112.236
113.673
112.963
110.733
112.033
111.549
110.357
111.667
111.433
111.351
111.915
111.349
112.558
113.831
112.071
111.084
111.202
110.539
110.573
110.17
110.327
110.438
110.509
110.899
110.638
109.984
110.208
111.067
111.03
110.46
111.079
111.058
111.066
110.415
109.893
110.007
110.351
111.748
110.98
111.275
111.893
111.039
110.628
111.641
110.173
111.185
113.001
112.068
112.633
110.686
111.322
110.604
110.976
110.643
110.753
110.177
110.439
110.547
110.907
111.628
110.737
110.326
110.355
111.219
110.04
110.249
111.522
110.902
110.727
110.412
112.022
111.237
110.876
110.604
110.658
110.507
110.229
110.137
111.712
111.599
110.411
110.94
110.837
111.381
110.758
111.224
110.286
109.816
110.449
110.194
110.066
110.144
109.993
110.736
111.585
111.379
111.411
111.225
111.992
111.55
110.945
109.981
109.797
110.991
109.873
110.144
109.945
109.95
110.783
110.531
110.633
110.919
111.625
109.902
111.004
112.425
112.672
111.642
110.791
110.728
111.664
111.42
112.845
112.666
111.498
110.616
110.608
110.079
110.157
110.754
112.18
110.734
111.456
111.957
112.373
112.631
111.838
111.38
110.654
110.065
110.139
110.496
109.623
109.965
110.549
109.893
110.759
110.041
111.14
111.973
111.504
110.829
110.791
111.247
110.761
111.983
111.553
111.914
111.172
110.23
109.843
110.033
110.929
111.208
111.326
111.567
111.545
111.102
111.835
111.171
111.36
111.133
111.256
111.559
111.01
112.369
111.059
110.634
110.766
110.076
109.648
110.663
110.155
110.966
110.629
110.408
110.694
109.834
110.886
109.984
110.719
111.057
111.553
111.159
110.44
111.351
112.7
113.475
113.083
114.101
111.984
109.769
110.258
110.822
112.386
111.382
110.63
109.895
110.05
111.686
110.72
110.026
110.096
110.723
110.746
111.454
111.692
110.553
111.633
111.953
111.242
110.822
110.613
110.639
109.994
109.255
109.336
109.948
110.142
109.735
110.332
109.908
110.03
110.65
109.551
109.103
109.101
109.399
109.703
110.101
110.479
109.148
109.445
109.945
110.156
110.22
110.707
110.256
111.98
110.95
111.068
111.367
110.258
110.501
111.546
110.7
111.434
109.297
108.704
108.763
109.189
108.746
110.186
110.17
109.821
109.901
108.952
109.049
109.282
109.157
109.763
108.921
109.466
109.086
108.755
108.567
109.304
109.998
110.122
109.283
109.286
109.832
108.676
108.489
108.955
108.776
108.86
109.396
109.878
109.259
109.652
109.111
109.492
109.062
108.16
108.719
109.228
109.117
110.398
110.719
112.289
110.664
110.128
109.69
109.499
109.747
110.546
110.473
109.015
108.941
110.172
110.765
109.83
110.516
110.325
109.632
111.026
109.009
108.952
108.628
109.082
110.02
109.562
109.359
109.73
109.778
110.43
109.985
109.516
109.994
108.674
108.539
109.702
109.164
108.593
108.765
108.715
108.173
108.264
109.608
109.181
110.146
110.211
108.784
108.633
109.095
109.329
108.843
108.877
108.911
108.465
108.605
110.255
111.993
111.807
109.948
109.769
108.19
108.839
109.972
109.801
109.732
108.922
108.723
109.431
109.044
109.736
110.146
109.727
110.239
109.634
110.563
112.717
114.118
112.115
110.679
109.524
109.925
110.639
109.293
109.37
108.731
108.952
110.05
110.433
109.02
110.318
110.373
112.186
110.682
109.327
109.736
109.449
108.758
109.361
108.763
108.618
109.142
109.125
108.284
108.045
108.061
108.196
108.261
109.462
109.399
109.787
109.579
109.487
109.102
108.372
108.972
108.555
108.274
108.136
108.045
108.316
108.455
108.103
108.272
109.443
108.715
108.39
109.338
109.017
109.637
108.218
108.392
108.093
108.045
108.163
108.064
108.78
108.157
108.171
109.572
108.905
108.825
108.262
108.675
108.68
109.029
109.199
108.677
109.266
108.677
109.632
108.974
108.705
109.266
108.682
108.207
108.265
108.449
108.909
108.707
109.139
108.454
108.474
109.316
110.059
109.739
109.139
109.665
108.746
108.44
108.904
109.958
109.126
109.539
109.87
109.597
109.206
109.209
109.189
109.941
110.641
110.155
109.472
109.832
110.012
108.413
108.554
108.928
108.695
108.087
108.586
109.495
110.63
110.594
110.158
109.43
109.373
108.861
110.206
109.488
109.064
108.949
110.549
110.233
110.112
109.413
109.751
108.987
108.556
108.324
108.475
108.615
108.918
109.558
108.507
109.276
109.827
109.903
108.621
109.708
109.237
108.626
108.425
108.492
108.25
108.735
108.173
108.329
108.112
108.356
109.01
109.29
109.063
108.731
109.511
108.783
108.801
108.918
108.501
108.22
108.663
108.781
109.701
109.197
109.584
109.401
111.29
109.541
109.257
110.253
110.213
110.255
110.28
110.296
109.247
109.901
110.489
110.039
110.426
110.586
110.642
110.7
109.261
109.201
110.016
110.147
111.035
109.23
109.44
109.242
109.38
109.036
109.198
109.191
109.953
109.106
109.436
108.425
108.315
109.389
110.079
109.477
108.622
109.037
110.412
110.345
109.997
109.523
110.648
110.098
109.681
109.277
109.805
110.295
108.691
108.845
108.462
108.991
108.93
110.681
110.961
111.72
112.097
110.787
111.009
109.558
109.348
109.437
109.478
110.133
111.003
109.004
108.47
109.53
109.245
108.34
108.523
108.579
108.755
109.411
109.74
109.446
108.491
108.32
108.939
109.508
108.929
109.687
109.85
109.741
109.269
109.653
109.496
109.365
108.683
108.652
108.254
109.003
109.939
110.202
108.795
109.922
109.236
108.708
108.569
109.339
108.716
109.079
109.137
110.434
109.319
109.253
108.963
109.245
109.081
110.123
109.034
109.887
109.094
110.243
110.965
109.141
109.118
109.598
110.083
109.621
109.355
109.369
108.369
108.497
108.69
109.94
109.102
108.944
109.653
110.416
109.988
110.732
109.861
110.679
110.688
110.424
110.437
110.408
110.526
109.744
109.8
109.536
108.953
109.27
109.482
109.1
108.192
108.671
108.71
108.701
109.313
110.189
109.222
110.045
109.386
109.281
108.713
109.041
109.342
108.785
109.189
109.138
109.571
111.105
110.134
109.798
109.186
108.984
108.269
108.675
108.702
109.141
109.23
108.146
108.485
108.208
108.467
108.668
108.698
108.19
108.118
108.502
109.835
109.799
109.44
108.849
108.55
108.748
109.174
109.119
108.569
109.418
109.511
110.014
109.583
109.17
108.757
109.295
108.588
108.589
108.815
108.161
108.419
108.217
108.193
108.726
110.318
109.906
110.147
113.158
110.184
109.21
108.578
110.411
109.071
108.347
108.46
108.407
108.591
109.939
110.877
110.074
109.437
110.23
110.772
110.367
109.386
109.085
110.815
110.202
109.25
109.599
109.657
108.946
109.674
109.465
108.355
108.279
108.317
109.129
109.593
110.289
108.76
109.937
109.516
108.863
109.767
109.686
110.167
109.717
109.313
109.652
109.273
110.396
111.623
113.413
111.532
110.627
110.769
109.794
109.126
108.452
109.513
108.565
108.186
108.249
108.441
108.672
108.712
109.305
109.858
109.113
108.54
108.548
108.982
108.565
108.299
108.662
109.338
110.755
109.672
109.451
109.038
108.523
108.43
108.424
108.408
109.405
109.294
108.738
109.013
109.025
108.567
108.96
110.588
110.107
109.722
109.147
109.004
109.446
110.857
108.982
108.404
108.635
109.85
108.867
109.162
109.361
109.591
109.245
109.085
111.037
109.499
109.133
109.106
110.177
108.988
110.002
109.462
110.408
109.878
109.28
108.98
108.505
108.782
108.829
109.034
108.793
109.798
109.524
109.989
110.553
109.677
108.863
108.734
108.718
108.894
108.674
108.746
109.249
109.79
110.999
109.462
110.606
111.301
111.558
111.117
109.361
109.364
109.242
109.604
109.423
109.023
108.813
109.796
110.656
109.975
109.841
112.568
113.62
110.147
109.56
110.807
111.226
110.951
111.181
110.847
110.018
110.246
109.595
110.349
109.939
109.006
108.643
108.841
109.727
109.535
108.654
109.02
110.268
109.676
112.062
111.92
108.924
109.951
113.217
111.241
109.36
110.074
110.638
109.166
110.073
109.885
110.151
109.571
109.641
110.728
109.655
109.296
109.108
109.176
108.444
109.16
109.242
109.092
109.144
109.054
108.936
108.569
108.313
109.266
109.041
108.755
110.804
110.128
109.06
108.397
108.606
108.456
108.555
109.25
109.264
109.608
108.781
108.882
108.968
108.362
108.129
108.051
108.72
109.568
108.967
108.781
110.311
109.874
109.434
109.489
108.842
109.075
110.253
109.789
110.944
110.204
109.463
110.213
109.136
109.043
108.35
108.554
108.227
109.389
109.501
108.414
108.851
109.794
109.048
109.043
110.091
110.439
111.531
109.796
109.096
108.858
108.463
108.122
108.576
108.485
108.519
107.888
108.224
108.025
108.215
107.811
107.801
108.097
108.373
108.879
110.768
111.809
111.639
110.092
110.114
109.917
108.904
108.041
107.843
108.34
108.579
109.627
108.935
108.97
108.035
108.623
108.935
109.791
110.107
109.894
109.873
109.167
109.087
108.429
108.179
108.75
108.231
108.097
108.432
108.173
108.214
108.819
108.752
108.776
109.233
108.853
108.902
109.058
108.986
109.37
109.555
108.691
108.809
108.738
109.786
111.106
110.017
108.945
108.667
108.531
108.523
109.722
108.946
109.48
109.077
108.666
108.439
109.813
110.112
109.767
109.469
110.934
110.732
109.214
110.739
110.202
110.52
109.497
109.59
109.22
108.679
108.78
109.425
109.186
108.68
109.68
108.571
109.474
108.285
108.784
108.861
109.37
108.837
108.734
108.9
109.052
108.661
109.02
108.864
107.902
108.012
109.119
109.005
109.785
108.656
109.226
109.039
109.329
109.531
109.736
110.679
110.757
109.371
108.757
109.884
110.01
110.252
109.869
109.341
109.642
108.431
108.341
109.098
108.643
108.378
108.933
109.693
110.836
109.197
109.201
109.457
109.776
108.872
109.382
109.025
109.898
109.012
109.283
109.34
108.484
108.429
109.27
108.848
109.465
108.766
109.856
108.791
110.211
110.095
108.43
107.945
108.205
108.415
108.926
108.891
110.15
110.115
109.439
109.887
108.511
108.201
108.307
107.9
108.074
108.19
108.321
108.398
108.504
109.757
108.994
109.029
109.064
108.794
108.123
108.084
108.089
108.048
109.146
108.483
109.225
109.123
110.044
110.28
110.003
109.885
109.949
109.27
108.288
108.493
108.534
108.09
108.21
107.979
108.18
108.447
109.491
110.54
109.037
108.867
108.156
109.307
108.337
107.887
107.54
108.712
109.348
108.393
108.008
108.071
107.571
108.286
107.953
107.737
107.077
107.818
108.286
108.234
108.115
107.783
107.422
107.455
107.871
108.129
107.371
107.566
108.405
107.984
107.182
107.699
108.72
108.826
108.524
107.699
107.871
109.798
111.18
110.779
109.202
108.889
108.454
109.038
108.141
109.016
108.661
108.885
108.028
108.27
108.283
108.986
108.624
109.215
108.338
108.44
109.008
107.991
108.744
108.042
107.491
107.912
108.424
108.887
108.447
109.184
108.069
107.708
107.249
107.695
107.933
107.706
109.051
109.575
109.214
108.231
110.198
109.04
108.945
108.333
107.514
107.263
107.796
107.524
107.386
108.011
108.038
108.711
109.173
109.844
110.3
108.819
107.865
107.73
108.102
108.29
107.444
107.902
107.328
107.21
107.722
107.691
108.585
108.629
108.074
107.416
108.501
107.946
107.581
108.285
108.875
107.521
107.302
108.689
110.307
111.348
109.072
108.302
108.847
109.614
110.54
108.081
108.198
109.001
109.812
109.332
109.635
109.316
109.758
108.581
107.99
109.442
108.355
108.06
110.029
111.316
108.782
109.977
108.209
107.576
108.846
109.314
109.48
108.271
107.465
107.577
108.441
107.917
107.38
107.964
107.209
107.364
107.308
108.063
107.549
107.375
107.652
107.864
107.346
108.145
108.919
107.483
107.396
107.818
108.457
109.392
109.065
108.717
109.216
108.079
107.425
107.611
108.002
108.835
108.881
109.045
107.446
107.444
107.08
107.486
106.962
107.147
107.209
107.856
107.708
107.405
107.68
107.053
107.004
107.289
106.881
107.071
106.725
107.139
106.458
106.643
106.9
106.853
108.185
107.399
108.345
110.157
108.056
108.056
107.045
106.619
106.648
107.949
106.587
106.813
106.391
107.528
106.74
106.432
106.713
107.208
107.248
107.114
106.665
108.114
108.599
107.445
108.713
107.614
106.872
106.59
106.813
106.335
107.142
107.252
106.943
107.912
107.228
107.779
108.207
107.348
107.662
107.817
109.235
110.494
108.79
109.187
110.616
109.278
108.706
110.567
109.645
108.267
107.234
108.073
107.313
106.535
106.434
107.215
107.106
107.737
107.96
107.535
106.861
107.329
107.522
107.373
107.187
107.792
108.093
107.15
106.656
106.883
106.55
107.872
107.228
107.975
107.117
107.926
107.51
107.297
107.608
107.61
106.622
107.139
107.105
108.927
108.008
107.62
108.803
108.776
108.011
108.325
109.022
110.422
110.786
109.356
109.666
108.628
108.142
106.757
106.31
106.846
107.029
107.444
106.712
106.396
107.215
107.283
107.456
107.458
107.011
107.129
107.416
107.652
107.688
106.704
106.882
107.247
107.761
107.813
108.269
108.64
109.597
108.478
108.45
108.16
107.905
108.066
107.623
107.89
108.424
107.817
107.479
107.453
106.674
106.781
107.774
108.101
107.803
106.941
106.443
106.853
106.842
107.712
107.474
107.926
107.75
106.826
108.031
108.01
107.114
107.588
108.299
108.822
108.339
108.584
108.849
107.342
108.074
107.574
107.356
107.512
108.561
107.918
107.322
107.503
107.944
107.323
107.418
107.298
107.189
107.343
108.066
108.477
108.636
108.878
108.643
109.815
107.741
106.976
108.23
108.64
108.437
108.482
108.906
108.793
108.793
108.982
108.46
108.181
108.959
109.343
108.48
109.376
107.792
107.52
107.153
107.724
107.52
109.832
108.921
107.734
106.767
106.877
106.91
107.021
107.296
107.839
108.155
107.89
107.597
108.079
107.29
107.409
107.795
107.517
107.093
106.364
106.625
106.699
106.652
107.045
106.994
107.824
107.728
107.365
107.966
107.501
106.512
107.508
109.111
109.582
108.62
108.797
108.544
108.461
107.803
107.62
107.909
108.257
109.775
108.13
108.144
107.815
108.857
107.014
107.381
107.241
107.522
109.187
109.902
107.91
108.301
108.05
108.789
108.758
109.35
107.467
107.6
108.485
107.252
107.136
107.933
106.569
106.976
106.807
108.736
109.594
109.57
109.516
108.288
106.983
106.557
107.231
107.255
107.583
107.596
107.334
107.424
107.531
106.954
106.801
107.212
106.759
107.318
106.664
107.785
107.176
106.957
106.472
106.847
106.763
107.393
107.33
106.877
107.209
107.594
107.678
107.611
107.365
107.814
108.288
108.461
108.477
106.547
106.792
108.214
107.525
106.926
108.205
109.112
108.531
107.99
107.972
106.921
107.282
108.751
107.507
107.303
107.628
107.018
107.432
107.963
107.962
108.958
109.566
108.897
107.668
107.644
108.736
110.175
110.861
111.58
109.131
109.558
109.145
107.71
108.432
108.661
108.84
107.994
106.899
106.682
107.068
107.156
107.046
108.063
107.243
107.446
107.823
107.862
107.584
108.75
107.627
107.125
107.155
108.51
107.078
106.841
106.737
107.097
106.934
107.493
107.439
107.306
106.834
108.157
109.171
108.231
107.651
107.447
107.159
107.783
108.608
107.664
106.931
106.739
107.278
107.27
107.532
108
109.139
108.021
107.127
106.493
107.234
106.866
107.194
107.684
107.319
106.901
108.369
108.494
108.207
108.177
107.697
108.045
107.326
107.063
107.38
107.797
107.404
108.477
108.46
107.912
107.95
108.907
108.604
107.628
108.972
107.438
106.275
106.811
107.412
107.756
108.463
110.284
108.745
108.276
107.409
107.908
108.14
108.471
109.093
108.003
108.19
108.413
107.632
107.516
107.438
107.414
107.168
106.891
107.157
106.455
107.025
107.069
106.834
106.896
106.566
106.77
106.753
106.789
107.797
109.751
108.919
108.114
108.483
106.662
107.727
107.386
107.75
107.044
107.804
107.295
108.735
107.407
108.36
108.35
107.036
106.615
106.576
106.96
108.246
108.855
109.622
107.511
108.883
109.325
108.235
108.594
107.634
109.405
109.474
107.714
106.787
106.5
107.235
107.26
107.22
107.446
108.322
107.927
109.607
107.762
107.896
108.533
108.265
107.852
107.951
107.126
106.83
107.208
106.84
106.702
106.508
107.296
107.618
107.51
107.814
107.671
107.464
107.983
109.186
108.228
106.98
107.406
107.567
107.36
106.343
106.638
106.977
107.405
107.323
107.084
108.42
108.697
108.364
108.672
108.519
108.289
106.652
107.598
107.503
107.686
107.522
108.924
106.465
107.245
108.261
108.672
108.5
107.141
107.621
106.94
107.51
107.194
106.654
106.629
106.652
106.736
106.369
106.49
106.941
107.169
106.4
107.229
106.976
106.669
106.624
106.948
107.743
107.858
106.551
106.372
106.349
106.784
106.576
106.556
106.955
107.524
106.957
107.431
108.079
108.348
106.951
106.797
106.965
107.571
106.798
107.394
107.434
107.72
107.374
107.567
108.207
108.633
110.434
108.391
107.956
109.748
109.479
108.286
107.943
108.725
108.745
107.211
107.769
108.217
107.852
109.174
108.336
106.837
106.433
107.116
106.614
106.991
106.694
106.778
107.268
106.616
107.953
109.539
107.375
107.336
107.09
106.585
107.141
107.007
106.417
107.404
106.531
107.286
106.834
106.275
106.273
106.214
106.87
106.488
106.864
106.833
107.619
108.916
108.744
107.286
108.324
107.495
108.328
109.041
107.35
106.394
107.135
106.407
106.214
107.45
107.066
106.594
107.42
107.493
106.793
107.207
106.906
107.207
106.547
107.167
106.626
106.513
106.525
106.284
107.522
108.018
109.137
109.321
108.784
107.323
107.269
107.107
108.08
107.612
106.74
107.205
107.994
108.379
106.729
107.358
106.386
106.422
106.767
106.93
107.278
107.834
107.091
107.326
107.903
107.265
107.42
107.23
107.743
108.32
109.765
107.819
108.419
107.694
107.292
107.449
107.277
106.436
107.665
108.278
107.558
108.683
109.213
108.496
109.178
107.802
107.739
107.186
106.535
106.647
106.696
107.405
108.003
107.096
107.886
107.989
107.977
108.322
107.532
107.797
107.486
107.534
106.508
107.189
106.883
106.59
107.67
108.348
106.972
107.164
108.057
108.704
107.386
107.394
108.089
108.837
107.973
106.573
108.415
109.739
110.046
108.739
107.061
106.455
106.277
106.491
106.27
107.157
107.077
108.513
107.208
106.991
107.328
107.475
107.491
107.304
106.586
106.539
107.846
107.959
107.486
107.228
107.195
109.137
108.383
107.364
107.768
107.34
107.252
107.265
107.798
108.426
107.532
108.445
107.702
109.344
108.413
109.678
109.072
109.014
108.704
107.944
107.121
106.872
107.715
107.355
107.452
106.777
106.739
107.145
109.695
107.879
108.155
106.827
107.444
107.572
106.973
106.824
108.553
107.86
107.677
107.21
106.792
106.407
106.509
106.403
106.226
106.224
106.224
106.214
106.536
106.239
107.03
107.741
107.333
107.685
108.832
107.479
107.539
107.318
107.108
107.184
107.578
107.365
108.194
107.762
108.852
109.681
107.807
107.787
108.502
110.214
109.861
110.865
109.229
107.448
108.576
108.503
107.722
108.003
109.395
108.405
107.857
108.014
107.805
108.663
108.774
107.665
106.673
106.538
107.422
106.89
106.867
107.213
108.943
108.285
106.63
107.279
107.655
107.062
107.254
107.442
108.453
108.901
109.49
109.496
107.509
107.663
106.981
106.755
106.286
106.459
107.344
106.621
106.84
108.371
109.453
108.488
108.121
107.569
107.393
108.206
107.304
107.934
108.619
107.321
107.311
107.991
108.173
107.012
107.615
107.442
108.876
108.382
107.521
107.78
106.882
106.888
107.562
108.907
108.979
110.052
109.35
110.328
109.38
111.1
108.082
108.354
107.606
107.221
106.624
106.641
106.276
106.47
106.248
106.733
107.576
106.846
107.141
107.372
108.797
107.869
106.819
106.322
108.287
108.199
108.269
108.784
106.842
106.598
106.887
107.267
108.342
108.299
107.388
107.735
109.356
107.501
107.431
107.557
107.681
107.487
106.969
107.716
107.946
107.381
106.814
106.469
106.68
107.447
108.563
108.39
108.157
108.291
106.902
106.97
108.232
108.621
107.792
107.117
106.508
107.117
107.059
106.771
107.63
106.659
106.801
107.55
107.377
106.687
107.619
107.617
107.123
106.603
107.068
107.746
106.945
107.628
107.374
108.45
107.258
107.402
108.057
107.982
108.636
109.124
108.662
108.061
107.685
107.076
107.235
108.157
108.327
108.917
108.062
107.618
107.015
106.651
106.214
107.203
107.455
107.891
106.851
107.397
106.883
106.544
106.861
106.558
107.218
107.14
107.329
106.587
106.418
107.24
107.435
106.944
106.397
107.542
108.454
107.272
106.463
106.732
107.287
106.681
106.705
106.62
106.564
106.601
106.552
106.574
106.844
106.785
106.866
106.532
107.269
107.061
107.508
109.634
107.949
109.738
111.096
110.589
109.832
110.364
108.875
108.203
106.987
106.964
107.215
107.133
108.895
109.522
109.361
108.794
107.702
107.816
108.397
110.152
109.211
107.356
106.597
107.391
108.804
108.558
107.706
107.256
107.693
108.154
107.29
106.512
106.645
106.749
107.003
107.597
106.708
106.547
106.763
107.725
107.774
107.108
106.889
107.332
108.038
107.777
108.755
108.003
108.021
107.155
106.83
107.163
107.842
107.599
108.306
108.597
109.406
109.977
108.365
108.609
107.941
107.496
107.221
107.687
106.828
106.947
107.947
109.398
108.865
108.756
108.056
108.27
108.057
108.295
108.264
108.46
108.708
108.735
108.828
108.084
107.297
108.423
107.185
106.793
106.906
108.276
106.922
107.321
107.667
107.731
107.453
108.064
107.838
107.347
107.192
107.274
106.898
107.425
107.498
107.242
108.422
108.349
108.361
107.743
107.516
106.592
108.071
108.899
108.846
107.431
107.765
109.01
108.497
108.867
107.815
107.735
107.854
108.897
110.211
108.79
107.989
107.704
108.994
107.697
108.477
108.213
107.859
107.677
107.029
107.412
107.103
107.603
107.659
107.628
107.265
107.665
109.568
108.192
107.006
107.771
107.071
106.938
107.261
107.346
106.654
107.171
107.307
107.394
106.818
106.859
107.449
107.112
107.067
106.877
106.685
106.918
106.925
109.522
109.398
107.283
108.139
108.03
108.534
106.948
107.671
108.268
107.772
107.436
107.508
106.889
106.969
107.371
106.844
107.814
107.291
107.281
107.549
107.229
106.77
106.854
106.706
107.959
108.478
107.61
107.859
108.182
107.942
107.802
106.849
107.729
110.009
111.668
109.539
109.781
108.138
106.742
106.791
107.041
108.238
107.886
108.315
107.6
106.604
108.193
106.484
106.863
107.895
108.017
108.129
107.414
107.817
107.946
107.642
106.612
107.174
106.931
106.359
107.3
108.467
108.046
108.535
106.956
106.35
107.081
107.577
107.774
106.627
107.229
106.653
107.363
107.197
106.985
106.669
108.004
110.424
108.927
109.81
110.171
109.593
107.58
107.972
109.45
106.922
106.769
106.374
106.661
106.964
106.586
106.713
107.989
106.916
107.075
107.596
107.308
109.556
110.296
109.272
108.685
110.393
109.745
108.717
108.227
109.448
107.47
107.043
106.87
107.744
108.633
108.021
108.93
110.823
108.83
108.28
107.48
107.677
107.401
106.845
106.836
106.846
107.18
106.809
107.758
106.424
108.016
107.424
108.058
108.156
109.166
108.051
106.522
107.213
106.915
108.207
108.205
111.169
109.541
110.443
108.537
108.903
108.515
108.529
109.074
108.618
108.005
108.237
106.91
107.195
107.086
107.403
106.903
107.422
107.168
107.598
108.159
108.283
108.135
107.157
106.792
107.258
107.219
107.931
108.382
108.246
108.481
109.055
110.093
107.954
108.383
108.576
108.689
107.962
107.375
108.818
107.732
108.135
107.895
109.048
108.655
109.062
107.204
106.78
107.564
107.505
108.12
107.035
109.678
107.776
107.158
106.372
106.394
106.67
107.89
106.341
106.89
107.416
107.357
108.263
107.926
106.315
106.456
106.607
107.33
107.898
108.737
109.301
107.604
106.903
108.558
107.066
106.853
106.969
106.795
106.932
107.096
108.035
109.216
108.655
109.465
108.405
107.767
107.85
107.604
107.109
106.899
107.128
106.991
107.442
107.836
107.113
106.42
107.097
106.81
107.742
107.415
107.794
108.552
107.683
111.192
109.229
107.161
107.743
107.032
107.078
107.228
107.244
108.894
107.681
107.943
107.975
108.307
108.03
106.678
107.085
107.727
108.103
107.119
107.115
107.424
107.02
107.906
109.609
108.8
108.216
107.36
107.335
108.131
109.502
107.999
107.909
108.746
109.746
108.362
108.205
106.679
107.308
107.14
107.193
107.338
107.452
107.288
107.655
107.623
108.165
107.687
110.29
107.869
107.782
107.355
107.834
108.258
107.603
106.828
106.654
106.698
106.646
107.611
108.59
108.706
107.923
107.503
108.268
106.81
107.012
107.498
107.982
107.195
108.456
109.16
108.013
107.058
108.127
108.22
107.474
106.692
107.104
107.087
107.729
107.325
107.158
108.569
108.752
108.044
108.2
107.188
107.971
109.221
107.468
106.651
106.923
107.63
108.186
106.955
106.756
108.145
108.11
108.641
108.06
108.334
109.958
109.757
111.018
110.408
108.796
107.092
107.063
107.271
107.186
106.56
106.651
106.622
107.21
108.31
107.232
108.533
108.653
109.831
109.405
110.275
109.414
109.602
109.436
108.791
107.968
108.069
108.373
108.07
107.541
107.521
107.792
106.675
107.436
107.785
107.673
107.258
106.677
107.441
108.599
107.109
106.782
107.246
106.615
106.925
107.843
107
107.083
106.814
106.468
106.86
107.859
107.658
106.882
106.813
107.558
107.427
107.304
107.224
107.626
108.058
108.111
107.516
107.668
106.732
106.47
106.606
107.997
106.863
106.597
107.105
106.979
106.269
106.741
106.584
107.181
107.773
108.885
108.622
107.94
108.611
107.393
106.683
106.677
106.289
106.388
108.007
107.518
107.176
107.886
107.524
107.049
106.558
106.984
106.986
107.583
107.519
106.769
106.536
106.365
106.387
106.684
107.616
108.104
107.387
107.677
107.512
107.185
108.01
107.977
108.257
108.644
108.525
107.286
107.089
108.572
107.616
107.176
107.052
107.579
107.731
109.79
108.383
108.718
109.061
108.183
108.532
109.803
106.872
106.566
106.291
106.623
106.833
106.43
106.753
107.759
107.332
108.035
107.362
106.897
107.336
107.038
107.332
107.787
108.066
107.332
107.127
107.443
107.548
107.372
109.072
109.184
110.243
109.694
109.278
108.076
107.705
106.904
107.136
107.968
107.065
106.985
107.041
107.27
107.908
107.834
107.134
107.153
108.655
108.096
108.597
108.229
107.339
108.02
108.965
109.685
109.265
108.884
108.832
109.537
108.394
107.815
108.178
108.285
107.825
108.502
108.018
108.087
107.736
107.014
107.044
106.632
106.445
106.515
106.634
107.6
107.365
107.466
107.857
107.983
108.144
109.668
109.334
108.329
107.591
107.322
107.102
108.29
108.056
107.769
108.341
107.753
108.482
108.603
108.848
108.084
107.433
107.13
107.086
107.744
108.191
109.553
107.821
107.133
106.773
107.79
109.019
107.288
107.091
107.105
106.693
106.755
106.841
106.614
106.48
106.935
107.785
109.258
108.646
108.19
107.982
108.598
108.292
108.674
106.267
106.569
107.471
107.167
107.683
108.13
107.24
106.729
107.852
108.185
108.908
107.631
108.589
107.843
109.313
109.618
108.765
107.979
107.502
107.218
108.199
107.666
107.037
106.859
108.05
107.895
109.4
109.5
111.989
111.884
112.663
109.545
107.514
108.525
107.43
106.749
106.291
107.101
106.994
106.304
107.039
106.033
106.271
106.604
106.326
106.86
107.194
106.403
109.904
109.262
107.854
108.496
106.406
107.558
107.625
107.848
106.474
106.362
106.583
107.119
107.237
106.595
106.599
107.047
106.701
106.513
106.403
106.772
107.404
106.799
107.285
107.621
106.284
106.25
106.436
106.855
108.458
108.113
108.027
107.662
107.061
107.034
106.788
107.826
107.44
107.37
107.902
107.162
107.404
108.084
108.205
110.007
109.765
108.703
108.072
107.705
106.376
106.768
106.358
106.18
107.186
107.192
106.744
106.969
106.033
105.95
108.783
108.779
106.782
106.524
106.606
106.88
106.574
107.635
106.253
106.503
106.837
106.946
106.067
107.341
108.168
106.563
106.369
106.097
106.038
107.346
108.143
108.81
108.896
107.853
107.436
106.601
107.813
106.468
106.314
106.23
106.905
106.382
105.954
106.258
106.733
106.532
107.484
106.85
106.438
106.331
106.13
105.828
106.297
107.148
106.688
108.673
108.867
107.24
106.966
106.322
107.854
107.195
107.391
110.112
109.586
109.448
108.446
108.604
107.686
108.245
107.023
106.908
108.284
108.198
106.706
107.746
108.777
107.295
107.081
106.785
106.793
106.264
107.105
106.947
106.797
107.706
107.337
107.866
107.844
106.749
105.946
106.779
106.643
106.467
108.156
107.841
107.032
106.677
106.06
106.708
106.445
107.452
109.19
108.958
108.48
106.845
105.977
106.562
107.358
108.019
109.406
106.589
106.803
106.188
106.049
106.322
106.039
105.886
106.918
107.989
107.684
107.593
106.395
106.29
106.746
106.333
105.815
106.78
106.566
106.387
107.296
107.015
106.709
106.611
106.647
106.441
106.555
106.061
106.016
105.936
106.364
106.891
107.26
107.353
106.799
106.559
106.389
106.596
107.383
106.726
107.44
108.047
107.683
107.628
106.483
107.721
108.102
108.082
108.536
106.215
106.785
106.979
106.483
106.292
106.252
106.64
106.615
108.407
107
107.103
106.309
106.443
106.942
106.362
106.949
107.69
107.524
107.373
107.07
106.728
106.079
107.721
107.565
108.895
108.827
108.021
107.602
108.989
107.728
107.514
106.88
107.352
106.664
106.589
106.73
107.345
106.935
106.958
107.485
106.415
106.471
106.504
106.173
106.806
107.549
108.125
107.242
106.9
106.557
107.041
106.918
107.328
106.963
108.302
107.698
107.062
107.322
107.454
106.96
106.965
106.314
106.231
107.99
106.521
107.733
107.161
106.429
106.542
106.788
106.283
106.535
106.31
107.37
106.636
107.086
107.738
107.382
108.072
107.21
107.915
106.802
106.477
106.461
106.446
106.606
106.396
107.846
107.796
107.463
106.568
105.863
106.621
106.216
107.29
106.189
106.197
107.059
106.719
106.662
106.67
107.192
107.233
107.52
106.292
106.946
107.955
107.771
106.744
105.841
106.462
108.559
107.666
108.321
108.324
109.08
107.145
106.208
106.635
105.899
106.991
107.109
106.33
106.44
106.052
106.467
107.387
107.051
107.622
106.669
106.565
105.95
107.494
106.999
107.022
107.628
107.457
107.294
106.973
106.149
106.72
106.898
107.175
106.291
106.257
105.84
106.114
107.417
107.866
107.008
106.689
107.861
108.089
107.062
108.885
108.995
108.157
106.437
108.148
108.111
107.413
109.124
107.945
108.886
108.274
107.372
108.014
107.065
106.154
106.774
108.237
108.922
109.899
109.841
108.539
107.815
107.47
107.943
110.797
108.066
106.934
107.711
107.023
106.391
107.513
107.238
106.478
106.252
106.7
105.989
105.905
106.435
106.418
106.863
106.301
106.236
107.912
107.837
106.789
107.234
107.193
107.004
106.756
106.478
105.948
106.116
106.723
107.421
107.696
107.255
107.203
107.21
108.659
109.773
109.127
107.726
106.66
106.593
108.247
108.222
109.842
110.761
109.487
107.526
107.163
108.042
106.463
106.046
106.458
107.031
106.944
107.368
107.513
106.737
107.495
107.512
109.008
107.548
106.998
106.694
106.556
106.301
106.615
107.472
108.726
107.2
106.725
107.584
106.817
107.327
107.798
106.05
106.357
107.63
107.663
107.708
108.019
106.999
107.679
107.845
107.776
107.184
107.951
107.235
106.438
106.075
106.21
106.163
106.509
106.878
106.331
106.261
106.477
107.437
107.256
107.208
106.969
106.463
106.378
106.689
106.204
106.773
107.412
106.771
106.708
106.385
106.584
106.036
106.75
106.702
106.88
107.645
107.747
106.256
105.985
105.792
107.196
108.017
106.78
106.614
106.858
106.073
106.553
107.109
107.994
107.803
106.991
107.46
108.049
107.976
108.124
108.68
106.758
108.376
107.451
107.851
107.227
106.701
106.916
106.347
106.472
106.635
107.238
106.222
106.89
106.323
106.281
106.02
106.298
106.81
106.696
106.679
106.595
107.176
106.451
107.211
108.15
107.601
107.332
107.467
107.442
107.507
108.232
107.573
107.901
107.201
107.407
107.459
107.306
107.605
107.583
106.159
106.208
106.015
106.707
106.549
107.543
106.374
105.892
106.432
106.519
107.409
107.988
108.3
108.582
107.175
106.725
106.3
107.548
108.485
107.091
108.691
108.096
107.372
106.904
107.28
107.199
106.838
106.01
106.683
107.552
107.495
107.395
108.412
107.407
107.146
107.148
106.711
106.335
108.056
106.491
106.136
106.002
106.51
107.292
106.362
106.751
106.251
107.292
107.391
107.363
106.519
106.694
106.417
106.4
106.378
106.584
105.948
105.728
105.987
106.319
106.472
106.693
106.399
106.635
108.108
106.383
107.248
107.616
108.972
108.698
109.076
109.079
110.415
107.906
107.982
107.294
106.85
106.127
106.902
109.433
108.574
106.958
107.497
107.825
107.32
105.804
106.99
107.213
106.509
107.403
106.563
107.552
107.096
107.254
107.653
106.891
106.853
106.023
105.868
106.098
107.003
107.984
107.095
107.135
108.19
108.56
107.608
108.944
108.125
106.837
106.152
106.901
107.534
108.866
108.933
107.884
108.698
107.278
106.749
106.663
106.568
106.839
108.027
106.643
107.019
106.711
106.019
106.191
106.545
106.855
106.995
107.167
106.699
106.833
107.141
106.774
107.155
106.647
107.042
106.419
107.126
106.147
106.44
106.573
106.498
107.242
108.942
109.164
107.81
108.204
107.156
106.612
107.376
106.537
106.473
106.616
106.544
107.101
106.118
106.11
106.331
106.561
107.41
108.376
108.362
107.829
107.353
107.265
108.289
107.423
107.741
107.215
108.017
107.443
109.664
109.12
108.271
107.568
106.919
107.258
107.039
107.066
108.791
107.024
106.236
105.921
105.984
105.997
106.801
107.005
107.685
108.076
108.168
108.738
107.985
110.81
108.494
108.378
108.837
107.121
107.101
107.026
106.351
106.698
106.726
107.146
107.309
107.431
107.403
106.916
106.296
107.211
106.914
107.232
108.335
107.29
106.279
106.931
107.965
107.32
106.701
106.934
105.977
105.975
106.476
107.177
108.766
108.619
108.814
107.735
107.428
106.649
106.269
106.036
107.989
108.485
108.379
107.868
109.019
106.506
106.121
107.777
108.295
108.903
107.032
107.532
106.593
105.924
105.788
105.99
105.88
106.125
107.687
107.471
108.087
107.646
108.166
108.138
107.255
107.568
106.826
107.362
106.29
107.218
106.199
106.57
106.39
106.896
107.39
106.759
106.217
106.164
106.189
105.898
106.824
107.148
107.422
107.021
107.538
106.992
105.958
106.45
106.91
106.283
106.31
107.34
107.635
107.348
108.037
107.041
107.803
108.025
107.518
106.91
106.62
106.152
105.824
106.383
106.71
108.102
106.562
107.261
106.167
106.022
106.99
106.299
107.056
107.889
107.607
107.913
108.606
107.568
106.927
106.805
106.806
106.137
107.857
106.302
106.875
106.625
106.216
106.591
106.13
106.484
107.783
107.533
106.549
106.242
106.074
106.75
106.165
106.681
106.871
106.282
107.292
107.428
107.771
107.274
108.317
107.728
107.513
107.206
106.818
106.363
107.281
108.26
108.986
109.902
108.642
110.523
109.62
108.005
106.733
106.844
107.01
107.075
107.649
108.1
108.203
108.52
109.191
109.367
107.781
106.808
107.562
106.58
106.335
106.071
106.848
106.602
106.412
107.422
107.07
106.21
106.064
106.139
106.102
105.614
105.95
106.159
106.128
106.616
106.722
106.229
105.649
105.554
106.128
106.124
107.232
106.686
105.663
107.105
107.231
106.868
107.428
106.436
106.429
107.064
106.583
106.317
106.247
106.505
106.237
106.305
106.172
106.57
106.568
107.893
106.363
106.91
106.104
106.433
106.518
106.979
106.446
107.092
107.386
108.553
107.58
107.36
107.242
107.265
107.444
107.062
107.139
107.149
108.004
107.734
106.641
107.478
106.546
106.9
106.066
106.212
105.928
105.809
105.589
106.294
106.877
107.043
106.227
105.635
105.911
106.508
106.358
106.59
106.868
106.826
106.858
107.192
106.259
106.589
106.662
106.781
107.035
106.179
105.987
106.988
106.782
106.943
108.055
107.309
107.583
106.373
106.307
106.577
106.824
107.74
106.708
107.433
106.955
108.209
107.481
107.366
108.011
108.192
109.755
108.734
106.837
106.237
106.583
107.36
106.728
106.294
105.69
106.311
105.74
106.389
105.86
106.016
106.313
106.703
107.838
107.65
107.936
108.748
108.586
106.75
106.502
106.439
106.516
106.664
106.483
106.18
105.654
106.149
107.64
106.837
107.335
106.604
107.938
108.327
109.172
106.293
105.899
106.447
107.64
107.602
106.868
105.7
105.554
106.362
108.972
110.199
110.003
107.752
108.302
109.577
109.059
110.329
108.915
107.353
106.134
106.693
106.543
106.944
106.919
109.797
107.856
106.876
106.509
106.211
106.743
107.77
107.447
106.346
106.893
106.764
106.487
107.229
108.38
107.934
109.204
108.806
108.17
107.207
107.171
107.895
107.293
107.398
106.336
106.45
106.367
105.845
107.458
107.273
106.705
106.264
107.816
107.32
107.712
107.405
107.219
106.82
106.445
106.489
106.748
106.879
107.262
107.65
106.897
106.099
106.343
107.869
108.012
107.311
107.742
107.936
107.978
108.972
109.476
108.421
108.424
108.925
107.57
107.401
106.272
106.89
106.891
107.521
106.619
105.86
106.799
106.212
106.435
106.084
106.482
106.036
106.361
107.614
106.927
108.652
108.402
107.626
107.938
106.84
106.397
106.818
106.556
107.153
107.559
107.864
107.522
107.046
106.217
107.217
106.126
106.132
106.346
106.558
107.308
105.766
106.661
107.038
105.924
106.966
107.711
107.022
106.118
107.185
106.464
105.832
106.328
106.53
108.282
107.519
107.891
108.063
108.483
106.676
106.821
107.383
106.941
107.341
107.451
106.925
106.691
106.262
106.496
106.589
107.394
106.05
106.959
106.862
106.416
107.182
106.646
106.434
106.09
106.54
105.984
106.191
107.739
106.754
106.553
108.21
106.417
106.456
106.784
107.258
106.767
107.146
106.665
106.518
106.953
107.966
107.371
107.076
106.551
105.8
105.652
107.581
107.954
108.421
106.277
106.346
105.851
106.462
106.584
106.041
106.126
105.858
105.678
106.057
106.057
106.277
106.262
106.774
105.939
106.639
106.223
106.397
106.537
107.556
108.221
106.459
106.807
106.738
107.202
106.884
106.548
106.779
107.19
106.747
106.077
106.59
106.919
107.49
107.042
106.578
106.615
107.307
108.201
106.544
105.822
105.738
106.925
107.108
106.622
107.261
107.245
107.924
107.854
109.802
108.405
107.96
108.814
109.294
107.828
107.868
108.108
107.453
106.453
106.338
105.881
106.036
106.449
106.375
106.806
107.668
106.846
106.713
106.841
106.846
106.305
106.892
106.473
107.547
106.234
108.036
107.384
106.429
106.274
106.627
107.836
107.463
106.759
106.516
106.897
107.434
109.331
110.048
107.582
107.957
108.093
107.717
107.938
109.727
107.795
106.928
108.042
108.533
106.441
106.175
106.426
105.775
106.557
107.186
106.08
106.13
107.519
106.942
107.453
108.538
106.84
106.692
106.128
106.954
107.226
106.417
106.281
106.823
107.172
107.67
106.833
106.636
107.343
106.299
107.965
107.58
106.725
106.373
106.464
106.025
106.233
105.853
107.092
109.014
107.354
107.143
106.272
107.74
108.644
109.64
106.894
107.427
108.756
107.971
107.276
106.305
106.916
107.794
107.061
106.746
105.907
105.796
106.052
106.299
106.085
106.405
106.585
107.215
107.034
106.767
106.363
106.294
106.699
107.141
107.478
106.815
105.669
106.543
107.071
106.371
107.147
107.462
107.558
107.414
107.491
107.004
108.229
107.688
109.503
108.093
107.79
107.458
107.625
107.765
109.513
107.902
107.53
108.189
107.734
106.316
106.737
105.986
107.429
107.094
106.25
107.231
106.137
106.163
106.869
106.517
106.381
107.329
106.703
107.351
107.88
108.194
107.865
106.381
107.984
106.584
106.776
106.523
108.196
107.513
109.246
108.488
108.052
107.375
105.975
106.021
106.327
107.781
106.968
107.8
109.152
108.404
107.89
107.551
107.146
106.292
105.657
105.79
106.381
106.477
106.267
106.211
106.218
106.17
106.123
106.252
106.63
106.454
107.727
107.678
106.721
106.736
106.726
106.544
106.898
107.139
107.417
106.963
106.732
106.416
106.972
106.728
109.188
107.609
109.778
109.846
109.39
111.885
109.933
108.681
108.393
105.774
106.115
106.065
106.4
106.851
106.658
106.948
106.295
106.259
105.615
105.586
105.909
106.518
107.185
105.935
106.867
106.67
107.472
106.241
107.217
106.325
106.328
107.913
107.534
106.873
106.792
106.735
106.355
107.75
107.247
106.699
105.996
106.248
106.462
107.995
108.597
108.477
107.893
107.447
107.64
108.59
107.955
107.244
108.234
108.541
108.507
107.711
107.696
107.294
108.922
107.775
107.462
109.038
108.349
108.521
106.969
106.712
106.303
106.613
108.849
106.935
106.558
106.353
105.875
106.055
106.79
107.438
106.638
107.451
108.698
109.826
108.932
106.743
106.458
107.627
107.057
106.362
106.656
107.589
106.58
106.197
106.372
106.703
106.408
106.724
106.202
106.555
106.443
106.874
106.333
106.257
106.929
106.115
106.016
106.504
107.801
108.347
109.564
108.508
108.013
107.056
106.701
106.617
107.687
109.331
108.058
106.9
106.692
106.098
106.271
106.356
106.341
107.318
108.82
108.399
108.535
107.156
108.107
106.804
107.262
107.881
108.114
110.482
106.88
105.869
106.276
106.874
107.806
107.669
107.18
107.036
107.361
107.539
108.006
107.454
107.86
107.053
107.479
107.663
107.689
107.361
105.898
106.245
106.621
107.202
106.226
107.061
107.453
106.526
106.295
107.49
108.474
107.398
106.411
106.224
105.723
106.017
106.52
105.961
106.079
106.903
107.509
107.631
107.17
106.602
106.187
106.564
107.467
106.749
106.237
106.647
106.377
106.178
106.113
106.231
107.957
106.905
106.034
106.608
106.861
106.306
107.398
107.16
106.211
106.289
107.164
106.555
107.731
107.423
106.447
106.238
107.553
106.584
107.307
109.348
108.987
109.97
109.57
107.597
107.557
108.113
106.803
107.121
106.55
106.358
106.217
106.086
105.615
106.295
106.194
106.897
106.915
107.496
107.54
108.503
107.365
107.495
106.612
107.232
106.901
106.416
108.505
108.846
108.15
107.599
107.978
108.144
107.227
107.187
107.072
106.068
106.777
108.471
109.308
109.202
108.858
108.924
107.176
106.441
106.312
106.607
106.922
106.455
107.342
108.591
107.938
107.333
107.594
106.982
107.322
109.18
106.632
106.165
106.381
106.763
106.103
106.937
106.078
105.946
107.437
106.96
107.204
106.883
107.811
106.924
106.258
105.976
106.814
107.281
107.132
107.026
106.624
107.32
106.014
106.573
105.939
106.11
106.84
107.464
107.559
107.965
108.445
107.935
109.578
109.349
109.132
109.892
108.811
107.869
106.581
107.722
107.859
106.552
107.28
106.882
107.096
106.264
105.956
107.297
107.276
107.983
107.034
107.298
107.863
107.194
107.068
107.669
108.929
107.459
107.179
107.131
106.762
107.425
106.39
106.817
107.647
107.648
106.729
107.131
106.888
106.437
105.876
106.525
106.764
106.16
106.537
106.883
106.252
108
108.308
108.306
107.58
107.406
108.074
108.537
106.616
107.004
106.669
105.879
106.149
106.522
106.791
107.309
106.752
105.791
105.857
106.787
106.545
107.741
107.269
108.22
107.149
108.673
108.36
108.807
108.847
108.321
107.932
107.961
108.028
107.9
106.465
106.432
106.081
106.559
106.195
106.63
106.073
106.64
106.52
106.453
107.891
109.108
107.653
107.816
106.223
106.649
108.237
109.356
108.593
109.04
107.594
108.109
107.092
106.057
106.969
106.506
107.177
107.117
106.174
106.782
106.688
107.15
107.306
107.926
107.679
107.423
106.47
105.792
105.949
105.764
105.855
105.559
105.996
106.627
106.348
106.099
105.749
106.577
106.566
106.139
106.366
106.646
106.951
106.697
108.496
107.92
106.426
106.201
107.804
108.314
108.785
107.226
108.256
107.948
107.77
107.382
106.484
107.601
106.457
107.461
107.347
107.067
105.903
105.874
106.316
106.645
105.902
105.876
106.318
107.383
105.914
106.117
106.672
106.551
107.217
107.418
108.505
108.971
108.897
107.382
107.409
108.082
108.445
109.084
107.773
108.465
108.388
107.327
107.387
107.349
106.355
106.59
106.754
107.12
107.124
106.14
106.192
107.199
107.558
106.385
106.382
107.889
106.669
106.149
105.996
106.536
106.57
107.298
107.718
106.267
106.724
106.243
106.506
106.297
106.555
106.506
107.268
106.946
107.217
106.793
106.434
106.386
106.377
106.648
106.361
106.226
106.01
106.523
106.233
106.071
106.5
106.098
105.883
106
106.352
105.727
105.718
106.295
107.243
106.54
106.068
107.298
108.178
106.668
106.711
107.357
106.157
106.455
106.303
105.933
106.659
106.938
108.518
107.345
108.319
108.628
108.19
109.372
108.028
108.574
108.236
106.736
107.26
108.104
108.628
107.206
107.47
108.347
106.524
106.446
106.43
107.396
107.133
107.397
106.867
106.181
106.006
107.335
108.26
107.144
107.197
108.003
108.525
108.092
107.66
106.098
107.515
106.095
105.916
106.232
106.827
107.227
107.879
108.08
107.101
108.014
107.704
107.482
106.291
106.8
106.949
106.516
106.01
105.554
105.643
105.794
107.999
107.171
107.384
107.735
107.608
107.28
106.933
107.27
106.174
106.051
106.431
106.971
107.139
106.175
106.97
106.541
106.651
106.191
105.743
106.669
106.903
107.004
106.027
106.387
106.752
106.531
108.986
108.728
108.785
107.676
106.597
106.483
106.768
107.298
106.264
106.875
106.497
106.345
106.915
107.529
107.716
107.677
105.71
106
105.896
106.316
106.147
106.977
105.979
106.874
106.89
107.62
108.359
107.347
107.724
108.858
108.364
106.76
106.102
106.234
107.327
106.087
106.889
106.16
105.81
107.601
106.618
106.309
107.174
107.241
107.362
106.541
107.255
108.082
108.934
107.251
108.495
107.904
107.256
105.94
106.597
105.966
106.571
106.475
106.388
106.291
107.455
106.399
106.714
106.959
107.502
106.582
106.625
107.012
106.728
107.962
107.767
106.54
106.261
106.497
107.439
108.56
107.705
106.68
105.972
106.348
107.325
106.885
106.289
107.719
108.094
107.123
106.934
106.328
106.663
107.6
108.368
107.059
106.662
107.605
107.274
107.084
107.496
106.764
106.415
106.677
107.081
107.968
108.494
109.507
109.565
111.871
111.241
109.539
108.795
108.273
106.825
107.782
106.379
106.569
108.387
109.15
108.124
110.066
109.609
106.806
107.137
106.435
106.131
106.128
106.268
105.717
106.254
105.72
106.549
107.541
106.935
106.361
106.662
106.913
106.495
106.648
106.172
105.554
105.957
106.313
107.151
106.705
106.467
106.924
106.018
106.061
105.935
106.517
106.605
108.414
107.057
107.583
106.66
106.902
108.335
106.858
107.089
107.193
107.407
106.14
106.322
107.847
107.235
107.446
108.464
108.311
109.024
107.523
106.457
107.313
106.936
106.249
106.298
107.458
107.132
107.693
107.341
109.475
108.603
107.202
106.998
106.643
107.219
106.711
106.77
106.403
106.707
107.172
107.283
107.312
107.867
107.861
107.492
107.871
107.645
107.292
106.018
106.209
106.312
106.026
106.175
105.847
106.475
106.705
107.694
107.096
106.473
106.159
105.643
105.856
106.466
106.514
106.23
106.267
105.951
105.569
106.604
105.717
106.783
106.873
106.92
107.284
107.372
107.753
105.62
105.826
105.958
105.946
106.978
107.595
107.117
106.255
106.711
106.439
106.861
106.662
106.754
106.486
106.206
105.596
106.501
106.184
106.482
106.465
107.375
107.244
106.882
105.936
106.058
106.513
106.637
106.15
105.684
106.246
107.212
107.725
106.998
106.848
106.931
107.1
107.211
107.396
109.358
107.14
108.015
108.981
107.493
106.759
106.17
107.299
106.8
106.565
107.359
108.194
107.844
108.258
108.797
108.45
107.229
107.745
106.52
106.654
106.567
107.64
107.105
105.839
106.363
107.926
108.084
108.293
107.069
109.015
108.454
108.556
108.171
107.48
108.123
106.627
107.124
106.444
106.489
106.643
105.948
107.043
108.702
108.113
109.066
108.071
106.166
106.939
107.21
106.473
106.217
105.83
105.621
105.701
105.982
106.033
107.291
106.753
106.387
106.889
106.078
106.079
105.932
106.116
106.134
105.689
105.689
105.736
106.119
107.756
107.468
107.284
107.693
108.618
106.511
106.116
106.273
106.392
106.241
105.898
105.554
106.415
107.287
107.548
106.288
106.22
107.293
107.845
106.816
106.683
106.364
106.217
106.891
107.635
107.008
105.782
105.722
106.097
106.527
106.742
106.867
107.206
106.517
106.795
107.128
107.353
106.328
107.958
109.248
108.635
108.444
108.656
106.862
105.915
107.928
107.226
109.37
108.138
107.093
107.461
107.432
106.677
107.396
106.606
106.56
107.483
107.535
107.637
106.906
105.852
108.021
108.536
107.242
106.42
106.995
106.441
105.743
106.258
105.981
106.174
107.248
106.269
107.093
107.641
106.065
106.334
106.616
106.295
107.034
106.382
106.569
108.024
108.522
108.976
110.488
108.791
109.012
108.322
108.146
109.378
111.298
109.619
107.537
107.194
106.74
107.06
106.588
106.884
107.178
108.068
106.412
107.136
106.703
106.257
107.047
107.644
108.506
107.871
107.429
108.17
111.209
111.035
109.465
106.964
106.88
107.181
106.442
106.161
106.355
106.147
107.176
106.641
106.356
106.995
106.4
107.158
108.379
107.674
107.535
108.029
109.16
108.888
108.429
106.815
106.611
105.962
105.943
106.871
106.536
105.898
107.054
106.598
106.858
107.23
106.541
106.142
107.146
106.039
105.722
106.166
106.101
106.141
106.065
106.761
107.314
107.891
107.419
109.151
108.803
107.062
106.35
106.283
106.596
106.612
108.052
107.046
107.532
106.877
107.03
107.126
106.66
106.711
106.699
106.521
107.398
109.434
107.948
107.05
106.038
105.953
106.527
106.32
106.568
107.01
106.694
106.554
106.771
107.115
107.015
106.963
106.724
106.611
106.206
106.768
106.701
107.573
107.104
107.094
107.897
106.23
107.06
106.9
106.556
105.961
106.206
106.032
106.646
106.237
105.573
105.858
105.721
105.941
107.108
107.158
107.464
107.066
107.079
107.482
108.768
107.133
106.633
107.163
105.694
105.586
106.431
106.393
106.137
107.214
110.536
109.15
108.452
109.016
108.946
110.292
110.442
108.189
108.156
107.616
106.16
107.777
108.557
107.432
108.786
108.591
109.514
108.497
108.679
108.353
107.547
106.873
107.036
106.743
106.691
106.323
106.727
108.071
108.967
107.523
108.483
107.475
107.853
108.806
108.28
109.02
106.736
107.215
106.334
106.079
105.717
106.027
106.252
106.679
106.98
106.162
105.923
106.183
106.177
105.776
105.791
106.165
106.393
108.076
106.703
106.475
106.762
107.835
108.016
108.002
109.271
106.874
106.911
108.475
107.268
106.775
105.964
105.756
106.191
106.311
106.142
106.692
106.13
106.439
107.333
107.039
107.233
107.723
106.115
105.736
106.114
105.864
106.44
107.819
107.413
107.167
106.478
108.655
108.206
107.036
105.807
106.361
106.619
107.457
107.68
108.099
109.438
108.007
107.469
107.507
107.556
108.011
107.148
107.893
107.968
106.919
105.947
106.686
106.222
107.515
106.599
106.197
106.52
107.492
106.551
106.416
106.265
106.521
105.919
106.489
105.849
106.201
105.962
106.593
106.31
107.906
107.325
106.778
107.154
106.163
106.068
106.056
105.926
106.29
106.524
106.276
106.163
106.19
107.037
106.492
106.348
106.149
108.008
108.497
108.587
107.636
107.085
108.142
106.881
106.79
106.823
107.391
106.563
106.989
106.987
107.804
107.121
107.85
105.985
105.941
106.207
107.243
106.205
105.796
105.809
106.78
107.148
107.185
108.271
107.863
106.93
106.875
107.142
106.755
106.336
107.016
106.865
105.909
105.917
106.142
105.823
105.794
105.762
106.297
105.902
106.654
107.059
107.85
106.785
106.121
106.006
106.296
106.152
106.796
107.191
109.847
108.267
106.865
106.108
106.579
106.409
106.913
108.804
107.543
108.527
108.843
107.341
106.251
106.998
107.654
108.072
108.047
108.327
107.186
106.583
106.996
106.774
108.505
108.325
108.707
108.048
109.453
107.997
107.094
105.858
107.713
106.528
106.516
106.526
106.505
107.006
105.554
106.176
106.257
106.901
106.709
106.823
106.077
106.785
105.876
106.046
106.067
106.356
107.125
106.808
106.651
106.911
108.398
107.17
106.727
108.755
108.339
107.294
107.403
106.489
106.365
107.39
107.773
107.587
107.47
109.046
108.65
107.927
106.41
106.218
107.025
105.84
105.781
107.246
106.155
106.444
106.823
106.35
106.984
106.353
106.291
106.25
106.666
107.282
108.244
108.113
106.845
106.532
106.153
106.132
106.523
107.25
108.201
107.708
107.211
108.056
109.552
109.38
109.226
108.067
106.898
107.544
106.013
105.713
106.321
107.62
107.898
108.197
106.63
106.567
107.419
107.624
107.527
108.06
107.008
107.046
107.647
106.727
106.282
108.39
108.142
108.094
108.849
108.901
108.003
108.445
107.787
107.195
107.31
106.954
106.412
106.146
106.833
106.434
107.048
106.792
105.932
106.643
108.626
107.719
108.246
106.745
106.073
106.518
107.088
108.638
106.209
107.525
106.836
106.658
105.989
105.916
107.339
107.918
108.674
108.607
107.337
107.066
105.96
106.102
106.598
106.01
105.895
107.056
107.522
106.419
106.562
106.475
109.101
106.993
106.81
108.192
106.994
106.711
105.35
106.149
106.675
107.503
108.224
105.936
106.442
105.902
106.931
105.374
105.729
105.625
105.197
106.263
105.36
105.692
106.529
107.745
107.806
107.808
107.908
108.587
108.135
108.44
107.151
105.284
106.312
104.997
104.902
105.1
105.51
105.349
105.136
104.406
104.759
104.716
105.536
104.962
104.408
104.463
105.444
104.624
105.014
105.611
105.668
106.002
106.322
105.67
105.514
105.854
105.297
106.496
106.974
106.178
105.175
104.929
105.328
105.161
105.062
104.541
104.551
104.91
105.097
105.92
106.508
108.475
107.936
107.549
107.315
106.788
107.463
106.49
105.237
104.977
104.884
104.912
105.653
107.664
106.851
106.161
105.849
104.987
106.079
107.114
106.179
106.369
105.654
106.087
106.129
104.619
104.413
104.523
104.956
105.204
105.387
106.482
106.67
106.585
107.073
104.912
106.325
106.8
108.266
109.136
106.712
105.951
105.38
104.815
104.816
105.816
108.874
106.931
105.748
106.799
105.558
105.844
105.602
106.722
104.325
104.781
105.613
104.633
105.503
104.472
106.32
104.668
104.479
105.292
105.982
105.91
106.069
104.564
105.47
106.777
106.099
104.995
104.632
103.983
103.7
104.755
104.521
104.528
103.966
104.381
105.833
105.7
104.687
104.393
104.524
104.162
103.956
104.693
105.09
104.698
104.232
104.624
104.918
104.525
104.584
105.729
106.874
105.295
104.197
105.793
105.76
104.981
105.431
104.061
104.143
104.593
103.412
103.48
103.856
103.665
103.731
103.864
106.079
104.295
104.047
104.553
104.888
104.898
105.196
105.023
104.947
104.215
103.958
103.972
104.006
103.902
104.009
105.054
106.032
105.214
104.963
104.238
104.911
104.383
104.504
105.662
105.393
105.452
104.913
105.196
104.983
105.152
104.547
104.178
103.833
103.983
104.667
105.057
104.42
104.604
104.03
105.338
105.032
104.127
104.329
104.658
104.718
104.618
104.235
103.613
103.55
104.083
104.536
105.026
107.092
105.447
105.724
104.408
105.362
104.526
105.714
106.244
105.557
104.612
104.102
103.745
103.362
104.017
103.867
105.558
104.781
104.804
104.659
105.595
103.649
103.444
103.773
104.293
103.898
104.446
104.461
104.161
104.213
104.917
104.574
105.341
104.99
103.575
103.798
106.63
106.024
105.074
105.1
104.899
103.883
104.391
104.241
103.685
103.548
103.988
105.444
103.898
105.129
105.185
103.985
104.346
104.876
105.349
104.141
103.344
103.195
103.936
105.541
105.438
105.334
104.747
104.065
103.622
103.431
104.047
106.231
104.523
103.966
104.097
103.641
105.073
106.804
105.007
104.746
104.987
104.125
103.747
104.866
104.201
104.081
104.092
103.886
104.398
104.827
105.587
104.099
105.061
105.062
106.142
104.574
103.457
104.305
104.818
107.026
103.952
104.838
104.873
104.851
105.226
105.967
104.328
103.626
104.086
104.593
103.911
103.866
103.339
104.071
103.454
103.376
104.189
105.001
104.633
104.576
105.415
103.463
103.637
103.323
103.377
104.227
103.888
103.849
103.765
104.543
104.705
104.868
105.777
106.033
104.749
106.702
107.901
107.368
105.116
104.575
103.994
105.164
103.797
104.867
105.231
105.785
105.236
104.369
103.465
104.516
103.835
104.308
103.952
104.034
104.356
104.251
104.291
104.158
104.862
103.671
103.47
103.34
103.382
103.663
103.866
104.733
104.282
103.574
103.121
103.102
103.407
103.839
104.429
104.808
104.551
105.63
105.863
105.518
104.544
103.453
105.028
103.486
103.533
103.328
103.384
103.422
104.185
104.671
104.742
104.156
103.96
105.58
104.973
105.058
104.486
105.046
105.755
104.318
103.958
104.076
104.131
104.404
104.423
104.428
104.035
104.527
104.407
104.88
105.702
104.834
104.953
105.128
104.913
104.603
103.763
104.524
105.772
105.28
105.017
106.19
107.077
105.543
104.93
105.398
104.785
103.686
105.093
106.953
105.855
105.539
104.355
104.568
104.569
103.941
104.047
104.107
104.208
104.019
104.306
104.835
104.274
105.291
104.974
103.726
103.985
104.877
105.648
104.433
104.822
104.424
104.252
104.034
104.874
104.971
106.657
104.964
103.594
104.562
105.527
105.439
104.481
103.873
103.992
104.754
103.673
103.863
103.868
105.354
105.726
104.371
103.793
104.764
103.656
104.213
104.546
103.963
103.577
103.685
104.716
104.351
104.334
103.189
103.637
104.289
104.782
105.073
106.102
105.046
104.539
105.001
104.555
104.595
105.311
105.042
105.508
103.973
103.962
105.099
103.777
103.539
103.446
103.565
103.992
104.35
103.58
104.066
103.75
103.643
104.783
105.649
103.927
104.522
104.44
103.882
103.703
104.198
104.531
103.727
103.435
103.745
103.857
105.326
103.775
104.396
105.065
104.477
104.79
103.647
103.658
104.292
104.401
103.803
103.854
104.006
105.883
104.273
104.537
104.455
104.381
103.364
103.387
103.539
104.111
104.985
104.58
105.776
104.998
103.861
104.925
105.49
105.946
105.628
103.66
104.598
104.147
104.65
104.859
103.87
104.916
103.667
103.823
103.276
104.777
103.249
103.503
103.116
103.791
104.568
104.423
104.268
104.591
104.829
105.172
105.649
103.963
104.47
105.313
104.502
103.805
104.533
104.62
105.09
104.713
103.281
103.152
103.3
103.184
103.646
103.665
103.787
104.55
103.919
104.391
104.159
104.505
104.957
104.496
104.394
105.681
107.239
105.808
104.954
104.703
103.775
104.183
105.972
104.633
104.241
104.126
103.524
103.363
104.253
104.097
104.909
104.391
104.012
104.947
104.253
103.713
105.228
105.129
104.41
105.843
105.018
104.639
104.565
104.898
105.094
104.891
104.279
104.983
104.902
104.02
104.253
104.517
104.749
105.816
104.85
104.671
104.496
104.02
103.727
103.448
103.115
104.113
103.635
104.141
105.062
105.951
105.609
105.529
104.568
104.278
103.418
103.796
103.763
103.763
104.361
104.027
103.664
103.989
104.314
105.234
104.906
104.194
103.737
104.267
103.897
104.639
104.714
104.282
104.48
104.843
104.247
104.708
104.527
104.115
105.037
105.312
104.854
104.166
103.734
103.671
103.549
103.297
103.854
103.706
104.127
103.844
103.562
104.275
105.6
104.696
104.702
104.348
104.426
103.4
103.485
104.012
103.626
104.578
104.684
105.119
106.504
104.562
103.573
104.003
103.825
103.741
104.637
103.619
104.34
103.887
104.477
104.687
104.636
104.763
105.21
105.506
105.083
104.583
104.561
105.855
104.219
104.288
105.431
104.922
104.319
103.755
103.585
104.462
104.569
105.025
105.003
105.998
105.09
105.244
106.058
104.198
105.433
106.94
106.563
108.051
107.51
107.343
106.397
107.31
104.974
105.371
104.773
105.053
106.113
105.641
104.058
103.642
105.093
104.461
104.135
103.319
103.738
105.476
105.979
107.249
106.264
104.698
104.921
104.681
104.489
104.095
105.145
104.444
106.485
105.094
105.112
104.785
104.008
104.511
104.315
103.193
103.568
104.76
103.998
103.688
104.088
104.769
104.518
104.702
105.301
104.616
104.812
103.485
103.272
103.34
103.479
104.779
104.724
105.119
104.077
105.462
104.015
105.739
105.735
106.509
106.504
107.224
104.842
104.006
103.506
103.875
105.092
105.809
105.376
104.301
105.135
105.016
106.48
106.836
107.063
104.832
103.898
103.496
103.599
104.336
103.649
103.282
104.338
105.231
105.366
105.527
106.753
107.433
106.43
105.858
104.582
103.74
104.646
104.582
104.056
103.706
103.264
104.309
104.07
105.364
104.45
104.969
104.109
105.136
104.039
104.014
104.165
104.69
104.022
103.608
103.958
103.656
104.632
103.572
103.444
103.512
103.739
103.345
103.986
104.246
104.169
105.012
105.953
106.089
105.452
106.92
105.3
106.09
105.376
105.179
105.24
104.583
103.513
104.052
103.27
103.648
104.491
104.395
105.231
103.722
103.969
103.859
104.51
104.011
104.203
103.898
104.249
105.311
105.298
104.79
104.492
104.848
104.432
106.696
106.83
105.291
106.839
105.718
104.362
104.444
104.286
105.645
104.962
105.287
104.356
104.35
104.576
105.022
105.433
108.915
105.607
104.206
103.865
103.534
103.532
103.183
103.414
103.651
103.145
103.728
104.215
104.018
104.528
104.444
103.471
104.048
104.06
104.291
105.447
104.763
106.784
107.127
106.22
104.958
104.937
106.579
106.726
105.129
105.636
104.874
105.219
104.641
103.985
104.537
105.368
104.628
104.3
103.68
104.966
105.523
106.08
104.149
103.728
104.185
104.056
104.143
103.131
104.886
104.723
106.048
104.131
103.595
103.963
103.954
104.872
104.615
104.433
104.668
104.733
104.827
105.774
104.112
103.887
103.892
104.339
104.18
103.37
103.384
103.332
103.745
103.538
103.905
103.26
104.122
105.297
105.111
104.407
103.814
104.423
103.947
104.067
103.865
104.206
103.331
103.665
103.951
104.296
104.416
103.836
105.141
104.336
104.433
104.889
103.966
104.39
104.293
104.438
104.325
103.903
103.35
103.656
103.886
104.273
103.913
104.212
103.631
103.655
104.29
103.403
103.887
104.669
103.955
103.815
103.582
103.839
103.557
103.682
104.133
104.299
104.864
104.294
104.733
104.75
103.961
103.847
104.077
103.643
103.773
104.961
105.439
105.065
104.312
104.337
104.419
105.83
105.659
106.017
105.808
106.292
106.173
105
104.835
104.022
104.205
104.821
104.276
103.926
105.19
106.165
106.012
105.848
104.505
103.629
104.266
104.356
104.775
104.561
103.761
103.451
103.776
103.864
103.859
103.803
103.562
104.931
105.523
104.541
104.995
104.356
104.066
103.887
104.773
105.848
106.418
103.751
104.837
104.553
104.077
103.693
103.59
103.708
103.5
103.711
104.154
104.11
104.536
105.109
104.97
104.725
106.215
105.461
105.026
105.192
103.945
103.852
103.476
104.268
104.583
104.745
104.531
103.39
103.199
103.177
103.649
104.858
104.95
106.04
104.697
104.993
104.388
104.241
104.585
104.041
104.693
104.105
103.545
104.663
105.041
103.642
103.643
103.993
104.113
104.368
105.24
104.273
105.804
104.431
104.938
103.731
103.808
104.272
104.659
104
104.425
106.088
104.2
103.572
105.638
104.878
105.526
106.238
106.443
105.647
104.871
104.243
104.445
104.996
105.003
104.596
103.5
103.961
104.062
103.74
105.414
106.925
105.176
105.277
105.252
106.428
105.224
104.504
104.883
104.201
103.417
103.606
103.608
104.008
104.374
105.113
104.345
104.648
104.832
103.398
103.757
103.975
104.007
105.149
104.575
105.194
104.787
104.654
104.574
105.163
103.942
105.679
105.517
105.174
108.021
107.424
105.517
105.104
104.522
103.919
103.727
104.861
104.479
104.501
105.783
104.886
105.056
104.186
104.33
104.932
106.034
105.379
104.776
105.397
105.655
105.006
104.279
104.954
105.518
106.364
105.642
104.613
104.123
103.743
104.873
105.675
105.019
104.262
104.291
104.947
105.672
104.679
104.181
104.258
104.386
105.86
106.2
105.554
104.597
103.532
104.306
104.695
104.092
104.892
105.211
104.674
104.526
104.703
104.148
103.207
103.731
104.258
103.653
103.666
104.442
104.042
103.743
103.787
104.582
105.018
104.743
104.348
104.312
104.209
103.396
103.102
103.335
103.937
105.945
104.742
104.964
106.395
105.596
104.438
104.261
104.217
103.608
103.165
103.274
103.38
103.433
104.544
104.247
104.602
103.512
103.418
103.58
103.356
103.76
103.702
103.809
104.158
104.275
103.968
104.307
104.175
105.884
104.732
103.368
104.379
104.841
106.196
104.367
104.374
103.347
103.323
104.892
105.201
103.8
103.731
104.441
103.679
103.714
104.012
103.465
103.495
104.36
105.719
105.075
106.353
105.331
104.347
104.141
104.015
103.841
105.544
104.492
105.116
105.179
106.036
106.743
105.576
104.166
104.221
104.049
104.265
104.67
105.037
104.543
103.686
103.24
103.82
105.22
104.742
104.146
104.428
104.261
103.765
106.37
105.017
105.76
105.026
104.833
104.276
104.247
104.519
104.274
104.563
103.87
103.846
104.295
104.323
103.966
103.924
104.424
103.886
103.358
103.633
103.969
104.187
104.554
105.717
107.032
105.775
107.046
106.748
104.663
103.817
104.167
103.804
103.583
103.987
103.728
103.457
103.509
103.654
104.575
104.642
104.943
104.317
105.074
104.497
105.358
105.938
105.567
105.927
105.582
106.217
106.361
105.139
105.303
105.514
104.485
104.692
105.659
105.289
105.761
104.015
104.917
106.267
105.548
105.095
106.463
106.032
105.201
104.751
105.11
106.912
104.91
103.791
104.046
104.385
103.362
103.112
103.816
104.215
104.087
105.367
103.823
103.754
103.546
103.93
104.404
105.031
105.059
104.64
104.916
105.716
104.321
104.052
104.061
103.418
103.657
104.416
103.332
103.628
103.356
103.968
104.404
105.029
105.09
105.056
105.088
103.777
104.063
103.533
103.798
104.731
104.734
103.734
103.464
103.235
103.715
103.592
103.891
103.296
103.164
104.11
104.705
104.024
103.896
103.965
105.276
104.312
105.988
105.481
104.842
104.935
104.139
106.093
103.881
103.465
104.046
103.922
105.147
104.853
104.702
105.963
104.216
104.049
104.914
105.558
105.042
103.83
103.733
104.424
105.181
105.395
105.458
105.925
104.758
103.719
103.223
103.125
103.453
103.472
104.13
103.566
104.524
104.436
104.689
104.294
104.708
104.748
105.436
105.609
105.267
104.579
104.078
104.191
105.906
105.802
104.71
104.065
103.883
105.231
104.14
103.751
104.019
104.075
103.866
103.858
103.744
104.539
103.544
104.07
104.73
105.062
106.423
103.92
104.144
105.121
105.131
104.881
104.128
104.674
106.23
104.488
105.659
106.085
104.911
105.119
104.921
103.983
103.58
104.23
104.461
103.687
103.887
103.605
103.969
104.035
104.525
105.619
104.272
104.832
106.079
106.152
105.075
105.415
104.562
104.957
104.941
104.565
104.825
105.097
104.713
104.557
104.398
103.423
104.295
104.559
103.731
103.433
103.788
104.201
104.832
106.267
106.339
106.478
106.515
104.248
105.038
103.91
103.739
103.94
104.879
103.828
103.59
103.102
103.361
103.376
103.898
104.172
104.156
104.731
104.839
104.033
103.937
103.89
104.357
105.168
106.371
105.55
104.121
104.308
103.744
104.013
104.176
104.241
103.974
105.159
104.785
104.903
104.374
104.485
104.054
103.96
105.727
106.125
105.024
105.903
105.745
104.497
104.615
105.318
104.902
104.146
104.034
103.993
103.941
105.388
105.832
104.661
104.734
105.477
105.624
105.132
105.043
105.118
104.402
104.43
104.044
104.199
104.88
105.989
104.821
105.583
106.561
105.896
106.236
106.193
104.188
103.949
105.031
104.093
104.171
103.833
103.587
103.623
103.605
104.105
105.583
105.156
103.946
104.251
104.65
104.877
104.069
105.1
105.448
105.523
105.768
104.934
105.334
104.482
103.738
104.74
103.742
103.337
103.122
104.541
104.495
105.242
104.186
105.47
104.997
104.098
103.431
104.624
105.625
103.921
105.032
103.909
103.746
103.604
103.664
103.799
104.349
104.237
104.738
103.499
104.077
104.63
103.527
103.831
104.62
103.844
103.117
103.294
103.102
103.18
103.194
103.446
103.55
103.718
104.338
104.004
103.803
105.34
104.201
103.729
104.776
105.532
103.978
103.765
104.513
103.84
104.041
105.182
105.833
105.259
104.502
103.581
103.633
104.124
103.63
103.746
103.972
103.677
103.805
103.618
103.187
103.417
103.347
104.045
104.457
104.106
104.192
103.797
104.627
103.796
103.369
103.14
103.386
103.509
104.151
103.673
103.949
103.94
106.059
105.925
106.437
107.09
105.831
105.467
104.095
104.256
105.349
104.192
105.182
104.689
105.089
104.927
104.275
103.685
104.464
104.646
105.06
104.361
103.456
104.589
104.337
105.551
104.978
105.513
105.035
104.444
103.192
104.535
105.298
104.256
104.171
104.1
104.56
104.461
104.124
104.617
103.977
104.033
103.839
104.976
105.732
104.674
104.86
103.661
104.419
104.777
104.856
103.969
103.548
104.468
103.391
103.882
104.774
105.068
106.059
104.652
104.571
104.92
104.497
105.107
104.169
104.518
103.888
104.023
103.715
103.535
104.667
103.919
105.308
105.154
105.95
104.96
105.224
104.82
104.686
105.389
105.143
105.248
105.048
103.794
104.166
105.977
104.201
102.723
104.055
103.152
102.983
102.355
103.068
103.049
102.407
102.37
102.502
102.9
102.355
103.278
102.981
102.578
102.834
102.954
102.804
103.314
102.615
102.098
102.541
102.163
102.71
102.545
101.846
102.093
102.086
101.892
102.22
102.771
102.171
102.428
101.928
102.265
102.369
102.094
103.804
103.034
102.757
103.828
104.599
102.4
102.404
102.913
103.124
103.158
102.117
102.344
102.747
102.949
102.153
103.302
104.332
104.708
105.914
106.663
104.918
106.144
105.115
104.128
104.046
104.02
102.928
101.975
102.135
102.078
102.866
102.064
102.84
102.425
101.947
102.781
102.038
101.97
102.633
103.32
103.332
104.131
103.181
103.048
103.475
103.296
102.056
103.436
102.797
101.83
101.376
102.037
103.162
101.121
101.038
101.102
101.619
102.241
103.184
102.537
102.826
102.094
102.438
102.596
101.624
101.168
102.192
102.769
102.65
102.999
101.964
102.911
102.76
102.351
102.152
102.533
102.604
102.161
102.485
102.236
101.299
101.691
101.239
101.924
103.484
101.693
102.963
102.556
102.326
103.664
102.946
103.083
103.36
103.227
102.028
101.368
101.332
101.406
101.311
101.671
102.277
101.57
101.31
101.889
101.229
101.345
101.316
101.118
101.635
101.362
101.999
102.466
102.177
101.686
103.061
101.76
102.304
101.699
101.76
101.554
101.904
101.623
101.688
102.697
103.677
103.976
102.158
102.066
103.44
102.615
102.261
102.12
103.277
101.753
102.037
100.883
100.886
100.349
101.137
100.681
100.736
101.085
100.605
100.827
100.607
100.373
100.777
100.919
100.851
100.865
100.602
101.301
101.518
100.662
100.422
100.144
100.765
101.52
101.72
101.386
100.94
101.036
101.016
100.968
100.332
101.047
100.944
100.75
100.775
100.614
101.089
100.294
101.12
101.798
101.259
101.13
102.038
102.488
102.426
102.129
102.371
101.039
101.579
100.92
101.979
101.54
101.13
100.537
100.877
100.499
101.201
101.556
101.077
101.011
101.581
101.67
102.718
103.148
102.035
101.575
102.181
102.097
102.21
101.38
100.576
100.577
100.371
101.193
101.8
101.317
101.131
103.198
102.404
102.067
