623.952
599.674
578.902
559.824
550.683
543.412
535.37
529.061
522.562
514.352
507.955
501.543
494.418
490.262
484.057
477.317
468.917
462.876
459.215
450.595
443.596
435.562
431.184
425.469
419.71
417.945
415.269
412.076
409.091
406.517
402.605
398.728
393.768
391.274
388.252
385.089
381.281
376.584
374.891
371.446
366.301
362.229
356.77
351.21
347.818
345.223
343.71
338.995
337.721
331.934
327.431
321.915
318.663
315.77
312.157
307.672
302.695
299.383
298.009
296.163
291.253
289.553
286.488
284.746
283.168
281.593
280.542
278.988
277.041
276.266
275.582
273.355
271.438
270.562
268.031
265.765
262.305
260.348
260.445
260.749
259.241
258.103
257.103
256.863
258.051
257.277
255.849
252.797
249.536
248.774
243.888
243.202
243.398
241.723
242.431
240.806
240.363
241.371
239.374
237.453
236.764
237.64
234.696
232.873
233.179
231.94
230.693
229.133
227.824
226.883
226.568
226.142
224.622
224.082
222.341
222.72
221.185
220.525
219.166
218.287
217.212
216.361
215.151
213.032
211.135
211.293
211.671
212.036
209.013
207.728
206.1
205.475
205.611
205.475
205.344
205.64
205.052
203.641
202.601
201.637
202.691
203.92
202.663
202.782
203.206
201.227
202.642
200.262
199.924
197.518
198.1
196.714
196.742
196.203
196.44
197.8
195.747
194.562
194.427
193.835
193.293
192.427
190.593
189.661
189.971
188.73
186.826
186.389
185.884
185.709
185.829
186.212
185.453
184.252
184.352
184.581
184.43
184.259
183.009
181.911
180.579
178.501
178.633
178.156
178.388
178.863
177.622
178.277
178.217
176.363
176.827
177.878
177.253
176.115
176.337
175.788
176.067
175.319
175.32
174.407
174.181
172.68
173.183
172.98
172.078
172.031
170.823
169.254
168.777
168.87
168.938
169.046
168.673
168.93
169.499
169.099
170.559
169.939
168.935
168.534
168.248
167.563
168.079
169.214
168.092
168.587
168.707
168.542
169.524
168.159
168.877
167.714
167.307
167.252
167.17
166.406
166.091
165.632
166.218
167.558
166.828
167.66
165.079
164.056
163.603
164.133
163.514
163.51
164.508
165.113
165.298
164.417
166.222
166.031
165.88
164.106
162.736
164.402
163.82
163.894
163.019
162.259
162.831
161.249
161.372
161.265
162.073
160.672
159.779
160.729
159.49
160.265
162.252
163.37
161.556
160.408
160.018
158.538
156.791
157.216
155.643
154.911
156.097
155.007
153.53
154.205
154.345
154.195
154.341
153.524
153.547
153.907
152.103
153.725
153.298
153.314
153.971
155.144
154.536
153.954
153.261
152.11
151.812
151.215
151.593
151.273
151.004
152.298
151.315
150.829
150.973
150.66
151.049
151.499
150.532
151.04
151.285
150.054
150.146
149.644
149.674
149.35
149.951
150.076
149.906
148.954
148.507
148.351
148.462
148.315
148.665
148.11
148.346
147.808
148.016
148.164
148.794
147.631
147.962
148.189
148.105
147.97
148.031
147.91
147.788
148.139
147.344
147.333
147.409
147.346
147.497
147.724
147.541
148.823
148.708
148.535
148.545
146.575
146.681
146.275
147.786
147.64
146.437
145.65
146.514
145.555
145.24
145.529
145.811
145.719
145.599
146.409
146.102
145.63
145.105
145.483
145.905
145.925
145.259
144.731
144.898
144.299
144.099
144.444
143.228
142.824
143.426
143.245
142.937
143.767
142.458
143.029
142.606
142.882
142.636
142.117
142.423
142.394
143.128
142.581
142.912
143.611
143.442
143.697
143.202
142.017
141.042
140.346
139.862
138.855
139.258
139.818
142.365
139.784
139.436
139.633
138.6
136.725
136.509
136.236
136.174
136.211
137.023
136.809
136.592
136.068
135.591
134.921
135.301
134.71
134.503
134.813
134.155
134.705
134.199
135.236
137.191
135.988
135.664
135.788
134.859
134.451
135.722
134.755
135.344
134.683
133.769
134.04
134.292
133.438
133.295
132.714
132.62
132.869
133.757
133.36
133.384
132.683
133.934
133.041
133.396
134.246
134.693
133.459
133.372
132.8
132.612
133.593
133.039
133.375
133.923
132.997
131.828
130.913
131.829
132.94
132.83
132.948
132.273
132.152
132.719
132.042
131.497
132.971
134.108
131.563
131.654
131.862
131.767
131.368
129.972
131.43
130.692
130.829
130.749
131.155
130.28
129.377
129.589
128.742
128.927
129.718
130.401
130.702
130.299
129.733
130.927
131.131
130.975
130.942
129.97
128.925
128.547
128.003
128.283
128.102
127.485
128.084
128.429
128.457
128.604
128.116
128.695
128.298
128.46
128.319
128.019
128.656
127.969
127.423
127.324
127.32
127.828
127.924
128.628
127.75
127.474
126.826
127.525
127.212
126.063
126.866
126.101
125.634
125.406
125.351
125.665
124.593
125.29
124.352
124.614
125.623
124.998
125.416
125.607
125.19
124.285
124.227
124.623
125.044
125.365
125.32
125.858
125.889
125.696
126.781
126.565
126.23
126.556
125.93
126.23
127.664
126.359
125.544
125.164
125.771
124.974
124.699
124.813
124.766
124.529
125.167
124.597
124.858
125.378
125.004
125.904
125.678
125.213
125.811
126.416
127.862
126.562
127.729
124.503
124.639
124.937
124.743
124.611
124.533
124.21
124.758
125.922
123.113
122.111
122.267
122.835
122.755
122.127
121.639
121.719
122.157
122.72
123.035
123.063
123.428
123.761
124.124
124.283
123.174
123.168
122.933
122.739
123.142
122.928
124.593
123.455
122.173
121.529
121.722
123.212
123.114
122.463
122.098
123.637
121.615
122.162
123.553
121.869
120.756
120.683
122.072
121.538
120.706
121.945
122.746
123.43
124.796
122.326
122.18
121.444
120.502
120.85
120.392
120.235
120.466
120.655
120.61
120.818
121.888
122.82
121.502
120.366
120.697
120.502
120.967
121.365
121.496
122.134
121.38
122.244
121.976
122.414
121.102
120.795
121.083
119.754
119.177
119.551
119.344
119.857
120.815
120.248
120.643
120.956
120.78
120.734
119.929
121.215
120.589
120.98
120.42
122.166
122.934
120.668
120.561
119.522
119.863
119.162
119.386
120.705
121.165
120.601
122.222
120.426
120.408
120.092
119.918
119.52
119.113
119.297
119.436
120.012
119.359
120.012
119.768
119.829
119.647
119.464
119.745
119.301
120.059
120.26
119.724
120.259
122.021
121.045
121.232
120.954
121.098
119.888
120.62
120.091
119.145
119.128
119.403
119.461
120.192
118.87
118.409
118.311
118.529
119.574
119.094
118.955
119.385
118.809
119.052
119.212
118.988
119.161
119.177
119.264
119.498
120.642
119.92
120.121
119.2
118.932
118.884
119.18
118.326
118.771
119.134
119.302
120.536
120.02
119.949
120.226
121.171
122.089
121.02
119.581
119.705
120.302
119.541
119.231
118.989
118.938
118.465
118.749
118.585
119.367
119.806
118.755
118.813
119.157
118.081
118.182
118.196
118.884
118.606
118.87
118.502
118.4
117.929
117.873
117.451
117.516
118.579
118.919
117.895
117.268
118.362
118.487
118.372
117.585
117.689
117.389
117.44
117.535
117.556
117.53
118.823
118.529
118.751
119.1
119.201
119.909
119.565
118.547
118.955
118.668
118.909
118.726
117.96
117.516
117.688
117.466
117.339
117.024
118.258
118.052
118.586
118.345
117.251
117.612
118.167
118.172
118.462
118.699
118.118
118.567
118.598
118.499
117.819
118.956
120.162
120.866
118.419
118.843
119.845
117.551
117.255
117.715
117.354
117.322
118.036
117.042
117.579
117.287
117.762
119.181
118.286
117.267
117.765
118.64
117.45
116.938
118.498
116.986
118.335
117.627
117.328
116.816
116.86
118.137
117.583
117.544
119.593
118.315
118.178
119.094
118.373
118.819
118.365
117.873
117.737
118.143
116.758
116.56
117.416
117.487
117.486
116.786
117.147
116.771
116.236
116.236
116.519
117.207
117.723
117.473
117.417
118.186
118.24
117.313
117.451
117.974
117.996
117.879
117.705
118.258
117.969
116.534
116.725
116.915
118.064
117.399
117.283
117.412
117.679
117.494
117.249
117.733
116.9
116.014
116.387
116.243
116.155
117.415
117.825
117.205
116.614
116.176
117.21
115.796
116.03
116.854
117.083
117.492
118.125
117.208
117.064
117.24
115.949
117.205
115.507
115.915
115.287
115.409
116.04
116.034
115.003
115.161
115.24
114.854
114.495
114.224
115.009
115.051
114.812
115.966
116.048
115.216
115.572
114.8
114.641
114.277
114.45
114.446
114.008
114.486
114.453
115.056
115.344
115.365
115.714
114.303
114.37
114.922
115.329
115.671
115.98
116.658
114.546
114.494
116.066
116.481
116.768
115.085
114.97
117.344
115.463
115.321
114.713
114.463
114.204
114.24
115.259
