557.811
556.824
553.012
534.965
531.794
521.088
513.431
513.431
503.872
491.666
487.247
487.13
473.641
473.554
466.627
452.948
451.23
451.23
441.963
428.658
425.426
421.076
413.355
413.355
410.978
410.978
406.453
404.017
398.314
397.487
392.343
387.818
387.151
383.157
373.599
368.357
367.015
365.585
362.506
357.981
355.635
344.638
341.377
339.7
333.579
333.579
330.317
321.023
319.883
316.489
316.489
304.7
304.005
299.451
299.451
295.596
285.986
285.986
285.23
285.23
284.622
282.384
279.67
278.9
278.9
275.58
275.58
275.478
274.052
274.018
268.594
267.066
267.032
261.295
258.638
258.638
257.037
255.361
255.361
255.131
248.849
248.849
248.377
248.377
243.881
243.051
242.719
241.902
241.902
241.902
240.774
240.744
238.868
237.71
237.71
237.71
234.835
234.835
233.267
233.267
232.766
232.338
232.338
229.591
226.52
226.52
226.267
225.132
222.385
221.879
221.879
221.879
220.661
219.669
217.76
216.542
215.55
215.55
213.09
212.098
211.432
209.434
209.434
209.434
205.915
205.915
205.915
204.238
204.238
204.238
204.238
203.115
203.115
202.897
201.775
201.39
200.403
200.267
200.267
199.862
198.465
198.465
198.465
198.033
198.033
195.248
195.248
195.248
194.219
194.219
194.219
193.974
193.974
193.974
193.865
193.865
193.865
192.73
191.02
188.899
188.899
186.415
186.415
186.415
185.956
185.956
185.818
185.359
184.664
184.321
183.443
183.443
182.504
182.255
181.98
181.98
181.738
181.121
176.619
176.265
176.265
175.063
175.063
175.063
175.063
175.063
175.063
175.063
175.063
175.063
174.664
174.664
174.664
173.588
173.588
173.588
173.411
173.011
172.393
171.816
171.816
171.816
170.865
168.347
168.347
168.347
167.7
167.7
167.7
167.7
167.7
167.7
167.7
167.7
167.7
167.7
167.59
167.59
167.38
167.38
167.38
166.884
166.884
166.884
166.884
166.884
166.884
166.884
166.884
165.908
165.908
165.689
165.689
165.689
165.689
165.085
164.109
163.89
163.89
163.834
163.834
162.035
162.035
162.035
162.035
162.035
162.035
161.835
161.835
161.835
161.69
161.69
161.49
161.49
161.49
159.702
159.702
159.314
159.314
159.314
159.314
159.314
159.314
159.17
159.17
158.515
158.515
158.515
157.303
157.075
156.649
156.649
156.649
155.421
155.421
155.421
154.297
152.365
151.797
151.797
151.797
151.797
151.797
151.797
151.797
151.797
151.797
151.797
151.797
151.797
151.797
151.797
151.797
151.797
151.797
150.434
150.434
150.434
150.434
150.434
150.434
150.434
150.434
150.434
150.434
150.434
150.232
150.232
149.624
149.624
149.438
149.438
149.438
149.438
149.419
149.419
149.419
148.711
148.224
148.224
147.516
147.516
147.516
147.516
147.516
147.516
147.516
147.516
147.516
147.516
147.516
147.516
147.516
147.516
147.516
147.516
147.516
147.516
147.335
147.335
147.335
147.335
147.335
147.335
147.335
147.31
147.063
147.063
146.823
146.761
146.761
146.275
146.275
146.275
146.275
145.307
145.307
145.307
145.04
145.04
145.04
145.04
145.04
145.04
145.04
145.04
145.04
145.04
145.04
145.04
144.545
144.545
143.659
143.659
143.659
143.659
143.659
143.659
143.659
143.659
142.629
142.629
142.629
142.629
141.828
141.828
141.828
141.828
141.828
141.828
141.828
141.828
141.828
141.828
141.828
141.828
141.828
141.828
141.828
140.463
140.463
130.943
130.943
130.943
130.943
130.943
130.943
130.918
130.918
130.918
130.918
130.918
130.918
130.918
130.918
130.918
130.918
130.918
130.918
130.918
130.918
130.918
130.918
130.918
130.918
130.396
130.396
130.396
130.396
130.396
130.396
130.396
130.396
130.396
129.681
129.681
129.681
129.681
129.681
129.681
129.681
129.681
129.681
129.681
129.681
129.681
129.681
129.681
129.681
129.681
129.681
129.681
129.681
129.681
129.681
129.681
129.681
129.681
129.647
129.498
129.345
129.345
129.345
129.311
129.311
129.311
129.311
129.311
129.311
129.311
129.311
129.311
129.311
129.311
129.311
129.311
129.311
129.219
129.219
129.219
129.219
129.219
129.219
129.219
129.219
129.219
129.219
129.219
129.219
129.219
129.219
129.219
128.953
128.953
128.953
128.953
128.953
128.933
128.933
128.933
128.854
128.854
128.854
128.854
128.854
128.854
128.533
128.533
127.613
127.613
127.613
127.613
127.613
127.613
126.572
126.572
126.572
126.572
126.572
126.572
126.572
126.572
126.572
126.572
126.572
126.572
126.572
126.572
125.944
125.944
125.944
125.944
125.944
125.944
124.844
124.844
124.844
124.844
124.844
124.844
124.844
124.844
124.844
124.844
124.087
123.755
123.755
123.755
123.755
123.755
123.755
123.755
123.755
123.755
123.755
123.755
123.755
123.755
123.755
123.755
123.755
123.755
123.755
123.755
123.362
123.362
123.362
123.362
123.362
123.362
123.362
123.362
123.362
123.362
123.362
123.362
123.362
123.362
123.362
123.362
123.362
123.362
123.362
123.362
123.362
123.362
122.498
122.498
122.498
122.498
121.947
121.947
121.947
121.947
121.947
121.281
121.16
121.16
119.242
119.242
119.242
119.242
119.242
119.242
119.242
119.242
119.242
119.242
119.242
117.894
117.873
117.873
117.873
117.558
117.558
117.558
117.558
117.558
117.558
117.558
117.558
117.558
117.558
117.558
117.188
117.188
117.188
117.188
116.911
116.911
116.911
116.911
116.911
116.911
116.911
116.911
116.911
116.911
116.911
116.911
116.911
116.911
116.911
116.911
116.911
116.911
116.911
116.911
116.708
116.708
116.708
116.708
116.708
116.708
116.708
116.708
116.647
116.638
116.638
116.638
116.638
116.638
116.638
116.638
116.638
116.638
116.638
116.638
116.638
116.638
116.638
116.638
116.638
116.638
116.638
116.638
116.638
116.638
116.638
116.638
116.638
116.638
116.638
116.638
116.638
116.638
116.638
116.638
116.638
116.638
116.638
116.638
116.638
116.638
116.638
116.638
116.638
116.638
116.638
116.45
116.45
116.45
116.45
116.45
116.45
116.45
116.45
116.45
116.45
116.45
116.45
116.45
116.45
116.45
116.45
116.45
116.45
116.45
116.45
116.45
116.45
116.45
116.45
116.45
116.45
116.45
116.45
116.45
116.45
116.45
116.45
116.45
116.45
116.45
116.45
116.45
116.45
116.45
115.084
115.084
115.084
115.084
115.084
115.084
115.084
115.084
115.084
115.084
115.084
115.084
115.084
115.084
115.084
115.084
115.084
115.084
115.084
115.084
115.084
115.084
115.084
115.084
115.084
115.084
115.084
115.084
115.084
115.084
115.084
115.084
115.084
115.084
115.084
115.084
115.084
115.084
115.084
115.084
115.084
115.084
115.084
115.084
115.084
115.084
115.084
115.084
115.084
115.084
115.084
115.084
115.084
115.084
115.084
115.084
115.084
115.084
115.084
115.084
115.084
115.084
114.552
104.343
104.343
104.343
104.343
103.596
103.596
103.596
103.596
103.596
103.36
103.36
103.36
103.36
103.36
103.36
103.36
103.36
103.36
103.36
103.36
103.36
103.36
103.36
103.36
103.36
103.36
103.36
103.36
103.36
103.36
103.36
103.36
103.36
103.36
103.36
103.36
103.36
103.36
103.36
103.36
103.36
103.284
103.284
103.284
103.075
103.075
103.075
103.075
103.075
103.075
103.075
103.075
103.075
103.075
102.465
102.465
102.465
102.465
102.465
102.465
102.357
102.357
102.357
102.357
102.357
102.357
102.357
102.357
102.357
102.357
102.357
102.357
102.357
102.357
102.357
102.357
102.357
102.357
102.357
102.357
102.357
102.357
102.357
102.357
102.357
102.357
102.357
102.357
102.357
102.357
102.186
102.186
102.186
102.186
102.186
102.186
102.186
102.186
102.186
102.186
102.186
102.186
102.186
102.186
102.186
102.186
102.186
102.186
102.186
102.186
102.186
102.186
102.186
102.186
102.186
102.186
102.186
102.186
102.186
102.186
102.186
102.186
102.186
102.186
102.186
102.186
102.186
102.186
102.186
102.186
102.186
102.186
102.186
102.186
102.186
102.186
102.186
102.186
102.186
102.186
102.186
102.186
102.186
102.186
102.186
102.186
102.186
102.186
102.186
102.186
102.186
102.186
102.186
102.186
102.186
102.186
102.186
102.186
102.186
102.186
102.186
102.186
102.186
102.186
102.186
102.186
102.186
102.186
102.186
102.186
102.186
102.186
102.186
102.186
102.186
102.186
102.186
102.186
102.186
102.186
102.186
102.186
102.186
102.186
102.186
102.186
102.186
102.186
101.984
101.984
101.984
101.984
101.984
101.984
101.984
101.984
101.984
101.984
101.984
