623.952
599.674
578.902
559.824
550.683
543.412
535.37
529.061
522.562
514.352
507.955
501.543
494.418
490.262
484.057
477.317
468.917
462.876
459.215
450.595
443.596
435.562
431.184
425.469
419.71
417.945
415.269
412.076
409.091
406.517
402.605
398.728
393.768
391.274
388.252
385.089
381.281
376.584
374.891
371.446
366.301
362.229
356.77
351.21
347.818
345.223
343.71
338.995
337.721
331.934
327.431
321.915
318.663
315.77
312.157
307.672
302.695
299.383
298.009
296.163
291.253
289.553
286.488
284.746
283.168
281.593
280.542
278.988
277.041
276.266
275.582
273.355
271.438
270.562
268.031
265.765
262.305
260.348
260.445
260.749
259.241
258.103
257.103
256.863
258.051
257.277
255.849
252.797
249.536
248.774
243.888
243.202
243.398
241.723
242.431
240.806
240.363
241.371
239.374
237.453
236.764
237.64
234.696
232.873
233.179
231.94
230.693
229.133
227.824
226.883
226.568
226.142
224.622
224.082
222.341
222.72
221.185
220.525
219.166
218.287
217.212
216.361
215.151
213.032
211.135
211.293
211.671
212.036
209.013
207.728
206.1
205.475
205.611
205.475
205.344
205.64
205.052
203.641
202.601
201.637
202.691
203.92
202.663
202.782
203.206
201.227
202.642
200.262
199.924
197.518
198.1
196.714
196.742
196.203
196.44
197.8
195.747
194.562
194.427
193.835
193.293
192.427
190.593
189.661
189.971
188.73
186.826
186.389
185.884
185.709
185.829
186.212
185.453
184.252
184.352
184.581
184.43
184.259
183.009
181.911
180.579
178.501
178.633
178.156
178.388
178.863
177.622
178.277
178.217
176.363
176.827
177.878
177.253
176.115
176.337
175.788
176.067
175.319
175.32
174.407
174.181
172.68
173.183
172.98
172.078
172.031
170.823
169.254
168.777
168.87
168.938
169.046
168.673
168.93
169.499
169.099
170.559
169.939
168.935
168.534
168.248
167.563
168.079
169.214
168.092
168.587
168.707
168.542
169.524
168.159
168.877
167.714
167.307
167.252
167.17
166.406
166.091
165.632
166.218
167.558
166.828
167.66
165.079
164.056
163.603
164.133
163.514
163.51
164.508
165.113
165.298
164.417
166.222
166.031
165.88
164.106
162.736
164.402
163.82
163.894
163.019
162.259
162.831
161.249
161.372
161.265
162.073
160.672
159.779
160.729
159.49
160.265
162.252
163.37
161.556
160.408
160.018
158.538
156.791
157.216
155.643
154.911
156.097
155.007
153.53
154.205
154.345
154.195
154.341
153.524
153.547
153.907
152.103
153.725
153.298
153.314
153.971
155.144
154.536
153.954
153.261
152.11
151.812
151.215
151.593
151.273
151.004
152.298
151.315
150.829
150.973
150.66
151.049
151.499
150.532
151.04
151.285
150.054
150.146
149.644
149.674
149.35
149.951
150.076
149.906
148.954
148.507
148.351
148.462
148.315
148.665
148.11
148.346
147.808
148.016
148.164
148.794
147.631
147.962
148.189
148.105
147.97
148.031
147.91
147.788
148.139
147.344
147.333
147.409
147.346
147.497
147.724
147.541
148.823
148.708
148.535
148.545
146.575
146.681
146.275
147.786
147.64
146.437
145.65
146.514
145.555
145.24
145.529
145.811
145.719
145.599
146.409
146.102
145.63
145.105
145.483
145.905
145.925
145.259
144.731
144.898
144.299
144.099
144.444
143.228
142.824
143.426
143.245
142.937
143.767
142.458
143.029
142.606
142.882
142.636
142.117
142.423
142.394
143.128
142.581
142.912
143.377
143.778
143.286
142.456
137.475
134.208
132.892
132.618
132.274
132.496
133.084
135.421
132.725
132.528
133.622
132.65
131.873
131.509
131.058
131.117
131.219
131.542
131.799
131.825
131.625
131.321
131.169
131.373
131.01
131.041
131.606
130.957
131.555
131.459
132.046
133.939
132.698
131.889
132.334
131.487
131.073
132.062
130.896
131.396
131.569
130.6
131.491
131.249
130.714
130.432
129.987
129.857
129.969
131.584
131.218
131.36
130.238
131.094
130.496
130.33
131.204
131.957
131.431
131.903
131.672
130.722
131.425
130.873
131.51
131.775
130.761
130.189
129.853
130.373
131.503
131.916
132.075
131.135
130.785
131.164
130.905
130.972
132.333
133.903
131.436
131.105
131.351
131.466
131.306
130.056
131.453
130.685
131.017
130.713
131.034
130.041
130.105
129.913
129.562
129.597
129.939
130.594
130.859
131.17
129.851
130.628
131.386
130.694
131.341
130.431
128.989
128.828
128.325
128.534
128.105
127.351
127.476
128.234
128.461
128.266
127.679
128.053
127.431
127.44
127.463
127.278
127.784
127.335
126.638
126.627
126.398
126.538
126.48
126.852
126.282
125.854
125.345
125.78
125.59
125.196
125.799
125.424
125.03
125.096
125.406
125.739
124.578
125.605
124.233
124.416
125.069
124.528
125.04
125.172
124.754
123.878
123.764
124.167
124.795
125.228
124.81
125.829
126.161
126.256
126.456
126.489
126.022
126.562
125.605
125.862
127.412
125.946
124.932
124.408
124.898
124.01
123.773
123.701
123.862
123.706
123.93
123.763
123.971
124.594
124.07
124.97
125.066
124.92
124.708
124.598
126.023
125.013
126.205
122.942
122.735
123.297
123.131
122.923
123.046
122.434
122.968
123.527
120.421
119.612
119.628
120.158
120.145
119.895
119.442
119.44
120.04
119.919
119.738
119.617
119.871
120.372
119.452
119.741
118.722
119.035
118.639
118.868
118.741
118.787
120.74
119.511
118.866
118.135
119.26
120.695
119.668
119.007
118.925
119.932
117.999
118.297
119.296
118.562
117.502
117.641
119.164
119.203
118.147
118.945
120.004
120.182
121.109
118.458
118.507
117.918
117.27
117.767
117.478
117.488
117.888
117.848
117.961
118.146
119.251
119.528
118.801
117.728
118.123
117.731
117.768
117.741
118.012
118.856
118.007
118.343
118.1
118.981
118.405
118.742
118.652
117.462
116.901
117.454
117.037
117.553
118.547
118.225
118.79
118.895
118.611
118.09
117.395
118.884
117.88
118.637
118.434
119.761
120.295
118.019
118.039
117.339
117.486
116.882
117.17
118.31
118.204
117.987
119.584
118.281
118.075
117.766
117.683
117.033
116.595
116.859
117.057
118.161
116.916
117.551
117.264
117.501
117.731
117.485
117.627
117.012
117.614
118.252
117.958
118.784
120.699
119.619
120.212
118.88
119.421
118.323
119.135
118.968
118.215
118.437
118.141
117.387
117.994
116.941
116.793
116.556
116.977
118.682
117.247
116.762
116.446
116.184
115.97
117.236
116.361
116.339
115.707
115.728
115.628
116.475
116.57
116.785
115.92
115.84
115.814
116.424
115.155
115.394
115.93
115.953
116.955
116.111
116.208
116.386
116.662
117.727
116.752
115.965
116.125
116.529
116.062
116.026
116.084
116.055
115.453
116.084
115.501
116.295
116.956
116.04
115.782
116.398
115.196
115.101
115.254
115.528
115.601
116.59
116.338
116.802
115.745
116.005
115.515
116.09
117.114
116.582
114.988
113.394
114.468
111.516
109.059
106.607
105.35
104.571
104.598
104.386
104.835
105.391
106.719
108.51
111.838
111.465
111.58
113.078
110.687
107.258
107.808
105.808
106.052
105.413
104.787
104.391
104.159
103.74
103.896
103.481
104.583
103.988
104.904
104.179
103.438
104.042
104.383
104.206
104.682
104.913
104.195
104.32
104.526
104.264
103.758
103.799
104.069
105.165
103.786
103.831
104.806
103.322
103.357
103.615
103.255
103.766
104.663
103.697
103.918
103.52
104.275
105.203
104.542
103.399
103.799
104.311
103.261
102.994
104.426
102.883
104.319
103.21
102.906
102.624
102.69
102.756
102.804
102.861
104.322
103.43
103.366
104.28
103.933
104.168
103.953
103.408
103.627
103.89
102.725
102.483
103.122
103.334
104.012
103.258
103.867
103.324
102.227
102.189
102.457
102.817
103.139
103.049
102.924
103.7
103.812
102.776
103.205
104.164
104.056
103.9
103.576
103.711
103.448
102.278
102.455
102.746
103.119
102.939
103.09
103.558
103.577
104.985
103.912
104.333
103.489
102.73
103.043
102.978
102.949
103.953
104.421
103.504
103.366
103.381
103.947
103.145
103.571
104.268
104.568
105.395
105.328
104.641
104.435
104.489
103.468
104.254
102.873
102.828
102.512
102.644
103.049
102.787
102.537
102.816
103.194
103.042
102.496
102.624
103.711
104.004
103.51
104.637
105.285
103.985
104.061
103.072
102.76
102.469
102.665
102.904
102.46
103.398
103.406
103.124
103.172
103.145
103.684
102.66
102.765
103.133
103.317
103.468
103.832
104.406
102.746
102.516
103.269
103.78
104.41
103.305
103.504
104.924
103.692
103.446
102.628
102.53
102.373
102.26
103.289
102.856
103.665
104.374
103.644
104.172
103.664
103.199
103.399
103.061
103.098
103.344
103.287
102.757
103.661
104.518
103.937
102.755
102.18
102.474
103.167
104.228
103.243
103.049
102.375
102.202
102.9
104.177
104.106
103.955
103.003
102.981
102.551
102.748
102.683
102.255
102.946
102.805
102.892
103.004
103.057
103.425
103.603
103.468
103.155
102.691
102.087
102.882
103.719
103.028
104.852
103.088
103.205
102.414
102.12
102.97
102.547
102.821
102.776
102.492
102.836
102.955
104.12
103.201
103.361
102.215
101.984
101.986
102.262
102.174
102.332
102.186
102.271
102.892
103.096
103.829
105.287
103.127
103.065
102.476
102.123
101.994
102.244
102.405
102.747
102.794
103.259
103.3
103.442
102.606
102.757
103.104
102.66
103.822
103.521
102.94
102.608
102.181
102.005
103.151
102.434
103.18
102.74
103.488
105.639
104.54
105.186
104.699
104.146
103.463
102.87
102.491
104.694
104.359
102.754
105.458
104.506
103.457
104.398
104.591
104.332
104.87
102.858
102.946
103.386
103.828
102.799
102.356
102.607
102.775
102.486
103.612
106.23
104.404
104.71
103.709
103.317
103.032
102.74
102.414
103.226
103.896
104.889
103.82
103.704
103.987
104.462
103.339
103.288
102.596
102.281
102.373
102.679
102.415
102.641
102.813
103.481
103.889
103.024
103.352
103.175
103.407
103.734
104.344
104.733
103.949
103.582
104.213
104.778
105.465
105.037
103.273
103.339
103.552
102.814
103.111
102.172
102.809
102.335
102.616
102.519
102.094
102.574
103.07
102.685
102.017
101.874
103.443
103.638
102.765
103.051
102.708
101.89
101.54
101.71
101.873
101.683
101.663
102.143
102.597
102.422
101.615
101.638
102.03
103.667
106.387
106.954
111.499
103.554
100.995
100.779
101.716
100.531
100.497
100.224
101.258
101.928
101.901
102.33
100.362
100.412
100.438
100.414
100.94
101.558
101.149
101.303
100.43
100.31
100.109
100.807
100.959
100.418
100.391
100.713
100.535
100.94
100.436
100.003
99.8905
100.24
99.8777
100.086
100.173
100.184
100.193
99.9633
100.149
100.891
101.834
101.123
102.024
101.942
101.277
103.016
101.586
102.291
102.519
102.763
101.585
100.733
100.614
100.148
100.227
100.324
101.117
99.9665
100.557
100.337
100.249
101.03
100.903
99.9882
100.017
100.338
100.891
100.925
100.904
100.847
100.405
100.693
100.367
100.129
99.8956
99.9942
100.558
101.093
101.132
100.755
100.782
100.573
100.212
100.702
100.976
100.487
100.485
100.162
101.448
101.284
101.967
102.261
100.443
100.526
100.253
100.32
101.019
100.32
100.452
100.161
100.516
99.9481
99.9266
100.137
100.784
100.269
100.568
100.284
101.147
101.686
100.362
99.8724
99.7644
100.097
100.361
100.607
100.748
100.757
101.583
101.765
100.988
101.043
100.975
100.974
100.825
100.884
101.037
101.476
101.367
101.603
101.492
101.281
100.433
100.675
100.44
100.875
101.363
101.303
101.407
100.843
101.288
101.275
100.619
101.147
101.016
101.612
101.32
101.477
101.519
101.24
100.97
102.36
102.798
102.647
101.191
100.525
100.166
100.527
100.551
101.329
101.653
101.494
100.728
102.134
102.009
101.401
101.572
101.534
100.902
101.46
101.1
100.705
100.519
100.698
100.512
100.999
100.124
101.28
101.488
100.683
100.604
100.607
101.262
100.368
100.591
100.059
100.049
99.88
99.9191
100.721
100.496
100.07
100.489
100.098
100.422
100.445
100.003
100.455
100.62
101.184
101.939
101.084
101.794
101.345
100.617
101.47
100.571
101.686
101.11
101.4
100.995
100.496
100.654
100.807
101.435
101.239
101.99
101.552
101.827
102.126
101.473
100.61
100.383
100.182
100.118
100.405
100.992
101.368
101.45
101.347
101.256
100.636
101.517
101.495
101.087
101.832
100.694
100.319
99.9981
100.209
100.232
100.429
101.064
101.646
102.474
101.204
101.08
102.407
100.826
100.636
101.811
101.633
102.095
101.745
101.087
101.4
100.745
100.644
101.224
101.877
101.292
101.436
101.621
101.086
100.424
100.008
99.9555
100.574
99.9994
100.121
100.291
100.072
99.8233
100.251
100.598
100.62
100.206
100.372
100.71
101.015
100.813
100.479
101.119
100.226
99.992
99.9273
100.109
101.368
101.28
100.034
100.73
100.636
100.653
100.145
100.039
100.058
99.7922
100.043
100.756
100.438
102.47
100.439
100.825
100.842
101.126
100.537
100.204
100.227
100.188
100.541
100.681
101.409
102.103
101.106
101.063
101.469
101.138
100.794
100.093
100.601
100.333
100.844
100.417
100.233
100.54
100.356
100.061
100.766
100.485
100.278
100.196
99.8191
100.151
100.29
100.316
100.231
100.109
100.454
100.938
100.376
100.729
100.847
100.991
102.587
102.414
101.158
101.54
101.269
101.755
101.246
101.006
100.764
100.645
100.184
100.238
100.636
100.971
100.375
100.271
100.195
100.076
100.883
102.107
100.988
101.339
101.966
100.507
100.022
100.424
100.685
100.75
100.739
100.096
100.359
101.006
100.217
100.295
100.343
99.8443
100.04
100.44
99.9973
100.303
100.749
100.947
100.509
100.31
100.95
101.581
101.711
101.72
102.994
102.415
100.058
101.02
99.7841
95.5895
96.4449
92.8519
91.5885
91.4609
89.7233
89.9286
90.4083
89.7766
89.0796
89.5087
88.9483
88.802
88.585
88.4358
88.5854
88.624
88.8732
88.9052
88.4348
88.5774
89.0416
89.226
88.8706
89.3631
89.1608
89.1285
88.896
88.4628
88.5998
88.4585
89.8798
89.5814
89.5283
89.4486
89.0699
88.5029
88.927
88.497
89.3095
90.4609
89.9597
90.2604
88.9536
89.1614
88.7015
88.6589
88.6846
88.7437
88.363
88.4396
88.4605
88.6822
89.2499
88.5355
88.3629
88.7067
88.8813
88.253
88.2646
89.1387
88.7095
88.6429
88.5443
90.0835
89.405
89.2314
88.9233
88.4246
88.6616
88.5637
88.6565
89.4813
89.222
88.3558
88.8246
88.8104
89.203
89.0853
89.1795
88.6275
88.3551
88.7404
88.4196
88.2356
88.3097
88.3765
88.8624
89.2299
89.5641
89.6189
89.787
89.8288
89.3898
88.8874
88.2405
88.255
89.0486
88.3799
88.6654
88.3709
88.3117
88.8534
88.6271
88.7156
89.0335
89.7009
88.2359
89.3495
90.0445
90.2531
89.726
88.9596
88.9457
89.91
89.2606
90.4546
90.5642
89.7635
88.5848
88.5714
88.309
88.2554
88.5197
89.131
88.6843
89.1803
89.1151
89.3704
89.8077
89.2925
88.8888
88.6266
88.4331
88.4091
88.5854
88.0357
88.1883
88.4294
88.2022
88.8366
88.3419
89.3001
89.5579
89.2882
88.6432
88.6559
88.8721
88.5395
89.5675
89.3454
89.429
89.0365
88.4534
88.3424
88.4524
89.1589
89.1492
89.6159
89.7083
89.4869
89.4359
89.8934
89.297
89.1925
89.2776
89.0593
89.5591
89.1507
89.5029
89.1445
88.5082
88.8024
88.4664
88.3039
88.7936
88.4879
89.3702
89.2426
88.8966
89.2525
88.7652
89.5052
88.6854
89.2459
89.4642
89.6942
89.3317
88.8407
89.3995
90.619
90.6834
90.6745
91.2728
89.8407
88.4649
88.6706
89.0156
90.0005
89.4803
89.3602
88.9039
88.7212
89.8823
88.9633
88.6561
88.6019
88.9749
89.1797
89.2073
89.4251
88.7675
89.4478
89.2489
88.7943
88.7953
88.5261
88.5588
88.3691
88.1072
88.202
88.7453
88.9716
88.7499
89.0045
88.6081
88.6661
89.22
88.3229
88.0357
88.0357
88.2689
88.4966
88.9664
89.1938
88.0597
88.3901
88.447
88.7338
88.909
89.2415
88.8322
89.9203
89.5598
89.2363
89.7155
89.3117
89.2745
89.6754
88.6016
88.7134
88.2474
88.2094
88.2687
88.57
88.5099
89.0945
88.9585
88.8957
88.8508
88.6193
88.442
88.7013
88.7147
89.1058
88.6048
88.7658
88.62
88.4703
88.3851
88.9037
89.7572
89.4955
89.1945
89.3221
89.5256
88.7186
88.7339
88.7921
88.573
88.6112
89.076
89.2046
89.0405
89.0166
88.8519
89.3071
88.8376
88.121
88.5246
88.9461
88.8543
89.2755
89.829
91.2131
89.8095
89.2467
88.9408
89.013
88.7508
89.0293
89.1666
88.6462
88.6589
89.7471
89.9387
89.3263
89.655
89.6851
89.0492
90.0662
89.0002
89.1392
88.5768
89.0223
89.7847
89.4259
89.0484
89.0223
89.2568
89.8115
88.9577
88.6146
89.4118
88.357
88.3063
89.1506
88.7483
88.3341
88.5901
88.6366
88.2478
88.3457
88.8135
88.6965
89.3989
89.4276
88.6233
88.4663
88.8954
89.153
88.6402
88.8725
88.8672
88.4119
88.7285
89.3271
90.3731
90.2025
89.1731
89.3137
88.1706
88.5693
89.0878
89.1614
89.2246
88.6406
88.4896
89.0215
88.6913
88.9405
89.0997
89.3252
90.0445
89.2833
89.7904
91.0082
92.6217
90.9577
90.6936
89.4083
89.6052
89.5184
88.7171
89.0267
88.5224
88.5538
89.3042
89.2448
88.7198
89.0444
88.9915
90.9428
89.9126
89.185
89.3775
88.8911
88.4252
88.6225
88.2095
88.3364
88.7852
88.6231
88.1658
88.0357
88.0472
88.1127
88.069
88.5926
88.0938
88.503
88.1006
87.8846
87.5099
86.7929
87.1161
87.0175
86.7443
86.529
86.5093
86.715
86.7125
86.5093
86.5417
87.2105
86.8781
86.9993
87.2627
87.4169
87.8742
86.8207
86.9203
86.5377
86.5443
86.6539
86.5372
87.0304
86.5774
86.6202
87.4911
87.1494
86.9562
86.6772
87.0457
87.0956
87.3523
87.0881
86.8844
87.0703
86.7675
87.5854
87.1169
86.9877
87.3204
86.9692
86.5564
86.5807
86.7145
87.0886
86.9821
87.0791
86.8788
87.0664
87.3381
87.9814
87.4834
87.0057
87.7608
86.9441
86.8704
87.0668
87.3307
87.1252
87.3941
87.627
87.1478
86.955
86.9273
87.2237
87.8578
88.5451
88.2706
87.2298
87.5708
87.7874
86.925
86.8814
86.7844
86.9178
86.5949
86.8391
87.6725
88.027
88.6399
87.8896
87.5554
87.4503
87.3469
87.9126
87.7981
87.2312
87.5018
88.6969
88.0494
88.0836
87.7014
87.5797
87.2904
87.0685
86.9306
87.1452
87.3477
87.3487
87.7871
87.0348
87.5526
87.4784
87.6745
87.0778
87.8432
87.6285
87.0024
86.7568
86.8137
86.7853
87.1852
86.6663
86.7143
86.5697
86.6173
86.9241
87.3645
87.3309
87.1121
87.3088
86.992
86.8465
86.9912
86.8643
86.6951
87.1003
87.1276
87.7165
87.5306
87.9415
87.6181
88.7015
87.6796
87.5625
88.2262
88.0435
88.4069
88.3081
88.071
87.4051
88.5213
88.5233
88.373
88.4233
88.3999
88.1663
87.8594
87.4651
87.5489
87.6457
87.8706
88.7177
87.2588
87.5604
87.3879
87.3417
87.0962
87.2584
87.3505
87.9416
87.4121
87.6685
86.8549
86.656
87.4146
87.8733
87.5678
86.9951
87.5312
88.1643
88.3373
88.0526
87.8436
88.1172
87.7953
87.3177
87.2287
87.5182
87.7142
86.9098
87.0115
86.726
87.3103
87.2645
88.2161
88.1471
88.5436
88.508
88.2966
88.3612
87.4572
87.127
87.3395
87.3622
88.0162
88.8525
87.2922
86.7659
87.5622
87.3228
87.1226
87.0862
87.2605
87.2512
87.443
87.5148
87.3413
86.7741
86.8326
86.9891
87.4465
87.2041
87.883
87.9081
87.6395
87.3364
87.4326
87.2022
87.2793
87.0199
87.0205
86.7336
87.0323
87.8636
87.7643
87.0407
87.6303
87.1621
86.8629
86.9659
87.8462
87.3171
87.4206
87.5217
88.537
87.2845
87.356
87.1998
87.636
87.3546
87.7785
87.381
87.3615
87.3136
88.0948
88.4721
87.5554
87.5974
88.0105
88.0107
87.5622
87.5008
87.4722
86.7606
86.7432
86.9665
88.0797
87.0256
87.0069
87.2347
87.7027
87.2693
88.2506
87.777
87.9476
88.3975
88.5395
87.9992
88.1406
88.0399
87.3216
87.4226
87.0509
86.8211
87.3025
87.1566
86.8104
86.1084
86.3094
86.6059
86.7504
87.2617
87.9741
86.949
87.4793
87.3699
87.3677
86.3906
86.895
87.2779
86.9353
87.2259
86.7011
87.0318
88.3472
87.9745
87.5075
86.9977
86.7175
86.1597
86.3458
86.5153
86.8352
86.9531
86.124
86.419
86.0672
86.2652
86.4853
86.5646
86.1083
85.9902
86.2014
87.1177
86.949
86.8805
86.8794
86.6824
86.4794
86.9797
87.0461
86.3394
86.8098
87.327
87.4591
86.9353
86.6687
86.4855
87.1062
86.8646
86.7513
86.3433
86.0202
86.1967
85.983
86.0442
86.2727
87.0298
87.0523
87.1746
89.3283
87.7482
86.7621
86.436
88.2185
86.9506
86.4998
86.5373
86.6848
86.6905
87.6295
88.194
87.2884
86.8894
87.5005
88.3061
87.7814
87.5467
86.8215
87.532
87.3724
86.9311
86.6145
86.6372
86.7031
87.0399
86.7542
86.0772
86.0589
86.2347
86.8753
87.1528
87.6118
86.5192
86.8979
86.5909
86.3576
87.1158
87.1687
87.3423
87.3561
86.9543
87.9171
87.6145
87.6769
88.1678
88.6673
87.9125
87.0634
87.7241
87.234
86.8416
86.1061
86.9545
86.3375
85.6427
85.4446
85.4691
85.4869
85.5378
86.0177
86.534
86.2596
85.8837
85.597
85.8685
85.5771
85.382
85.6413
86.0923
86.9826
86.0983
86.0083
85.6534
85.4397
85.495
85.366
85.5569
86.1364
86.1005
85.6522
85.9183
85.9332
85.5374
85.6499
86.6564
86.1076
86.0084
85.6664
85.916
86.1283
86.7955
85.6062
85.3457
85.654
86.4243
85.8471
85.8383
86.1431
86.6151
86.7702
86.3515
87.2927
86.1682
86.1105
85.5738
86.5534
85.9391
86.5184
86.3904
87.2995
86.8302
86.2432
86.1857
85.6121
85.9419
86.1395
86.0252
85.7493
86.2336
86.4148
86.5126
87.3996
86.1775
85.556
85.6703
85.6318
85.7075
85.4508
85.6216
85.9853
86.3841
87.4785
86.2289
87.2486
88.0361
87.7012
87.1767
86.0406
85.8041
86.0532
86.4526
86.2221
85.698
85.5043
86.5243
86.4885
86.4786
86.5313
88.2635
89.1657
86.2194
85.967
86.6817
86.8354
86.555
86.9241
86.5483
86.0039
86.5818
85.9519
86.1798
86.2284
85.6442
85.4566
85.6876
86.171
85.9857
85.7411
86.0271
86.8393
86.426
88.6949
88.0972
86.0019
86.5657
88.8956
87.9436
85.9834
86.3365
86.5393
85.9511
86.4169
86.5111
86.7542
86.6195
86.6502
87.2006
86.205
86.2753
86.1929
86.2962
85.9654
86.137
86.6602
86.4742
86.1678
85.9089
85.8134
85.6015
85.5154
86.2122
86.0719
85.6442
87.1124
86.6303
86.2607
85.7742
85.7272
85.5812
85.8285
86.2336
86.2
86.1947
85.6008
85.8914
85.8177
85.598
85.3528
85.3282
86.103
86.7051
85.9225
85.7688
86.7828
86.9739
86.3119
86.2587
85.7686
85.5591
86.3235
85.8138
86.714
86.4855
86.4833
86.8304
86.3497
86.5854
85.9329
86.0423
85.6432
86.5433
86.5335
85.8012
86.1674
86.8469
86.3393
86.3129
86.8535
87.3722
87.3911
86.625
86.4515
86.0875
85.8757
85.6306
85.7023
85.7013
85.6681
85.2762
85.4696
85.549
85.6283
85.2454
85.2354
85.4703
85.7137
86.1874
86.9033
87.8709
87.8896
86.9563
86.9281
86.6252
86.1557
85.5662
85.3591
85.8686
86.0439
86.7093
86.3323
86.0414
85.4467
85.6686
85.6875
86.5284
87.2027
87.2589
87.1958
86.5458
86.4688
85.776
85.7396
86.0802
86.0215
85.6863
85.894
85.5212
85.5807
85.9583
85.8683
85.8564
86.4686
85.8893
85.9169
86.088
85.9303
86.3779
86.3924
85.8168
86.0455
86.0554
86.5402
87.5507
86.6865
85.9245
86.0975
85.7505
86.0782
86.8988
86.0558
86.2817
85.9989
85.5367
85.2918
86.3045
86.3736
86.6119
86.4474
87.3419
86.9079
85.8907
86.9994
86.7711
86.8038
86.0485
86.3803
86.1749
85.9109
85.9605
86.1085
86.0708
85.8536
86.5475
86.043
86.8497
85.5647
85.7382
86.3102
86.3755
85.895
85.6493
85.8005
86.1283
85.906
85.9855
85.7328
85.2921
85.3808
86.0114
86.1048
86.3786
85.976
86.1311
86.2995
86.9137
86.5296
86.6952
87.027
87.2567
86.1681
86.0896
86.813
87.0794
86.9063
86.7283
86.2129
86.3828
85.7211
85.7769
86.3761
86.0459
85.9883
86.2418
86.6423
86.8442
86.1125
86.1455
86.4388
86.6942
86.1513
86.6577
86.2144
86.3369
86.1304
86.5069
86.2846
85.6936
85.6739
86.1889
86.0411
86.4545
86.0948
86.7277
85.7283
86.1287
86.1379
85.4194
85.2912
85.4994
85.7959
86.0565
86.0229
86.9245
87.0099
86.1975
86.7498
85.592
85.5956
85.4757
85.4086
85.367
85.5397
85.6512
85.8365
85.6856
86.6743
86.3619
86.4353
86.2106
86.1605
85.49
85.4043
85.5464
85.4374
86.2977
85.8779
86.3939
86.3377
87.3091
87.0745
86.6772
86.2187
86.6889
85.9286
85.5722
85.6343
85.7518
85.4886
85.5464
85.5348
85.6501
85.9647
86.2319
86.566
85.9917
85.8761
85.4227
86.0686
85.6443
85.5621
85.4108
86.122
86.6484
86.43
85.9152
85.8203
85.6063
86.0423
85.9184
85.789
85.2721
85.6965
85.9752
85.8366
85.8318
85.6628
85.4607
85.4522
85.7347
85.8914
85.4048
85.5089
85.8464
85.9526
85.3892
85.8603
86.447
86.4377
86.4258
85.8342
85.776
87.0203
88.0094
87.3332
86.5213
86.4756
86.0082
86.6
85.9089
86.494
86.366
86.6469
86.062
86.3411
86.3785
86.1837
86.4791
86.324
85.8763
86.2001
86.5745
85.8858
86.108
85.9217
85.6692
85.8783
86.2725
86.5527
86.2381
86.7108
86.0799
85.5881
85.4262
85.6983
85.6885
85.5424
86.594
86.8098
86.3674
85.9269
87.5024
86.3662
86.4879
86.4012
85.6972
85.3814
85.7976
85.5119
85.4685
85.9704
86.0194
86.0165
86.0716
87.9991
87.8267
86.8963
85.9032
85.8711
85.6966
86.0121
85.5939
85.9529
85.8521
85.6125
86.0662
85.9574
86.6841
86.3999
86.1308
85.5686
86.0242
85.7626
85.5822
86.0438
86.5818
85.9148
85.5625
86.4837
87.6795
88.2804
86.9349
86.2075
86.9824
87.2488
87.279
85.9591
86.1154
86.1116
86.4084
86.3983
87.0542
86.6604
86.6865
86.4638
86.1329
87.1391
86.5872
86.235
87.3241
87.8743
86.0419
87.5
85.9753
85.9351
86.2907
86.6861
86.8831
85.8612
85.7093
85.7984
86.3894
86.3952
86.0525
86.1735
85.6277
85.5028
85.3922
85.6265
85.6084
85.5783
85.9216
85.8873
85.5696
86.2891
86.6614
85.9701
85.8889
86.0473
86.2721
87.2305
87.1123
86.4654
86.1753
86.0192
85.4694
85.6353
85.7755
86.5962
86.9523
86.8673
85.9021
85.7122
85.3025
85.3926
85.2025
85.3317
85.5472
85.5953
85.5048
85.4135
85.7295
85.3885
85.5786
85.8711
85.6286
85.5962
85.3254
85.6709
85.4606
85.9334
85.7971
85.6115
86.3535
85.7139
86.1365
87.4603
86.3191
86.8234
86.0184
85.7762
85.8908
86.611
85.5273
85.5984
85.2574
85.9685
85.624
85.395
85.6531
86.4541
86.0253
85.8248
85.5891
86.3485
86.6644
86.0676
86.9879
85.9559
86.1152
85.6502
85.9022
85.3539
85.6893
85.8329
85.7386
86.3825
85.9552
86.0634
86.3996
85.8172
85.829
85.7527
86.4349
87.4476
86.3861
87.1532
87.5319
86.937
87.2625
88.4683
87.1884
86.0598
85.6018
85.9776
85.6401
85.3672
85.3127
85.6934
85.8811
86.1814
86.1795
85.9213
85.6586
86.076
86.5081
86.2331
86.1157
86.187
86.2049
85.6792
85.6367
85.8023
85.4864
86.2037
85.7052
86.084
85.6219
86.056
85.9718
85.7432
85.9023
85.8994
85.3421
85.7263
85.6279
86.8776
86.0094
86.1436
86.6377
86.7387
86.3556
86.4968
86.6539
87.7398
88.7529
87.6883
86.9195
86.4903
86.3433
85.5689
85.3119
85.8303
85.8509
86.4254
85.4066
85.3401
85.6306
85.8323
85.9319
85.8324
85.8075
86.0226
85.9407
85.907
85.932
85.7522
85.8445
85.8669
86.4511
86.0752
86.2173
86.7662
86.9942
86.6862
86.6503
86.2981
85.9193
86.7871
86.2473
86.2952
86.1089
86.0385
85.9135
86.2042
85.578
85.6582
86.1085
86.2356
86.0865
85.8892
85.4176
85.644
85.7112
86.4605
86.5053
86.7746
86.4093
85.7711
86.8036
86.6388
85.971
86.3414
86.8385
86.582
86.4845
86.5918
86.8361
86.1604
86.7018
86.2869
86.1589
86.3696
86.6871
86.2081
85.7662
85.8275
86.2792
86.1112
86.3416
86.1038
86.0763
86.0466
86.7682
86.8056
87.3521
87.2572
87.0034
87.9419
86.2987
85.6296
86.5465
86.6372
86.5588
86.8085
86.9397
87.3989
87.0981
87.1786
86.5856
86.7022
86.8625
87.0595
86.6646
87.2981
86.1147
85.8345
85.7688
86.1083
86.1106
87.6632
86.7002
85.9206
85.3868
85.3474
85.4163
85.5593
85.6997
85.964
86.0169
86.3626
86.4074
86.7937
86.147
86.0346
86.0328
86.039
85.7755
85.305
85.4842
85.7596
85.7328
85.9073
85.6063
86.2758
86.0681
85.8218
85.9639
85.8444
85.3239
86.0135
87.2098
87.2659
86.7919
86.4992
86.4178
86.3652
85.985
85.9301
86.1215
86.5264
87.2088
86.2952
86.5144
86.3433
86.9354
85.8343
86.1903
85.9726
86.0077
87.0122
87.5071
85.8603
86.2747
85.9839
86.6125
86.8294
87.0639
85.9588
85.8658
86.2639
85.6073
85.6004
86.1459
85.6865
85.8615
85.8114
86.9589
87.3041
86.8214
87.4209
86.6142
85.6674
85.4005
86.355
85.9742
86.1691
86.7904
86.3996
86.3384
86.2403
85.7553
85.638
85.7245
85.5153
86.0433
85.6307
86.4434
85.8429
85.7082
85.406
85.5007
85.6732
86.2903
85.832
85.7217
85.9212
86.8245
86.9255
86.5873
86.3346
86.9105
87.1606
86.9857
86.6578
85.5565
85.6898
86.6321
86.6205
86.2821
86.3427
86.6886
86.6099
86.1344
86.1267
85.7534
85.8859
87.2033
86.3229
86.1017
86.1644
85.7882
86.13
86.2865
86.0444
86.8342
87.5517
87.2807
86.416
86.0826
87.0068
87.4032
87.7291
88.0851
86.6893
87.1667
87.0458
86.2906
87.1713
87.6028
88.4631
86.7495
85.9035
85.4886
85.5408
85.911
85.8613
86.379
85.842
86.2211
87.2333
86.3894
86.1564
86.8006
86.3043
85.8587
86.0738
86.9199
86.1639
85.9901
85.6581
85.9678
85.92
86.2887
86.0372
85.8172
85.6061
86.2774
87.2557
86.4449
85.9737
86.2645
85.8625
86.4022
86.8358
85.9303
85.5892
85.4766
86.0985
86.1878
86.2578
86.3312
87.3374
86.4446
85.8888
85.3952
85.9201
85.648
85.6466
85.9124
85.7505
85.5071
86.2073
86.3506
86.2753
86.4086
85.8662
86.2222
85.8826
85.703
86.1263
86.322
85.8671
86.5858
86.7959
86.1936
85.9984
86.1237
86.7022
85.9558
86.9679
86.0932
85.3711
85.5116
85.7565
86.1809
86.448
87.6173
86.6889
86.6538
86.223
86.2753
85.9778
86.4637
86.9068
86.5628
86.5122
86.2729
85.8472
85.7839
86.0049
85.9264
85.9119
85.6288
85.5904
85.3303
85.5734
85.7465
85.5754
85.6954
85.4426
85.6188
85.6678
85.6502
86.3578
88.095
87.0849
86.3979
86.623
85.3964
86.2086
85.9024
86.3608
85.8084
86.0698
86.101
86.727
86.1413
86.7502
86.1574
85.8197
85.5612
85.441
85.7718
86.5323
87.2065
88.1716
86.0863
86.94
87.0476
86.6803
86.7597
86.1471
86.5165
86.76
86.3546
85.6999
85.4526
85.8212
85.7641
85.5836
86.0946
86.9247
86.1721
87.5154
86.4903
86.6098
87.3123
86.6801
86.5275
86.7847
85.9152
85.8213
85.8902
85.6719
85.5589
85.3505
86.0264
86.4751
86.1985
86.476
86.5452
86.2135
86.2197
86.757
86.3239
85.8242
86.0123
86.4315
86.4203
85.4698
85.6814
85.767
86.0878
85.8693
85.8943
86.7445
87.1406
86.5685
86.6948
86.9337
87.0556
85.5522
86.1523
86.3061
86.2478
85.8811
87.4511
85.7586
85.956
86.5185
86.6815
86.4585
85.5531
85.8443
85.5611
85.9792
85.6637
85.4039
85.4656
85.5349
85.5369
85.2862
85.3512
85.803
85.9899
85.3651
85.8476
85.61
85.3544
85.4379
85.5164
86.0114
86.072
85.5991
85.3189
85.2472
85.5204
85.3073
85.4163
85.8212
86.3409
85.9353
86.0748
86.3626
86.9887
85.4927
85.5904
85.3867
85.7213
85.5937
86.1702
86.1617
86.3135
86.0592
86.1464
86.0928
87.0019
87.9214
86.7009
86.3119
87.0689
87.1102
86.3371
86.0749
86.5508
86.5032
85.7248
86.1913
86.4786
86.6315
87.1844
86.794
85.6513
85.3985
85.7451
85.4323
85.7097
85.4991
85.6465
85.9415
85.6382
86.4288
87.3591
86.1384
85.9805
85.7552
85.6334
86.0162
85.7856
85.4029
85.8738
85.4029
85.7552
85.5334
85.2689
85.3553
85.2355
85.7972
85.6844
85.974
85.7851
86.127
87.0949
86.6947
86.0837
86.2643
86.0606
86.7901
87.3383
86.069
85.3749
86.0633
85.5866
85.3315
86.2098
85.573
85.5783
86.1814
86.4397
85.7175
85.9371
85.5323
85.7125
85.3007
85.5991
85.5348
85.4024
85.3538
85.2025
85.8967
86.401
86.7243
86.5251
86.6935
86.0289
86.2233
85.9452
86.3713
86.0812
85.5352
85.7173
85.8209
86.0569
85.3992
85.6566
85.3436
85.4485
85.6763
85.6889
86.0214
86.6219
85.8276
86.1478
86.4261
85.9326
85.9904
85.7684
86.0314
86.4651
87.6536
86.2807
86.5599
86.0294
85.6974
85.9335
85.9191
85.3008
86.5291
86.247
86.4526
86.8304
86.9799
86.4992
87.0913
86.2297
86.0288
85.7384
85.5552
85.5255
85.568
85.8329
86.2915
85.9774
86.2947
86.0312
86.2355
86.6374
86.3228
86.2284
86.1983
86.1022
85.3137
85.7579
85.5289
85.6695
85.9825
86.4728
85.7583
85.8184
86.6879
86.7686
85.9969
85.7408
86.2535
86.1286
85.8065
85.2707
86.1047
86.9161
87.0017
86.639
85.9616
85.4789
85.3112
85.4186
85.333
85.8497
85.653
86.3756
85.5919
85.6214
86.0506
86.3588
86.4599
85.8665
85.3311
85.294
86.0521
86.4537
86.1968
85.8421
85.7008
86.4749
85.9285
85.579
86.1235
86.0293
86.0832
86.0187
86.1641
86.6513
85.7382
86.5045
85.9118
86.5615
86.3985
87.0793
86.9295
86.6882
86.509
86.8451
86.1906
85.9051
86.3567
86.1111
86.0217
85.6923
85.8778
85.9464
88.1173
86.7771
86.9173
86.1153
86.2593
86.2676
85.5197
85.4587
86.6194
86.0008
86.0969
85.7235
85.5063
85.3254
85.4098
85.3038
85.2025
85.2025
85.2025
85.2072
85.5567
85.271
85.6814
86.1495
85.9558
86.2721
86.8484
86.1458
86.1469
86.1536
85.8257
85.5244
86.0037
86.3647
87.1667
86.4342
86.7606
87.3544
86.4737
86.9414
87.5307
88.7171
87.9963
88.2886
87.1091
86.0172
86.6735
86.4734
86.1345
86.3384
87.0522
86.0467
86.0791
86.291
86.1458
86.8636
86.5788
86.0978
85.641
85.3344
85.633
85.6789
85.8037
86.0589
86.8213
86.5515
85.5655
85.9407
86.0651
86.1696
86.1746
86.2292
86.5061
87.0069
87.463
87.3947
86.1441
86.101
85.6559
85.5373
85.2389
85.5939
86.0297
85.4992
85.658
86.7252
86.9387
86.6573
86.3169
86.0676
85.9204
86.8454
86.1871
85.9953
86.5941
85.9378
86.0203
86.4319
86.5622
86.1839
86.4553
86.3072
86.9401
86.643
86.0831
86.0067
85.6512
85.5973
85.8102
86.8682
86.7469
87.2431
87.7027
87.895
87.6183
89.0119
86.7306
86.6768
86.1364
85.5925
85.4505
85.4104
85.2803
85.3084
85.2476
85.5567
86.1216
85.405
85.9477
85.9457
86.6951
86.4236
85.8321
85.3624
86.0132
86.1215
85.9738
86.8689
85.6458
85.6235
86.1751
86.1897
86.559
86.5139
86.0705
86.649
87.3695
85.9876
86.0003
86.6455
86.4166
86.2253
85.7954
86.3647
86.5426
86.312
86.0683
85.5049
85.6967
86.0582
86.5782
86.4454
86.1523
86.2718
85.6686
85.6632
86.4696
86.7551
86.4411
85.8648
85.3186
85.7355
85.6304
85.7362
86.1672
85.8508
85.6129
85.8515
85.7939
85.5703
85.9538
86.077
85.9432
85.7195
85.96
86.3216
85.8635
86.092
86.2788
86.8034
85.8635
85.9872
86.5093
86.5145
86.7341
86.8547
87.0496
86.6246
86.0076
85.9023
85.9644
86.641
86.6968
86.9254
86.6728
86.2555
86.0109
85.5518
85.2025
86.0635
86.2464
86.4311
85.8639
86.36
85.8917
85.5926
85.6541
85.4029
85.8933
86.0354
86.2169
85.7806
85.5469
86.2415
86.6115
85.8316
85.548
86.0075
86.399
85.7404
85.254
85.5561
85.8913
85.6179
85.5191
85.4345
85.5533
85.51
85.5981
85.518
85.9098
85.6425
85.7095
85.4079
85.7486
85.7027
85.8194
86.9181
86.2318
87.1288
87.623
87.653
87.6627
87.4223
86.5714
86.3275
86.2058
85.7551
85.9787
85.907
86.5827
86.9307
86.8729
86.2987
85.966
85.7814
86.1316
87.443
87.2103
85.9505
85.5967
85.9071
87.0272
86.7634
86.0455
85.8504
86.0642
86.4741
86.192
85.5487
85.4529
85.7032
85.5902
86.1448
85.5416
85.5202
85.5014
86.1177
86.197
85.8351
85.7207
86.2534
86.7288
86.2141
86.8843
86.1646
86.0365
85.7688
85.6509
85.6216
86.1893
86.0878
86.8103
87.2235
87.4684
87.8324
86.1962
86.0088
85.8993
85.371
85.1616
85.5262
85.2126
85.3819
85.7129
86.8482
86.3964
86.2756
86.1037
86.3944
85.9589
85.6565
85.7312
86.2084
86.5246
86.5072
86.6841
86.0648
85.7748
86.4264
85.7881
85.2434
85.1554
85.7258
85.1195
85.2634
85.6139
85.7238
85.5844
86.1014
86.057
85.6168
85.4128
85.6034
85.2137
85.4611
85.4203
85.3664
86.2114
86.0603
85.7767
85.7867
85.5431
85.0885
86.3258
86.9863
87.1382
85.8987
86.0489
86.8238
86.7986
86.4778
85.7707
85.5304
85.8739
86.5971
87.369
86.6403
85.9821
85.7763
86.598
85.9281
86.3729
86.3906
86.1603
86.072
85.5182
85.6002
85.504
85.9452
86.1714
85.9651
85.7172
85.9784
86.9653
86.29
85.5839
85.5275
85.1664
85.2205
85.4567
85.3062
85.536
86.1945
86.6416
86.3041
86.6525
85.6994
85.6651
85.2787
85.2409
85.141
85.1444
85.5068
85.3225
86.4192
87.4096
85.7084
86.6602
86.3331
86.8537
85.5258
86.1382
86.1126
85.7504
85.5928
85.5729
85.1645
85.1178
85.541
85.3319
85.8755
85.564
85.3989
85.4309
85.4722
85.1553
85.1197
85.0819
85.6152
85.6517
85.2769
85.5238
86.0303
85.5373
85.7395
85.1867
85.6256
86.9046
88.9104
87.4773
87.5103
86.2861
85.0185
85.1153
85.3775
86.0023
85.7412
85.3241
85.4772
84.8448
85.7871
84.8247
85.2645
86.0232
86.0339
86.2398
85.5939
85.7677
85.4169
85.6229
85.1774
85.4655
85.3358
85.0492
85.8776
86.3061
85.7959
85.7924
85.2169
84.9444
85.2775
85.5984
86.1628
85.2956
85.7159
85.2501
85.456
85.3701
85.1471
84.9308
85.5353
86.8484
85.8318
86.3698
86.433
86.5392
85.4709
86.2047
86.8748
85.3276
85.3814
85.1246
85.2536
85.3376
85.0089
85.0632
85.5035
85.0652
85.1402
85.3845
85.2313
87.1115
87.2871
86.4096
86.2866
87.101
86.8914
86.9107
86.0137
86.9912
85.4456
85.5239
85.2599
86.0744
86.694
86.2267
86.3699
87.1502
86.6694
86.0754
85.4614
85.3674
85.4227
85.2409
84.9299
84.9644
85.3303
85.2489
85.942
84.9641
85.9678
85.569
86.0098
86.3162
87.335
86.1577
84.9391
85.3266
85.3262
85.9416
85.9359
87.2838
86.4748
87.6657
85.9705
86.7069
86.0359
86.0151
86.816
86.1299
85.8921
85.8807
85.2006
85.4302
85.2428
85.3621
85.2696
85.8093
85.5717
85.648
85.9428
86.002
85.6882
85.1234
85.1273
85.219
85.1769
85.8222
86.5022
86.4651
86.744
86.2003
86.9203
85.5568
86.1111
86.2581
86.0402
85.717
85.5563
86.457
85.8497
85.9205
86.1252
86.9792
86.7242
86.5337
85.3535
85.1816
85.7102
86.5093
86.4467
85.6293
86.6704
85.4254
85.2181
84.892
84.9213
85.0751
86.1658
84.7941
85.2651
85.5488
85.4022
85.8335
86.0515
84.8507
84.9181
84.9376
85.2731
85.4794
86.0085
87.1734
85.9301
85.4348
86.8298
85.4795
85.4025
85.6047
85.1425
85.0908
85.1834
85.5272
86.0516
85.7651
86.3183
86.3107
85.8451
85.736
85.7147
85.2569
85.0503
85.2076
85.2186
85.5687
86.0966
85.657
85.1128
85.2867
85.145
85.5527
85.2874
85.8452
86.4155
86.0283
88.2007
86.6651
85.2032
85.6101
85.3577
85.6262
85.39
85.4617
86.0342
85.7099
85.9162
85.8988
86.1246
86.067
85.0602
85.2332
85.8455
85.9268
85.7339
85.5903
85.8212
85.4643
86.1265
86.913
86.2756
85.8725
85.7466
85.302
85.9401
86.9727
85.9718
85.9655
86.2056
87.4338
86.1092
85.6262
84.9423
85.2093
85.394
85.3545
85.8187
85.6122
85.6223
86.1816
85.8623
86.364
85.8256
87.387
85.8161
85.4871
85.2922
85.4489
85.5173
85.323
84.9205
84.9069
84.9851
84.967
85.8424
86.0653
85.9788
85.6547
85.6258
86.0459
85.4396
85.4336
85.4163
85.7963
85.1413
85.9637
86.3224
85.6849
85.1939
85.5984
85.9599
85.6672
85.1056
85.6733
85.3818
85.354
85.2817
85.2639
86.038
86.2791
85.9747
85.9721
85.4031
85.8959
86.3241
85.2755
84.8818
84.9719
85.4051
86.2643
85.1843
84.9943
86.0239
85.7259
85.922
85.7915
86.051
86.7293
86.8324
86.9047
86.5766
85.9345
85.2648
85.2102
85.1874
85.3024
84.8403
84.9868
84.9727
85.2513
86.1686
85.6327
86.1228
86.2411
86.7053
86.4177
87.2488
86.9773
86.6067
86.3456
86.0438
85.7167
85.9066
86.2362
85.9764
85.8626
85.7782
85.9719
85.2107
85.62
85.8087
85.5741
85.3932
85.039
85.6933
86.0491
85.2403
85.155
85.5137
84.9392
85.1046
85.472
85.1207
85.4176
85.0055
84.8518
85.075
85.8901
85.581
85.0742
85.0505
85.5429
85.416
85.4125
85.5138
86.0026
86.3125
86.0853
85.7834
85.6328
85.3649
85.0243
85.1016
85.9775
85.158
84.9332
85.3002
85.1474
84.9251
85.1516
85.053
85.5327
85.9856
86.2679
86.2108
85.421
86.0298
85.5522
85.2108
85.257
84.8549
85.0214
86.1315
85.5965
85.3343
86.0907
85.9086
85.2735
84.8529
85.0005
85.1815
85.481
85.3412
84.8942
84.8584
84.7652
84.8213
85.044
85.1829
85.6675
85.3714
85.7609
85.6958
85.6992
86.1111
85.9533
85.7027
85.8934
86.2601
85.2686
85.4007
86.3535
85.5975
85.3439
85.3438
85.7013
85.6521
87.0343
85.7234
85.9736
86.0061
85.8133
86.018
86.5677
84.9943
85.0399
84.7632
84.92
85.2192
84.9861
85.0878
85.5926
85.2462
85.6486
85.4615
85.2278
86.027
85.2759
85.6329
85.6976
85.9125
85.4046
85.4812
85.4898
85.6036
85.3275
86.5398
86.4953
87.4966
87.112
86.6015
85.7704
85.7045
85.1923
85.5033
86.1036
85.4404
85.4486
85.8053
85.6705
86.1538
86.0202
85.5956
85.4663
85.8217
85.8572
86.2509
86.2938
85.8622
86.0855
86.2928
86.6793
86.325
86.3295
85.8052
86.4541
85.7568
85.3226
85.6437
85.9432
85.8006
86.4072
86.4206
86.0039
86.4734
85.6033
85.5633
85.0953
85.0706
85.1073
85.0243
85.6705
85.5627
85.4442
85.6735
86.1626
86.3097
87.0563
86.9954
86.3907
85.6612
85.3494
85.3856
86.2687
85.9927
85.6717
86.081
86.0989
86.8184
86.2887
86.3396
85.8278
85.8745
85.5948
85.3857
85.3928
85.6028
86.7459
86.333
85.6232
84.9931
85.4127
86.0384
85.261
85.1309
85.1784
85.0907
85.2863
85.0788
84.9912
84.8956
85.2428
85.5682
86.628
86.4142
85.8813
85.8186
86.052
85.9786
86.2001
84.7583
84.9176
85.327
85.268
85.6118
85.7582
85.1843
84.975
85.7461
85.8832
86.1606
85.5744
86.5809
85.695
86.6106
86.9738
86.6893
86.0153
85.6084
85.2797
86.2649
86.1748
85.5745
85.3637
86.3408
85.6635
86.1171
86.1022
86.6865
86.824
87.0575
86.7474
85.6653
86.272
85.4951
85.2982
85.1
85.5925
85.6094
85.1301
85.5276
85.0234
85.1976
85.3706
85.1683
85.5468
85.7882
85.3056
86.5409
86.3859
85.8577
86.443
85.0091
85.8087
85.637
85.9419
85.2928
85.2929
85.4203
85.6229
85.762
85.4164
85.2473
85.5422
85.3371
85.2675
85.1627
85.2004
85.5349
85.3666
85.6279
85.6452
85.1533
85.3045
85.3003
85.6735
86.6992
86.5344
86.7829
86.6308
85.6867
85.4981
85.3111
85.6016
85.3873
85.4577
85.5998
85.2195
85.1304
85.8486
85.9313
86.8688
87.0632
86.3475
86.2608
86.0316
85.3915
85.6841
85.2132
84.9874
85.8971
85.6013
85.4452
85.5367
84.9173
84.8965
87.41
87.0205
85.3606
85.3808
85.3626
85.5317
85.6346
85.9826
85.1198
85.2741
85.3112
85.8416
85.1815
85.6914
86.2778
85.4265
85.2138
85.0604
85.1379
86.2963
86.4378
86.7817
86.8857
86.0318
85.6198
85.2095
85.6789
85.0539
85.2234
85.0977
85.5522
85.3499
85.0175
85.3935
85.448
85.2877
85.657
85.3141
84.9738
85.0248
85.025
84.8405
84.9632
85.4305
85.0844
86.1979
86.1826
85.3316
85.2642
85.0842
85.9362
85.6226
85.8675
87.3324
86.7015
87.6631
86.5035
86.6968
85.8253
86.3057
85.6313
85.449
86.4553
86.3649
85.4662
85.8481
86.7026
85.9063
85.6652
85.6667
86.0898
85.442
85.8234
85.8706
85.724
86.301
85.9435
85.904
85.4433
85.3016
84.8218
85.3611
85.2315
85.2095
86.2251
85.9814
85.6137
85.262
85.0439
85.3517
85.5734
85.944
86.5144
86.6066
86.2853
85.7406
85.01
85.4769
85.7553
86.1718
86.5767
85.2613
85.6172
85.2144
85.1127
85.2241
85.2252
84.867
85.5337
85.9028
85.7652
85.6962
85.1918
85.2707
85.5246
85.1926
84.8371
85.4406
85.0508
85.0335
85.6763
85.5171
85.0241
85.0167
85.1111
85.0489
84.8957
84.9187
85.1879
85.047
85.2676
85.4121
85.619
85.6554
85.7651
85.2408
85.1736
85.4769
85.7254
85.3437
85.6434
86.1652
85.7952
85.8
85.0701
85.5432
86.3473
86.3133
86.6539
85.2089
85.6084
85.7809
85.1487
85.3058
85.2112
85.1996
85.1417
86.1517
85.3361
85.4644
85.1141
85.254
85.7871
85.3131
85.7375
85.9033
85.8185
85.6469
85.4121
85.1479
84.985
85.659
85.7845
86.3375
86.3594
85.9261
86.1359
87.4567
86.1055
85.8136
85.426
86.0666
85.7481
85.4135
85.4691
85.6919
85.3128
85.2835
85.5768
84.9727
85.0816
85.2876
85.1629
85.682
86.2072
86.5814
85.6694
85.3412
85.076
85.1659
85.3042
85.7867
85.5846
86.8139
85.7882
85.4565
85.818
86.0855
85.739
85.5453
85.0088
85.0873
85.8423
85.2557
85.8994
85.6656
85.2045
85.477
85.5247
85.0418
85.2266
85.2484
85.77
85.3329
85.8135
86.035
85.779
86.104
85.4445
86.225
85.5453
85.19
85.0803
85.1376
85.3141
85.2195
85.6783
85.6486
85.6343
85.2546
84.8745
85.3077
85.1055
85.8664
85.2728
85.256
85.7263
85.5078
85.1284
85.5346
85.6567
85.4806
85.4803
85.1821
85.6615
85.7563
85.7962
85.1046
84.7857
85.1529
86.9624
85.7712
86.1814
86.0252
86.809
85.6297
85.0504
85.4656
84.8831
85.3602
85.4199
85.0426
85.1131
84.9621
85.0568
85.8652
85.8109
86.3592
85.3528
85.3309
85.002
86.0703
85.6415
85.967
86.0876
86.0578
86.066
85.7952
85.1645
85.643
85.554
85.7559
85.1049
85.1549
84.8651
85.1604
86.7243
86.9659
86.0863
85.578
86.2881
85.9789
85.7287
86.9481
87.4087
87.0915
85.3721
86.2681
86.4901
86.0252
86.9994
85.8623
86.5537
86.3417
85.4789
86.1238
85.4299
84.9398
85.4573
86.5519
87.0357
88.0504
87.4151
86.5417
86.2524
85.9489
86.3003
88.5694
86.4517
85.9017
86.1851
85.1198
84.8672
85.5267
85.0263
84.8911
84.658
84.9195
84.369
84.4314
84.8459
84.7912
84.8754
84.5083
84.5398
85.3845
85.4065
85.0759
85.4107
85.5531
85.1679
85.0809
84.8281
84.447
84.7018
85.2989
85.6023
85.5033
85.4688
85.1867
84.9818
85.7574
86.1886
85.8983
85.1078
84.7248
84.7012
85.9895
85.9999
86.6081
87.9722
86.3996
85.3208
85.3022
85.6736
84.7215
84.3513
84.4073
84.947
85.0417
85.38
85.2283
84.8053
85.6245
85.4056
86.1302
85.3136
84.9008
84.9177
84.956
84.5481
84.8071
85.3929
86.5397
85.344
84.9609
85.7195
84.948
85.162
85.7637
84.7015
84.6655
85.2731
85.318
85.4117
85.8536
85.1955
85.552
85.8232
85.5816
84.9047
85.5131
85.0773
85.2755
84.5881
84.5146
84.5328
84.9425
85.0121
84.7188
84.6594
84.6375
85.0417
85.0231
85.004
85.1578
84.6439
84.6447
84.926
84.4697
84.6272
84.9742
84.7868
84.7627
84.6015
84.6076
84.4172
84.6492
84.7237
85.307
85.9584
86.1445
84.8163
84.4773
84.4586
85.2084
85.6407
84.9487
84.7071
85.0435
84.4972
84.737
84.7531
85.6829
85.5768
84.8772
85.1204
85.6728
85.4771
85.5329
85.6846
84.8744
86.1681
85.452
86.0606
85.4908
85.2865
85.0561
84.8824
84.8066
84.7799
85.1063
84.4665
85.0408
84.7702
84.5319
84.3429
84.8212
84.9935
84.9608
84.6502
84.8659
85.7826
84.9475
85.1974
85.7608
85.2398
85.0019
85.2786
85.3826
85.0581
85.4404
85.6512
85.7198
85.4746
85.6613
85.9235
85.6238
85.659
86.1309
84.8664
84.7678
84.4942
85.1105
84.8672
85.2998
84.4484
84.3434
84.4921
84.5051
85.2693
85.851
85.908
85.7415
85.0319
84.7226
84.5914
85.4863
86.2064
84.828
85.8251
85.4341
85.547
85.2657
85.7073
85.545
85.2269
84.5839
85.0436
85.551
85.1564
85.2221
85.6998
85.1071
85.2618
85.3544
85.0064
84.516
85.3823
84.546
84.4213
84.3563
84.6922
85.6146
84.7523
85.009
84.5722
85.1417
85.2238
85.108
84.8768
84.7619
84.6813
84.6906
84.8559
84.9041
84.5065
84.2745
84.6222
84.7904
84.7528
84.8427
84.7344
84.7282
85.8717
84.7078
85.3017
85.6286
86.0422
85.9169
86.048
86.9179
86.6852
85.7043
85.9222
85.0123
84.669
84.5218
84.9513
86.9172
86.4724
84.9322
85.1343
85.3565
84.9578
84.2685
84.8103
84.6866
84.4423
84.9446
84.8028
85.1389
84.9054
85.231
85.8311
85.1358
84.9556
84.6225
84.3825
84.5746
85.4882
85.9888
85.1058
85.0792
86.0885
86.1976
85.8459
86.3992
85.9064
85.0293
84.4479
84.8499
85.3357
86.0203
85.9832
85.4914
85.9087
85.2694
84.8078
84.966
85.1563
84.9988
85.761
84.8967
84.8881
84.8792
84.5453
84.6745
84.936
85.2004
85.1338
85.3013
84.9512
85.0423
85.46
85.0487
85.7898
84.9575
84.9626
84.6851
85.1739
84.6134
84.6844
84.8439
84.6237
85.1486
85.7023
86.1537
85.2655
85.8813
85.098
84.9468
85.2275
84.6824
84.7166
84.726
84.7292
84.9872
84.4663
84.5853
84.8427
85.189
85.5946
86.2835
85.8329
85.798
85.3285
85.2631
85.7367
85.0844
85.4438
85.4308
85.5577
85.5755
86.8287
86.7568
86.1224
85.6795
85.588
85.4555
85.3788
85.4181
86.6756
85.1845
84.5557
84.3701
84.4295
84.5424
84.9064
84.8859
85.5403
86.0177
85.9565
86.6805
85.7274
86.8966
86.1185
85.6964
85.8862
85.0027
85.0974
85.0001
84.7102
85.0604
85.1115
85.1513
85.3356
85.0044
84.9726
84.5845
84.5239
85.004
84.8838
85.3534
86.3322
85.7034
84.925
85.2206
85.9018
85.9383
85.2281
85.3619
84.6373
84.555
84.7429
85.3142
85.9848
85.9641
85.5831
85.2211
85.1006
84.8556
84.6743
84.4232
85.7526
86.5143
86.4162
85.9055
86.2306
84.5674
84.3974
85.5182
85.5359
85.7824
85.0818
85.6381
85.025
84.449
84.3101
84.4632
84.3655
84.4999
85.6509
85.2748
86.2004
85.8264
85.8343
85.8952
85.2218
85.2657
84.7627
85.0586
84.5053
85.1726
84.6621
85.2217
85.0156
85.5337
86.0108
85.5621
84.7542
84.6469
84.5975
84.3865
85.0252
85.2492
85.2226
84.9562
85.1927
84.8321
84.3943
84.6492
84.8258
84.6377
84.6437
85.1158
85.4773
85.1073
85.5293
84.9291
85.6798
85.6693
85.6282
84.9738
84.599
84.4458
84.4591
84.7333
84.8784
85.4712
84.7793
85.195
84.5062
84.3397
84.7599
84.737
85.0974
85.511
85.1453
85.4685
85.8722
85.7224
85.1235
84.9872
85.1452
84.5353
85.5261
84.6959
85.1945
84.9998
84.9149
85.0443
84.5573
84.7702
85.5339
85.319
84.9093
84.5034
84.4624
84.6602
84.4924
84.859
85.6185
85.363
85.5928
85.8985
85.859
84.9447
85.8543
85.5474
85.2957
85.1907
85.0182
84.6344
85.1803
85.842
85.8139
86.6636
86.0365
87.1822
86.7734
85.8538
85.2358
85.0237
85.0851
85.0833
85.5659
85.6275
85.8919
85.997
86.1445
86.6609
85.6794
85.373
85.6394
85.2245
84.9106
84.6035
85.0059
84.8885
84.7862
85.1074
85.0911
84.3497
84.4184
84.6485
84.6476
84.3582
84.5961
84.9552
84.9639
84.8994
84.9811
84.7658
84.3588
84.2586
84.6605
84.4709
84.9531
85.1083
84.3285
85.5474
85.7007
85.0656
84.8942
84.7803
84.751
85.094
84.9373
84.6713
84.6362
84.9224
84.8097
84.668
84.7029
84.8598
85.071
85.7049
84.6947
84.6729
84.4754
84.8381
85.0059
85.0357
84.5867
84.7594
85.013
85.8823
85.2366
85.1699
85.4998
85.6885
86.4088
85.6576
85.9009
85.7662
86.2621
86.3066
85.537
85.7844
85.063
85.5925
84.9097
84.6102
84.6312
84.4918
84.324
84.8403
85.4274
85.5536
84.748
84.3532
84.521
84.7075
84.6367
84.5997
84.7322
84.8696
85.0156
85.3142
84.7612
84.8769
84.965
85.11
86.0231
84.8838
84.7411
85.289
85.0375
85.0882
85.712
85.2263
85.7137
85.0039
84.963
85.0968
85.1764
85.5522
84.6113
85.1297
84.756
85.1812
84.9892
85.3871
85.9267
85.9631
86.194
86.1423
85.071
84.6729
84.9112
85.486
85.0447
84.6677
84.3474
84.7652
84.2586
84.5591
84.4417
84.8194
84.9396
85.1831
86.3925
86.1924
85.4559
86.4845
85.8458
84.7154
84.5364
84.7714
84.5864
84.8178
84.9061
84.5896
84.337
84.8027
85.4017
85.4966
85.6823
85.0011
86.0935
86.4007
86.673
84.704
84.5614
85.0683
85.6087
85.7146
85.2619
84.4677
84.2586
84.6884
86.4273
87.3059
86.7359
85.7648
86.0429
86.8531
86.4669
86.8834
86.4938
85.4134
84.795
85.0209
84.9864
85.0148
85.4271
87.7477
86.2114
85.4584
85.3539
85.0032
85.395
86.3941
86.1723
84.9682
85.2155
85.0054
85.3956
85.3831
86.1844
86.0826
87.2968
86.8264
85.9592
85.1203
85.1814
85.604
85.5086
85.7114
84.6991
84.8309
84.6197
84.5207
85.1357
85.6096
85.2756
84.9927
85.6549
85.4232
85.6045
85.1632
85.2571
84.8462
84.8569
85.0104
85.1702
85.3484
85.5083
85.5626
85.2123
84.9457
85.1695
86.3046
85.9974
85.414
85.9175
85.5814
85.4689
86.0513
86.1582
85.7315
85.7288
85.9967
85.0244
84.7168
84.3862
84.748
84.9577
85.2233
84.575
84.3404
84.8129
84.6522
84.6601
84.5157
85.0696
84.798
85.4155
86.3887
85.5727
86.9585
86.8017
85.7893
85.571
84.9872
84.6906
85.0907
84.9169
85.4269
85.4676
85.6528
85.5093
85.1437
84.623
85.204
84.4305
84.6224
84.9031
85.2508
85.5071
84.3254
85.1893
85.3769
84.5386
85.4441
85.6254
85.5751
84.7873
85.3725
84.9601
84.4901
84.6924
84.8516
86.1207
85.4222
86.3335
85.9773
85.9818
85.1992
85.5209
85.5998
85.061
85.3774
85.4289
84.9145
84.7386
84.9362
84.9939
84.8061
85.2489
84.6532
85.1965
85.4676
84.9399
85.1207
84.9121
84.8903
84.681
84.9214
84.6185
84.8981
85.495
85.13
84.8986
85.5269
84.5985
84.5845
85.072
85.5435
84.8724
85.2406
84.7359
84.676
84.914
85.7407
85.2696
84.9489
84.9706
84.6836
84.5068
85.9388
85.8631
85.7915
84.6546
84.7236
84.5897
85.0135
85.1601
84.7267
84.5518
84.497
84.3405
84.5478
84.7628
84.9721
84.9862
84.9784
84.3902
85.1332
84.744
84.9003
84.9405
85.2376
85.677
85.0591
84.9887
85.1482
85.1944
85.0616
84.9078
84.9669
85.7957
85.1434
84.5462
84.9078
84.8795
85.2706
85.0873
84.9533
85.1994
85.2575
85.8881
84.7082
84.3665
84.2958
85.1423
85.2514
84.898
84.953
85.0244
85.4694
85.402
86.7099
86.24
86.4317
87.869
87.9347
86.5616
86.167
86.2669
85.6062
85.2586
85.1308
84.8652
85.0732
84.9176
85.0241
85.6228
85.9315
85.3815
85.4687
85.1254
84.9287
84.8094
84.8584
84.9781
85.294
84.6261
85.67
85.4253
84.7543
84.6069
85.1427
85.581
85.3826
84.9234
84.8457
84.8985
85.3527
86.8993
87.637
86.1772
86.4824
86.3161
85.7821
86.2023
87.19
85.4912
84.9334
85.2846
85.5183
84.8951
84.8194
85.0514
84.5713
84.7463
85.4161
84.6357
84.8361
85.5047
85.155
85.9049
86.3004
84.9931
85.0064
84.6729
85.0292
85.3403
84.9755
84.7105
85.2659
85.5651
85.9558
85.3811
85.168
85.3393
84.8003
85.5792
85.7462
85.0445
84.788
85.1829
84.6872
84.9041
84.5671
85.2634
86.5657
85.4755
85.8877
85.2252
86.3507
86.3481
86.533
85.2975
85.465
86.209
85.6164
85.1035
84.68
85.0707
85.8884
85.579
85.4432
84.5554
84.5004
84.6844
84.8435
84.6548
85.0128
85.112
85.6338
85.5029
85.3473
84.9458
84.7347
84.9917
85.2152
85.2387
85.1599
84.4696
84.7666
85.1582
84.7717
84.9432
85.2916
85.4313
85.1656
85.1667
85.1649
86.144
85.5121
86.6843
85.7554
85.702
85.4827
85.8602
85.9571
87.0698
86.2338
85.716
86.1467
85.5846
85.0717
85.2124
84.8166
86.1458
85.715
84.7386
85.1494
84.6817
84.6866
85.1873
85.4253
85.3062
86.4993
85.6291
85.9382
86.2307
86.3919
86.1663
84.7634
86.0422
85.3312
85.0242
84.8199
85.5325
85.3089
86.0673
85.5889
85.6018
85.1991
84.5997
84.6324
84.7854
85.7657
85.3607
85.849
86.9076
86.4208
86.0046
85.6137
85.3452
84.8288
84.3228
84.3281
84.7466
85.0108
84.8401
84.891
84.6182
84.4838
84.5346
84.812
84.819
84.7804
85.8064
85.8818
84.753
84.9272
84.869
84.8983
85.0723
85.3842
85.4353
85.379
85.0666
84.9489
85.2888
85.5866
87.3167
85.9321
87.3825
87.6756
86.7166
87.5922
86.3573
85.8902
86.0359
84.5423
84.5857
84.5043
84.7634
84.8385
85.1807
85.3294
84.7736
84.6954
84.2963
84.4116
84.7852
85.2671
85.7843
84.6467
85.1534
85.4601
85.4624
84.5817
85.2217
84.7735
85.0321
85.8496
85.8207
85.3559
85.2035
85.3005
84.912
85.7503
85.5507
84.8274
84.5137
84.7128
84.8051
86.0592
86.5595
86.1009
86.0755
85.7847
85.9792
85.7903
85.949
85.2029
86.1747
86.1032
86.6142
85.5355
85.4724
84.9862
85.8056
85.0898
85.1422
85.8805
85.9294
86.3435
85.3507
84.9225
84.6451
85.076
86.2308
85.7373
85.24
85.1563
84.6113
84.6561
84.9106
85.6255
85.0936
85.5771
86.2992
86.6805
85.9677
85.3219
84.9945
85.9518
85.4803
84.9789
84.9779
85.9508
85.086
84.9611
84.8376
85.1005
84.8812
85.0638
84.6219
84.5712
84.6851
84.899
84.5465
84.6488
84.982
84.6406
84.4237
84.6569
85.3787
86.1317
87.5095
86.1663
85.927
85.0906
84.9087
85.0228
86.006
87.0705
86.2521
85.3737
85.0932
84.6689
84.6937
84.671
84.6342
84.9475
86.039
85.7975
85.9303
85.2167
86.4901
85.2437
85.4198
85.9629
85.5812
86.6582
85.0279
84.6359
84.9013
85.4564
86.3994
86.0445
85.5206
85.0686
85.2423
85.6517
85.9015
85.263
85.301
85.2134
85.2183
85.2688
85.3058
85.1146
84.4731
84.6184
84.9705
85.3454
84.7988
85.0451
84.9582
84.7214
84.6261
85.2784
85.6975
85.1195
84.816
84.6748
84.326
84.5511
84.8865
84.3095
84.5026
84.9128
85.0287
84.9782
84.8541
85.0794
84.5616
84.8589
85.6684
85.2015
84.8771
85.108
84.6671
84.658
84.5363
84.6405
85.8138
85.1435
84.6871
85.0259
85.4142
84.7133
85.3376
85.3011
84.613
84.6329
85.1431
85.0063
86.2172
85.5436
84.7894
84.644
85.2833
84.9613
85.4268
86.5272
86.236
86.788
86.5151
85.4743
85.7175
85.922
85.3224
85.4373
84.8914
84.9165
84.7418
84.8665
84.2731
84.6875
84.4811
84.7756
84.9589
85.5084
85.6646
86.9147
85.693
85.5063
84.7786
85.2366
85.4137
84.9158
86.8526
86.5275
86.4619
85.6333
85.7929
85.549
84.6871
84.8952
85.3349
84.9559
85.2381
86.2599
86.255
86.1258
85.8019
85.5667
85.312
84.8954
84.715
84.8462
85.1234
84.8601
85.5136
86.1503
85.6579
85.4029
85.4739
85.0277
85.5962
86.996
85.0444
85.1909
85.1086
84.9372
84.7946
85.142
84.6617
84.7105
85.556
85.3399
85.0871
84.9247
85.844
85.3912
84.9712
84.6944
85.3664
85.1225
85.3365
84.9004
84.9708
85.2701
84.6051
84.9042
84.5168
84.5641
85.3381
85.3821
85.6376
85.8386
86.6339
86.1315
87.1786
87.435
86.6817
86.7695
85.6827
85.2698
84.8576
85.1171
85.0868
84.7572
85.0149
85.1223
85.4696
85.0969
84.6995
85.7782
85.3217
85.4736
85.2121
85.148
85.6496
85.3046
85.5047
85.7649
86.7323
85.6803
85.4647
85.1229
85.0838
85.5586
84.9212
85.1278
85.2962
85.3859
84.7379
84.7249
84.8491
84.7687
84.3789
84.7475
84.6884
84.5768
84.696
84.7579
84.7227
85.7854
85.9607
86.1437
85.8009
85.9132
85.8962
86.3331
85.0397
85.3426
85.0111
84.4473
84.479
84.6127
84.9221
85.4233
84.9734
84.3607
84.4545
85.4661
85.1
85.9649
85.3722
85.9371
85.6411
86.4814
86.1817
86.1745
85.8508
86.0546
86.0778
86.0831
86.1819
85.9326
85.0875
84.9632
84.6511
84.8175
84.5614
84.9162
84.641
84.9255
85.09
84.8579
85.917
86.4807
85.466
85.5334
84.5686
84.8633
85.7153
86.2968
85.7657
85.9935
85.3846
85.8973
85.289
84.6468
85.5438
84.9215
85.3763
85.4646
84.7537
85.2217
85.1416
85.3969
85.292
85.6079
85.4304
85.2348
84.5439
84.309
84.4544
84.4769
84.4082
84.2657
84.4582
84.7891
84.6083
84.6027
84.3448
84.7904
84.8534
84.8196
85.0369
85.1126
85.1021
85.0135
85.9244
86.1165
84.9174
84.6618
85.8249
86.1402
86.2657
85.2301
85.6561
85.9523
85.9327
85.6498
85.0761
85.5045
84.8433
85.8027
85.6275
85.2255
84.4332
84.3203
84.6148
85.03
84.6451
84.6582
85.0255
85.6993
84.5553
84.672
85.1561
85.0436
84.9354
85.6993
86.9499
86.9933
86.1213
85.4504
85.644
85.9477
85.8836
87.0156
85.7979
86.3929
86.3273
85.2711
85.2044
85.5035
85.0829
84.9859
84.9267
85.0253
85.0865
84.543
84.5488
85.0888
85.5995
84.7873
84.7175
85.5366
85.0041
84.4662
84.3847
84.7751
84.6987
85.0145
85.7187
84.6293
84.6862
84.533
84.5353
84.4743
84.7712
84.7873
85.5277
85.1844
85.1176
84.9047
84.8809
84.8659
84.8536
85.1237
84.8637
84.7126
84.7526
85.1862
84.913
84.5467
84.8682
84.8016
84.5314
84.67
84.9789
84.6322
84.4956
84.7136
85.3819
84.9913
84.7792
85.8683
86.264
85.0474
85.3384
85.784
84.8101
85.0374
84.7309
84.4498
84.8471
84.9311
85.6381
85.0427
85.8572
86.6166
86.0238
86.6068
86.3542
86.548
85.9515
85.0235
85.1871
85.8692
85.8915
85.0585
85.5967
86.5691
85.2479
84.8838
84.9851
85.3579
85.4804
85.4316
85.0948
84.5817
84.4517
85.132
85.7142
85.2227
85.2167
85.4525
86.1994
86.2163
85.8994
84.9228
86.0374
84.8799
84.5626
84.9054
85.5593
85.4894
85.8196
86.115
84.8938
85.6205
85.5153
85.6181
84.8438
84.9104
85.1884
84.7435
84.779
84.2586
84.2789
84.3869
85.9517
85.2985
85.5386
85.9176
85.6885
85.4831
85.347
85.3291
84.9407
84.7334
84.7114
85.0431
85.3699
84.5766
85.1443
84.8003
84.9674
84.6734
84.5185
85.0456
85.2536
85.5765
84.7336
85.0417
85.2885
84.9996
86.8434
86.4603
86.3715
85.4841
84.7097
84.632
84.9027
84.9139
84.4937
85.2256
84.759
84.6454
84.9208
85.1688
85.0707
85.146
84.336
84.5048
84.4557
84.8195
84.7885
85.4237
84.6361
85.5466
85.3669
85.4041
85.6552
85.1153
85.3863
86.6615
86.7673
84.9772
84.5451
84.5021
85.385
84.5248
84.9006
84.4199
84.3023
85.2826
84.9799
84.9242
85.4003
85.4619
85.2832
85.0708
85.6173
86.0924
87.0369
85.6931
86.3623
86.2333
85.5149
84.5621
85.1075
84.5901
85.1394
85.1906
85.2472
85.0488
85.7459
84.7882
84.9821
85.4109
85.5744
84.8397
84.7687
84.9489
85.0356
85.8265
85.6255
85.1506
84.7811
85.0101
85.0916
86.0852
85.8315
85.0937
84.5933
84.9798
85.759
85.1051
84.5311
85.3732
86.0109
85.4915
85.4423
85.0197
85.1785
85.1486
85.7145
85.1598
84.6043
85.2265
84.9984
84.9915
85.274
84.8549
84.693
84.8662
85.1951
86.2853
86.6342
86.9492
86.9812
88.5969
87.5034
86.5888
86.2311
85.1456
84.5558
84.9755
84.6969
85.0496
86.0309
86.9431
86.1363
87.2866
87.2332
85.5976
85.8524
85.0953
84.9646
84.6849
84.6923
84.4243
84.6824
84.3421
84.6145
85.3831
85.3495
84.9463
84.9542
84.8948
84.7668
84.7283
84.5844
84.2586
84.4431
84.7186
85.515
85.0168
84.9359
85.1409
84.678
84.6066
84.4888
84.8275
84.7723
85.8491
84.8551
84.8434
84.6025
84.91
85.6722
84.9805
85.4706
85.6153
85.7828
84.7679
84.775
85.7172
85.2733
85.1653
85.784
85.9989
86.6192
85.8011
85.4359
85.066
84.8729
84.6001
84.9253
85.1478
85.0407
85.5406
85.3806
86.6358
86.661
85.6756
85.893
85.0117
85.3844
85.0716
85.0929
84.7604
85.0651
85.234
85.4573
85.453
86.2871
85.758
85.4674
85.6778
85.5945
85.1069
84.5351
84.5991
84.9375
84.8951
85.1451
84.5385
84.692
85.1959
85.6015
85.2055
84.8813
84.8703
84.3976
84.456
84.8879
84.8743
84.6949
84.669
84.3403
84.2586
84.8315
84.3098
84.9828
85.0689
85.1762
85.4468
85.0328
85.353
84.3213
84.5044
84.4991
84.5123
85.066
85.5597
85.3527
84.7231
84.9834
84.8827
85.0702
84.9087
85.1928
84.7047
84.4863
84.2586
84.8267
84.7508
84.8247
84.7858
85.4829
85.0779
84.9708
84.387
84.7466
84.8151
84.8389
84.63
84.4415
84.5763
85.062
85.4371
85.2529
85.3624
85.5537
85.4341
85.1758
85.6151
87.3087
85.8392
85.839
86.2154
85.4805
85.0369
84.6346
85.8161
85.4757
85.3258
85.4219
85.7479
85.457
85.7715
86.3234
85.8324
85.678
85.8558
84.8872
84.9705
84.7881
85.4997
85.3019
84.5417
84.8111
85.751
85.4579
86.0804
85.3047
86.806
86.4691
86.329
86.1532
85.7855
85.9734
84.9738
85.5337
84.9566
85.1671
85.1618
84.7515
85.5368
86.216
86.072
86.3306
85.8922
84.6166
85.2204
85.6514
84.9804
84.904
84.7831
84.4251
84.4046
84.4908
84.5907
85.3039
85.0381
84.7562
84.9203
84.4231
84.4482
84.4992
84.6324
84.749
84.3021
84.332
84.4055
84.8071
85.4282
85.5392
85.3731
85.4413
86.0971
84.8439
84.5353
84.5943
84.6121
84.5424
84.4966
84.2586
84.6181
85.1006
85.2658
84.8336
84.5965
85.1389
85.5704
84.8078
84.8129
84.564
84.4995
84.9006
85.9062
85.4421
84.453
84.7107
84.6963
84.7527
84.8929
84.7515
84.8736
84.6008
84.7257
85.0226
85.2125
84.6397
85.4308
86.4813
85.5468
85.6477
86.0653
85.2277
84.6235
85.8524
85.4869
86.6666
85.6995
84.9845
85.3034
85.297
84.7083
85.6202
84.8337
84.9526
85.6296
85.1519
85.0065
85.0205
84.3796
85.9562
86.1966
85.3541
85.107
85.6142
85.267
84.6528
84.9127
84.8293
85.0165
85.8224
84.7202
85.8036
85.8612
84.5349
84.8055
85.0716
84.869
85.3536
85.0873
85.1839
85.9448
86.1878
87.43
88.0664
86.4233
86.346
86.334
86.1309
87.2679
87.4096
86.4743
85.4034
84.8505
84.862
85.1838
85.0589
85.0956
85.2191
85.4674
84.7607
85.2769
85.2377
84.7564
85.4017
85.4758
85.9682
85.6648
85.6321
86.7185
88.8143
88.1592
86.7665
85.1973
85.5978
85.7971
85.1978
84.7394
84.6467
84.5317
85.0886
84.81
84.4739
84.9765
84.6173
85.0105
85.4954
85.5423
85.572
85.5904
86.2696
86.3891
86.0251
85.2014
85.0271
84.5687
84.3931
85.105
84.8517
84.5316
85.2874
85.2763
85.3098
85.4861
84.9804
84.566
85.3422
84.6278
84.435
84.6684
84.8756
84.8494
84.7764
85.35
85.5507
85.8849
85.9266
87.0999
87.0815
85.3951
84.7391
84.607
84.7792
84.7694
85.3767
85.2102
85.2528
85.2913
85.3868
86.1358
85.2011
85.0934
85.2883
85.1122
85.5793
86.4518
85.6321
85.2101
84.6479
84.4853
84.8985
84.8816
84.7979
85.2252
85.1317
84.835
85.109
84.9752
85.2275
85.488
84.8938
84.9057
84.6289
85.1312
85.0685
85.4805
85.4193
85.4793
86.08
84.7134
85.0104
84.8931
85.0529
84.6263
84.7525
84.5388
85.1701
84.9491
84.3821
84.5295
84.4643
84.7854
85.369
85.3795
85.5593
85.1416
84.8886
85.3849
85.9815
85.4361
85.1061
85.8499
84.4477
84.2777
84.7117
84.8485
84.6762
85.1075
87.8708
86.584
86.3013
86.623
86.4904
87.2708
88.391
86.5
86.1476
85.7166
84.6912
85.1674
84.7474
84.5621
84.5994
84.8685
86.2697
85.0685
85.7348
86.0551
86.0387
85.2989
85.6284
85.591
85.3262
85.0166
84.9955
85.1697
85.8132
85.2658
85.9409
85.6071
85.5265
86.4379
86.1627
86.3935
85.0593
85.2788
84.8026
84.7195
84.4234
84.8025
84.771
85.1128
85.3008
84.7292
84.6754
84.8415
84.6455
84.4237
84.5149
84.7362
85.0501
85.654
85.3549
84.9968
85.1294
85.7325
85.9651
86.0074
86.9297
85.2838
85.2844
85.797
85.0659
84.7331
84.6137
84.4853
84.852
84.6135
84.5386
85.0634
84.5775
84.985
85.9868
85.2514
85.55
85.507
84.4575
84.2857
84.575
84.3424
84.6861
86.0342
85.1401
85.2089
84.7887
85.614
85.3833
84.8424
84.3623
84.65
85.0067
85.6745
85.7587
85.37
86.2747
85.8326
85.1417
85.6085
85.8598
85.9096
85.3967
85.6385
85.6474
85.2467
84.4481
85.1388
84.7362
85.4277
84.852
84.6181
84.7379
85.7022
85.0522
84.8611
84.8171
85.0046
84.6328
85.5841
84.5521
84.9413
84.8445
85.2552
84.8508
85.7183
85.5406
84.9069
85.1819
84.581
84.738
84.786
84.652
84.7801
85.1274
84.8257
84.5683
84.5253
85.1299
84.7325
84.8437
84.6992
85.517
86.236
86.1564
85.5588
85.2542
85.7139
84.8335
84.8626
84.8491
85.2856
85.2203
85.2655
85.2924
85.6772
85.5417
86.0672
84.7808
84.6797
84.6696
85.6669
84.9872
84.5823
84.5663
85.2675
85.4096
84.933
85.9424
85.8328
85.1578
84.8938
84.9286
84.7292
84.6667
84.9658
84.9797
84.4429
84.4325
84.5892
84.3359
84.3507
84.4459
84.8196
84.6376
85.2885
85.2788
85.5384
85.0495
84.4899
84.3838
84.562
84.5103
84.8067
85.1494
86.6275
86.3319
84.9865
84.5047
84.9261
84.8276
85.2087
86.769
85.6363
86.3197
86.7008
85.4566
84.649
85.2333
85.5403
85.6853
85.4937
85.4154
85.2412
85.1512
85.0427
84.9308
85.6846
85.9278
86.4576
86.0801
86.8228
85.4165
85.1228
84.3926
85.5377
84.9513
84.8002
84.6741
84.6305
85.0679
84.2586
84.565
84.6931
85.1208
85.1554
85.1954
84.7654
85.2552
84.4617
84.6396
84.6334
84.72
85.2858
85.1201
85.0662
85.6633
85.669
85.2574
85.1196
85.7627
86.2194
85.5663
85.3893
85.0473
84.8805
85.3195
85.6217
85.2071
84.9449
86.7042
85.6842
85.0025
84.4076
84.5189
85.0472
84.5472
84.5714
85.8642
85.0632
85.4057
85.6298
85.3582
85.7522
84.9886
84.9868
84.8955
85.2978
85.1496
85.7926
85.7907
84.957
84.6233
84.6925
84.6242
84.8575
85.1996
85.8936
85.8637
85.4035
85.5092
86.5182
86.5302
86.5775
85.9936
85.2355
85.6685
84.7946
84.338
84.5713
85.2703
85.2942
86.1326
84.9654
85.1641
85.381
85.5897
85.547
86.1199
85.4792
85.5055
85.669
85.1532
84.8663
86.2376
86.2328
85.9571
86.6954
86.8993
85.7701
86.1398
86.1483
85.5381
85.4766
85.3309
85.2557
84.8627
85.0264
84.7613
85.1217
85.0252
84.7496
85.338
86.6514
85.6883
85.7897
84.8918
84.374
84.8049
85.6901
86.8536
84.9797
86.188
85.6039
85.3174
84.4311
84.5775
84.4888
84.8024
85.2557
85.3808
84.7998
84.845
84.5494
84.8412
84.978
84.6021
84.6671
85.0804
85.2658
84.7782
85.142
85.3157
86.705
85.6418
85.4463
86.5558
86.4999
86.3407
84.9475
85.5833
85.2285
85.8136
86.4074
85.2406
85.2733
84.9275
85.4966
84.649
85.0207
84.9312
84.5699
85.369
84.6833
84.8095
85.391
85.5951
86.1901
86.3999
86.2292
86.27
86.142
86.4648
85.6423
84.8864
85.1541
84.6024
84.7867
84.904
85.2431
85.068
84.8371
84.3177
84.6465
84.6222
85.0749
84.7551
84.4894
84.6105
85.1358
84.5733
85.4553
85.5174
86.0143
85.987
86.1528
85.2585
85.5264
85.2788
84.9668
85.3412
85.2808
85.3224
84.8061
84.6129
85.2384
84.6395
85.0021
84.7986
84.6765
85.0079
85.3011
85.4054
86.1811
87.8174
86.8247
86.9673
86.8498
86.569
86.4418
85.596
85.1221
85.2674
84.9778
84.9727
85.1089
86.8963
86.7281
85.8925
85.3443
85.1806
85.9837
86.7025
85.9655
85.8237
85.3171
85.6394
85.5037
84.8188
84.4667
84.3665
84.6289
84.7477
85.113
85.928
86.0862
86.2885
86.5051
85.0348
85.8123
86.2567
86.7779
87.5084
86.2654
85.829
85.3263
84.9648
84.7996
85.1526
86.1654
85.5589
85.1834
85.7138
85.1423
85.2376
85.5485
85.7338
84.7949
85.3385
85.9401
84.9741
85.7112
85.0245
86.427
85.6699
85.218
85.6049
85.9436
85.8201
86.0025
85.4192
85.5232
85.8622
86.1566
85.2161
85.0404
84.5244
84.398
85.0403
84.9958
85.0158
84.7612
85.0206
85.5667
85.7923
85.0683
84.8444
84.9915
84.7648
84.8643
85.366
85.4238
85.5376
84.965
85.0233
84.9358
84.8971
84.9466
85.5229
86.4174
85.505
85.0502
86.2288
85.8983
85.164
85.5674
84.643
84.7175
85.0287
84.2994
84.3316
84.7103
84.4617
84.4815
84.4779
85.4587
84.6691
84.5014
84.9107
84.947
85.2065
85.2331
84.9878
85.1514
84.76
84.4493
84.5324
84.6145
84.506
84.5254
84.8692
85.5029
84.9411
85.4272
84.8401
85.1427
85.2686
85.0001
85.7071
85.5762
85.1726
85.5856
85.3927
84.9879
85.1611
85.0107
84.8173
84.6089
84.6827
85.1532
85.5046
85.1184
85.1723
84.7838
85.3046
84.9259
84.9058
85.2637
85.1687
85.1357
85.4768
84.8419
84.766
84.5296
84.8376
85.1362
85.3172
86.3296
85.6803
85.9679
85.066
85.4538
85.1731
85.5132
85.8392
85.3328
84.9928
84.8832
84.8728
84.3823
84.8308
84.783
86.1609
85.26
85.5619
85.8004
86.0219
84.8704
84.4851
84.6967
85.0077
84.7202
85.0285
84.9595
84.7542
84.6986
85.2509
84.9533
85.3935
85.2619
84.7085
84.9232
86.8644
86.2121
85.4965
85.5908
85.2436
85.1848
85.3634
85.5136
84.6914
84.5495
84.6242
85.3562
84.6101
85.3602
85.7711
85.1471
85.5051
85.9053
86.0402
85.2239
84.5772
84.3295
84.8139
85.7023
86.0504
85.8206
85.4355
84.9925
84.4271
84.3973
84.9189
86.7926
85.4591
84.9167
85.2253
84.8366
85.8407
87.1872
85.5796
85.2285
85.3659
84.8497
84.8107
85.5578
85.1458
85.215
84.9205
84.9083
85.3696
85.6929
85.919
84.8379
85.5241
85.8638
86.438
85.4418
84.5747
84.8098
85.0074
86.3463
84.8235
85.2894
84.8753
85.0763
85.4316
85.5435
84.7732
84.4754
84.8414
85.2799
85.0423
84.7993
84.4355
85.0512
84.6306
84.6263
85.5825
85.9358
85.701
85.8379
86.0874
84.5385
84.3644
84.3866
84.4232
85.1239
85.0466
84.9727
84.7301
85.5313
85.447
85.3127
85.7643
86.0612
85.587
86.7121
87.0316
87.0491
85.7529
85.5864
84.9465
85.9535
85.0871
85.7134
85.9159
85.939
85.6442
85.3819
84.7425
85.5215
85.0271
85.3355
85.2964
85.1735
85.1971
85.1255
85.3112
85.1416
85.4863
84.7826
84.418
84.4339
84.4191
84.6684
84.8375
85.2024
85.0923
84.5636
84.2586
84.2692
84.529
84.8302
85.1416
85.1959
85.6053
85.9609
86.1354
86.1506
85.5691
84.5788
85.447
84.5796
84.7464
84.5919
84.7856
84.8386
85.2791
85.1825
85.3674
85.2822
84.9978
86.2517
85.6115
85.5882
85.1604
85.457
85.6095
84.9232
84.7962
84.7925
85.0358
85.4534
85.0219
84.856
84.7177
84.9741
85.2203
85.3812
85.8472
85.3866
85.6005
85.384
84.9867
85.0694
84.5839
85.5837
86.3229
85.9367
85.8323
86.8076
87.2656
86.2196
85.3438
85.7426
85.5164
84.6177
85.7307
86.4468
86.3406
85.6333
85.1575
85.389
85.1505
85.0952
85.089
85.0179
85.3238
85.1125
84.8043
85.0175
84.9287
85.7051
85.3822
84.7189
85.1005
85.5854
85.8272
84.8652
85.039
84.7991
84.6846
85.0037
85.9868
86.0187
86.4982
85.9818
84.8619
85.3455
85.8607
85.8938
85.3932
84.9086
84.994
85.4763
84.6737
84.8666
85.0249
86.0501
86.0581
85.0827
84.9332
85.4883
84.6559
84.8914
85.2293
84.7714
84.6417
84.6695
85.2889
84.7777
84.8653
84.2875
84.7253
85.0876
85.0773
85.2448
85.886
85.2428
84.8289
85.0922
84.8841
85.2278
85.3992
85.564
85.6538
84.8359
84.9312
85.6262
84.8654
84.5541
84.6694
84.6028
85.1481
85.4345
84.6659
84.8318
84.7135
84.8694
85.7255
85.9891
84.7763
85.0451
84.9121
84.6462
84.619
84.7734
84.6821
84.4303
84.2013
84.6285
85.3156
86.1142
84.6314
85.4295
85.71
85.2919
85.3898
84.5735
84.4142
85.1186
85.1847
84.7472
84.9937
85.1124
85.6893
84.976
84.873
84.7182
84.7084
84.448
84.4023
84.5324
84.4499
85.5705
85.3346
85.7906
85.2255
84.4198
85.3999
85.3412
86.1921
85.8987
84.7267
84.9543
85.1473
85.2864
85.0972
84.7126
85.3137
84.3592
84.5346
84.207
84.9648
84.0962
84.3204
84.0161
84.5242
85.0807
85.3952
85.3893
85.4071
85.321
85.8124
85.9598
84.6126
84.7278
85.2675
85.2868
84.6123
84.7935
84.8521
85.3215
85.0214
84.141
84.1111
84.1893
84.0403
84.1799
84.5164
84.7357
85.3621
84.8105
85.1606
84.8757
84.8717
85.3782
84.9843
84.89
85.4314
86.615
85.7961
85.3948
85.1598
84.9144
85.2368
85.9563
85.1053
84.9486
84.8989
84.5017
84.2311
84.5549
84.6788
85.6328
85.2211
84.7014
85.4183
84.7817
84.4145
85.4018
85.1839
85.0918
85.2143
85.2078
84.8709
85.0917
85.2685
85.5976
85.2593
84.6903
85.1898
85.5532
84.8815
85.078
85.0504
85.0662
85.7086
85.1386
84.7949
84.6157
84.5793
84.476
84.2945
84.0161
84.4904
84.4576
84.9364
85.452
85.9508
85.5731
85.8074
85.5458
85.4412
84.4733
84.7749
84.686
84.6215
85.149
84.9383
84.488
84.6516
84.7548
85.1829
85.8051
85.0038
84.6843
84.9135
84.6264
85.3646
85.4928
85.1468
84.8411
85.0719
84.8244
85.0533
85.1443
84.7546
85.6005
85.6141
85.3206
84.9147
84.7151
84.4237
84.5429
84.2012
84.6384
84.6443
84.7961
84.7091
84.2975
84.8715
85.623
85.1345
85.1895
85.292
85.0911
84.1938
84.2616
84.5055
84.3689
85.0729
85.0825
85.6786
86.0364
84.8846
84.3343
84.4733
84.4582
84.5172
85.0694
84.5207
85.1266
84.6148
85.1408
85.5874
85.206
85.0393
85.4415
85.6632
85.66
85.3997
85.5873
85.6854
84.8059
85.0453
86.2051
85.4087
84.9714
84.647
84.5272
85.1571
85.6009
85.6578
85.9513
86.3946
85.6737
85.3382
85.9036
84.9047
86.4588
87.3948
87.2069
87.6541
87.2469
87.3367
87.1096
87.3145
85.2295
85.7928
85.5129
85.5179
86.2613
85.823
84.777
84.374
85.3702
84.8758
85.1132
84.5754
84.6675
86.3681
86.5084
87.3051
86.7227
85.1802
85.367
85.2236
84.8572
84.7828
85.2495
84.8731
86.3522
85.7198
85.3148
84.6549
84.3013
84.7188
84.8077
84.1245
84.2954
85.2878
84.6068
84.6361
84.7101
85.3319
84.8102
84.9743
85.3537
84.7528
84.7841
84.2256
84.0985
84.1935
84.4602
85.1186
85.526
85.6662
85.084
85.363
84.5766
85.478
85.6138
86.1967
86.1012
86.1254
85.3004
84.7602
84.3525
84.6138
85.3839
85.7026
85.48
84.7663
85.6082
85.3189
86.1105
86.4577
86.9497
85.5989
84.7092
84.4665
84.6092
84.6714
84.3315
84.1634
84.5063
85.0442
85.6895
85.6649
86.4985
87.3417
87.1815
86.503
85.0096
84.4243
85.3117
85.1692
84.9097
84.4265
84.2068
85.0028
84.3965
85.533
84.6251
84.8313
84.6589
85.0367
84.3507
84.5355
84.591
85.0757
84.7866
84.5007
84.5946
84.4406
85.0389
84.5769
84.3872
84.3195
84.6488
84.2481
84.5131
85.0465
85.391
85.7256
85.6129
85.9954
85.2768
85.7149
84.8145
85.3041
85.5235
85.6756
85.2939
84.8691
84.4456
84.8588
84.28
84.4518
84.9047
84.7514
85.3535
84.4405
84.8125
84.7354
84.758
84.5674
85.0378
85.0211
84.8888
85.6892
85.7839
85.3044
84.8586
85.3435
85.0571
87.5114
87.2802
85.7469
86.8429
85.4374
84.9124
84.9597
84.7691
85.4653
85.2998
85.7081
84.8829
84.4951
84.9199
85.2255
85.2519
88.2176
85.9524
85.2275
84.5691
84.8278
84.3362
84.2047
84.4241
84.756
84.1201
84.5715
84.6959
84.5273
85.2672
85.2221
84.4387
84.9893
85.048
85.1714
85.847
85.9249
87.4454
87.3089
86.6128
85.5746
85.4108
85.9575
86.5256
85.7606
85.5914
85.1471
85.6489
85.0361
84.3973
84.9212
85.7802
85.083
84.6194
84.3774
85.1795
85.624
85.5413
84.5917
84.4583
84.8579
85.0245
84.9184
84.1556
85.1272
84.9427
85.6352
84.6248
84.3069
84.4754
84.6745
85.3313
85.4212
85.0701
84.6825
85.0574
85.3867
85.8381
84.6812
84.5949
84.5067
84.9209
84.8306
84.1692
84.1803
84.1432
84.2658
84.2069
84.5758
84.2733
84.9299
85.6263
85.4718
84.8485
84.8031
85.422
84.8246
84.6696
84.3151
84.6928
84.3291
84.5253
84.674
85.1945
85.0649
84.5082
85.4402
84.8568
85.2781
85.23
84.5216
84.8985
84.7696
84.8941
84.683
84.6189
84.1814
84.3334
84.5974
84.8261
84.7775
85.1685
84.5674
84.8329
85.2879
84.3314
84.4298
85.2405
84.702
84.6504
84.2895
84.5159
84.245
84.2854
84.7288
84.8379
85.6072
84.9731
85.3553
85.4038
84.6799
84.4791
84.5622
84.4109
84.3906
85.1734
85.666
85.7057
84.9314
84.6137
84.5654
85.3335
85.6135
86.206
85.9756
85.7396
85.7368
85.0523
84.8345
84.4259
84.7995
84.9023
84.7805
84.4739
85.7593
86.7024
85.8889
85.9827
85.1791
84.5396
84.9221
84.9467
85.094
84.9676
84.6701
84.3312
84.3285
84.4541
84.6737
84.3112
84.2012
84.907
85.3341
85.1396
85.944
85.0258
84.8808
84.3904
85.393
86.1019
86.3598
84.4722
85.0819
84.9191
84.7327
84.4482
84.4031
84.6436
84.3691
84.7062
84.8921
84.7026
85.1814
85.4761
85.3129
85.0961
85.936
85.2802
85.6575
85.8025
84.5831
84.4743
84.1348
84.7756
85.1548
85.292
85.2924
84.3149
84.188
84.1824
84.3842
85.1466
85.1686
85.9941
85.4123
85.4138
85.165
84.8589
85.4333
85.0621
85.4943
84.9512
84.4881
85.3663
85.3289
84.4599
84.5065
84.6681
84.7126
84.5837
85.1719
84.5988
85.6065
84.9667
85.0357
84.4057
84.4924
84.3775
84.8649
84.5779
85.1235
85.8094
84.6468
84.247
85.8634
85.4795
86.2385
86.4375
86.2534
86.1616
85.6153
84.8793
84.9336
85.946
85.7231
85.0253
84.1573
84.6054
84.5393
84.7709
85.126
85.8022
85.0712
85.1162
85.3127
85.8792
85.5943
85.3412
85.1911
84.7451
84.3908
84.3391
84.3439
84.5663
84.9071
85.3828
85.1257
85.6561
85.9023
84.3908
84.6046
84.7254
84.8147
85.1923
84.9693
85.0444
85.1038
84.9516
85.0543
85.1417
84.9586
86.1902
85.6673
85.5766
87.4567
87.0031
85.9938
85.8371
85.3519
84.4884
84.3927
85.5838
85.6453
85.6233
86.1627
85.6101
85.3174
84.9051
84.9132
85.325
85.7107
85.4464
85.6365
86.5725
86.4924
85.6104
84.9625
85.5337
85.7597
86.3002
85.5843
84.8001
84.5405
84.3608
85.2031
85.9995
85.6579
84.9532
84.8167
85.3159
85.4456
84.5908
84.3878
84.2289
84.8822
85.9713
85.7924
85.2519
85.0043
84.3308
84.8818
84.8608
84.7682
85.1574
85.6142
85.0784
84.8567
85.026
84.6339
84.048
84.5868
84.5543
84.2411
84.2839
85.1491
84.9362
84.5733
84.5619
85.3855
85.8289
85.5183
85.1629
85.399
85.3194
84.2922
84.0196
84.1317
84.7045
85.3298
84.8451
85.5237
85.5595
85.6977
84.871
84.7944
85.0136
84.6404
84.2163
84.3219
84.2584
84.3661
84.9622
85.1747
85.0862
84.509
84.2613
84.2203
84.3411
84.2504
84.2263
84.4082
84.3889
84.5235
84.6703
84.5885
84.2247
84.9488
84.8211
84.2087
84.9837
85.035
85.7815
84.924
84.9088
84.2084
84.2353
85.2731
85.1821
84.4161
84.5098
85.0962
84.5008
84.4559
84.8723
84.2964
84.2195
84.7924
86.0141
85.2536
86.4532
85.8734
85.1429
84.9132
84.5906
84.5348
85.6328
85.0516
85.7059
85.2695
86.1693
86.7285
85.9751
85.424
85.2865
84.8693
84.9365
85.049
85.2263
85.1081
84.675
84.0901
84.6087
85.0949
85.1562
84.7555
85.0563
85.0769
84.5036
85.9343
85.3362
85.6058
85.774
85.5927
85.2034
84.7738
84.7835
84.5836
84.9341
84.4194
84.4443
84.7616
84.6741
84.7335
84.729
85.3073
84.896
84.228
84.6404
84.8079
84.8697
84.7648
85.3919
85.875
85.0946
85.8896
85.8165
84.6666
84.5058
84.9684
84.705
84.3757
84.7244
84.4448
84.5246
84.5283
84.8956
85.3509
85.0736
85.0643
85.0696
85.4955
85.1494
86.1444
86.1664
86.0419
86.1767
85.7408
86.1612
85.9001
84.9564
85.4951
85.779
84.6879
84.7626
85.8456
85.644
85.8131
84.8259
85.2511
85.8894
85.3709
85.5644
86.1449
85.6558
85.2442
85.0087
85.6009
86.7997
85.1935
84.5932
84.7365
85.4778
84.4363
84.0473
84.4387
84.7559
84.4316
85.1109
84.7916
84.6901
84.2286
84.4769
84.5514
85.2027
85.3592
84.8776
85.3596
86.2288
85.3758
84.7883
84.9479
84.4792
84.4323
84.7977
84.159
84.7366
84.4532
84.8368
84.972
85.4392
85.2204
85.5389
85.376
84.4749
84.6847
84.6522
84.7893
84.904
85.394
84.6686
84.3066
84.0769
84.4995
84.4777
84.907
84.1547
84.0738
84.7922
85.075
84.673
84.6731
84.7662
85.5783
84.8605
85.5928
85.3598
84.7406
84.9
84.3569
84.9545
84.2616
84.153
84.5657
84.6504
85.3366
85.1083
85.1354
86.5328
85.1979
85.1666
85.3085
85.9818
85.5512
84.8499
84.6519
85.0603
85.3085
85.8813
86.0549
86.0904
85.4336
84.7503
84.1297
84.0494
84.2089
84.3561
84.9007
84.2079
85.3902
84.9407
85.1268
84.8401
85.4846
85.4943
85.5192
85.8679
85.8652
85.5724
85.2082
85.0472
85.8373
85.6125
85.0847
84.7774
84.4764
85.2708
84.9203
84.6582
84.6332
84.5031
84.5808
84.5971
84.6282
85.1795
84.3163
84.3686
84.8632
85.0689
86.1927
84.4656
84.9679
85.4145
85.5619
85.7492
85.1027
85.2851
85.765
85.1126
85.9365
86.1835
85.1513
85.1195
85.0548
84.4276
84.1835
84.5797
84.7054
84.342
84.9299
84.7258
84.8124
84.6797
84.868
85.031
84.4776
84.6364
85.7733
85.894
85.233
85.4161
85.4262
85.3758
85.4482
84.8339
85.7364
85.9534
85.7865
85.5308
85.365
84.4115
85.0361
85.1159
84.3927
84.1567
84.5508
84.9475
84.928
86.4976
87.1951
87.0664
86.3529
84.71
84.8102
84.288
84.2936
84.4047
84.8331
84.4168
84.2854
84.0262
84.2384
84.1595
84.3683
84.5423
84.631
85.0216
85.2724
84.8534
84.5845
84.6366
84.9886
85.7132
86.1822
85.5703
84.5972
85.3302
85.1608
85.0432
84.8126
84.957
84.5255
85.0991
84.5104
84.7552
84.6089
84.9732
84.513
84.5107
85.3176
85.9776
85.2572
85.3516
85.4082
84.9854
85.0893
85.7399
84.9851
84.4493
84.8029
84.9605
84.5961
84.9043
85.2028
85.0873
85.0281
85.5272
85.9128
85.6535
85.4853
85.4213
84.9126
84.7521
84.4661
84.7026
84.9083
86.0822
85.4291
86.4752
87.1885
85.8329
85.694
86.0316
84.8493
85.0494
86.2357
84.8318
84.8869
84.4183
84.4244
84.3235
84.2483
84.6023
85.5153
85.6032
84.6767
84.8308
85.248
85.3328
84.6327
85.5469
85.8626
85.6289
86.0023
85.1363
85.393
85.0087
84.43
85.2162
84.5669
84.4608
84.1108
85.0005
85.3148
85.8852
85.0073
85.7628
85.3522
84.8689
84.3778
85.2725
85.572
84.4887
84.8571
84.5068
84.3559
84.3115
84.5144
84.6411
85.1483
85.1813
85.3253
84.2643
84.7735
85.0322
84.3915
84.7458
85.086
84.5787
84.0373
84.1314
84.0161
84.1251
84.1992
84.1989
84.5294
84.6214
85.2913
84.7995
84.7157
85.31
84.8842
84.6311
84.9846
85.2805
84.702
84.4882
84.9815
84.5053
84.7104
86.2619
86.5217
85.6386
85.2662
84.3867
84.5111
84.9063
84.4801
84.5104
84.9352
84.6422
84.941
84.65
84.1566
84.4847
84.296
84.7598
85.1048
84.6533
84.8143
84.5521
85.0323
84.4476
84.3936
84.0783
84.2271
84.323
84.4926
84.4664
84.6658
84.5215
85.4926
85.4474
86.0081
86.7287
85.595
85.896
84.5173
84.7301
85.0505
84.4706
84.8686
84.8191
85.25
85.2716
84.8511
84.4589
85.203
85.0595
85.6262
85.5169
84.3535
84.9168
84.5872
85.7522
85.4844
85.3847
85.1204
84.7883
84.0367
84.8974
85.4478
84.925
84.9152
84.6615
84.9487
84.7523
84.7827
85.1145
84.8035
84.922
84.9028
85.8212
86.5074
85.2684
85.1817
84.3965
84.942
84.9718
85.0447
84.7022
84.6044
85.2251
84.5183
85.1702
85.1821
85.543
86.4892
85.1878
84.9585
85.7086
85.4119
85.4884
85.3002
85.6701
84.9659
84.8146
84.5924
84.3977
85.0303
84.788
85.967
85.7331
85.7983
84.9343
84.9338
84.8933
84.9355
85.4567
85.4614
85.3608
84.98
84.5244
84.6735
85.3636
84.8242
84.393
85.0586
84.6657
84.665
84.4975
85.4135
84.7405
84.4466
84.721
84.7912
84.8574
84.8727
85.2951
84.7236
84.4817
84.6877
84.5813
84.7712
85.5544
85.0637
84.6056
84.8589
84.5515
84.7801
84.8043
84.3146
84.6218
84.458
84.2411
84.3457
84.7136
84.3508
84.6284
84.1959
84.368
84.6615
84.6513
85.7411
85.0588
84.6889
85.2543
85.9044
84.4987
84.6633
84.5994
85.0346
85.1322
84.3491
84.7783
85.185
85.0522
84.743
85.7807
86.3845
86.5533
86.9636
87.7547
86.5128
88.1163
87.3363
86.0859
85.8531
86.4246
85.5262
84.2893
84.4129
84.4488
85.0107
84.3179
84.976
84.5665
84.4348
85.2315
84.9621
84.9997
85.1383
85.3429
85.5214
86.3888
85.5659
85.3417
85.707
85.3125
85.0945
85.4108
85.345
84.6688
84.3613
84.6362
85.589
84.2018
84.0506
84.1495
84.3898
84.7793
85.258
85.121
84.9184
84.5771
84.6872
85.0006
84.7005
84.195
84.8583
85.0491
85.4295
85.2038
84.8001
85.583
85.3662
85.396
85.3589
85.7278
85.589
85.0963
85.1724
85.0369
84.1529
84.6476
84.3283
84.7024
85.362
84.2686
84.6036
84.5223
84.8175
85.8256
85.4472
85.454
85.7155
85.69
85.2294
84.6726
84.4106
84.6214
84.4235
84.7503
84.7861
84.7604
84.3142
84.6684
84.2694
84.3405
84.1488
84.1551
84.429
84.4451
84.8026
85.2222
84.8303
84.401
85.6192
84.6849
84.9108
84.5838
84.793
84.3846
84.4882
84.4654
84.6046
85.8367
86.5895
86.5632
85.0311
84.8877
85.7884
85.4963
85.3565
85.1017
85.8098
85.1244
85.6039
84.4404
84.5147
84.0595
84.7118
84.3837
84.3522
84.4243
84.2725
84.3878
84.1719
84.1817
84.6207
84.6233
84.5006
84.4222
84.2855
84.7691
85.1927
84.5092
84.2715
84.0551
84.3548
85.2019
85.3299
85.0062
84.5478
84.5648
85.0675
84.7326
84.098
84.3681
84.5147
84.3185
84.2323
84.3095
84.6747
84.0777
84.4859
85.0057
85.0527
85.0498
85.1176
85.5379
85.1776
85.4439
85.565
84.7267
85.1123
84.4146
85.0142
84.8284
84.9629
84.3023
84.6978
84.4275
85.2773
85.1178
85.1112
84.7638
85.0661
85.3943
85.6933
86.1549
85.9312
85.0561
85.2413
85.387
85.4731
84.8894
84.4396
84.2708
84.2215
84.6864
85.1606
84.7293
84.5043
85.5327
85.0906
85.1175
