623.952
599.674
578.902
559.824
550.683
543.412
535.37
529.061
522.562
514.352
507.955
501.543
494.418
490.262
484.057
477.317
468.917
462.876
459.215
450.595
443.596
435.562
431.184
425.469
419.71
417.945
415.269
412.076
409.091
406.517
402.605
398.728
393.768
391.274
388.252
385.089
381.281
376.584
374.891
371.446
366.301
362.229
356.77
351.21
347.818
345.223
343.71
338.995
337.721
331.934
327.431
321.915
318.663
315.77
312.157
307.672
302.695
299.383
298.009
296.163
291.253
289.553
286.488
284.746
283.168
281.593
280.542
278.988
277.041
276.266
275.582
273.355
271.438
270.562
268.031
265.765
262.305
260.348
260.445
260.749
259.241
258.103
257.103
256.863
258.051
257.277
255.849
252.797
249.536
248.774
243.888
243.202
243.398
241.723
242.431
240.806
240.363
241.371
239.374
237.453
236.764
237.64
234.696
232.873
233.179
231.94
230.693
229.133
227.824
226.883
226.568
226.142
224.622
224.082
222.341
222.72
221.185
220.525
219.166
218.287
217.212
216.361
215.151
213.032
211.135
211.293
211.671
212.036
209.013
207.728
206.1
205.475
205.611
205.475
205.344
205.64
205.052
203.641
202.601
201.637
202.691
203.92
202.663
202.782
203.206
201.227
202.642
200.262
199.924
197.518
198.1
196.714
196.742
196.203
196.44
197.8
195.747
194.562
194.427
193.835
193.293
192.427
190.593
189.661
189.971
188.73
186.826
186.389
185.884
185.709
185.829
186.212
185.453
184.252
184.352
184.581
184.43
184.259
183.009
181.911
180.579
178.501
178.633
178.156
178.388
178.863
177.622
178.277
178.217
176.363
176.827
177.878
177.253
176.115
176.337
175.788
176.067
175.319
175.32
174.407
174.181
172.68
173.183
172.98
172.078
172.031
170.823
169.254
168.777
168.87
168.938
169.046
168.673
168.93
169.499
169.099
170.559
169.939
168.935
168.534
168.248
167.563
168.079
169.214
168.092
168.587
168.707
168.542
169.524
168.159
168.877
167.714
167.307
167.252
167.17
166.406
166.091
165.632
166.218
167.558
166.828
167.66
165.079
164.056
163.603
164.133
163.514
163.51
164.508
165.113
165.298
164.417
166.222
166.031
165.88
164.106
162.736
164.402
163.82
163.894
163.019
162.259
162.831
161.249
161.372
161.265
162.073
160.672
159.779
160.729
159.49
160.265
162.252
163.37
161.556
160.408
160.018
158.538
156.791
157.216
155.643
154.911
156.097
155.007
153.53
154.205
154.345
154.195
154.341
153.524
153.547
153.907
152.103
153.725
153.298
153.314
153.971
155.144
154.536
153.954
153.261
152.11
151.812
151.215
151.593
151.273
151.004
152.298
151.315
150.829
150.973
150.66
151.049
151.499
150.532
151.04
151.285
150.054
150.146
149.644
149.674
149.35
149.951
150.076
149.906
148.954
148.507
148.351
148.462
148.315
148.665
148.11
148.346
147.808
148.016
148.164
148.794
147.631
147.962
148.189
148.105
147.97
148.031
147.91
147.788
148.139
147.344
147.333
147.409
147.346
147.497
147.724
147.541
148.823
148.708
148.535
148.545
146.575
146.681
146.275
147.786
147.64
146.437
145.65
146.514
145.555
145.24
145.529
145.811
145.719
145.599
146.409
146.102
145.63
145.105
145.483
145.905
145.925
145.259
144.731
144.898
144.299
144.099
144.444
143.228
142.824
143.426
143.245
142.937
143.767
142.458
143.029
142.606
142.882
142.636
142.117
142.423
142.394
143.128
142.581
142.912
143.377
143.778
143.286
142.456
137.475
134.208
132.892
132.618
132.274
132.496
133.084
135.421
132.725
132.528
133.622
132.65
131.873
131.509
131.058
131.117
131.219
131.542
131.799
131.825
131.625
131.321
131.169
131.373
131.01
131.041
131.606
130.957
131.555
131.459
132.046
133.939
132.698
131.889
132.334
131.487
131.073
132.062
130.896
131.396
131.569
130.6
131.491
131.249
130.714
130.432
129.987
129.857
129.969
131.584
131.218
131.36
130.238
131.094
130.496
130.33
131.204
131.957
131.431
131.903
131.672
130.722
131.425
130.873
131.51
131.775
130.761
130.189
129.853
130.373
131.503
131.916
132.075
131.135
130.785
131.164
130.905
130.972
132.333
133.903
131.436
131.105
131.351
131.466
131.306
130.056
131.453
130.685
131.017
130.713
131.034
130.041
130.105
129.913
129.562
129.597
129.939
130.594
130.859
131.17
129.851
130.628
131.386
130.694
131.341
130.431
128.989
128.828
128.325
128.534
128.105
127.351
127.476
128.234
128.461
128.266
127.679
128.053
127.431
127.44
127.463
127.278
127.784
127.335
126.638
126.627
126.398
126.538
126.48
126.852
126.282
125.854
125.345
125.78
125.59
125.196
125.799
125.424
125.03
125.096
125.406
125.739
124.578
125.605
124.233
124.416
125.069
124.528
125.04
125.172
124.754
123.878
123.764
124.167
124.795
125.228
124.81
125.829
126.161
126.256
126.456
126.489
126.022
126.562
125.605
125.862
127.412
125.946
124.932
124.408
124.898
124.01
123.773
123.701
123.862
123.706
123.93
123.763
123.971
124.594
124.07
124.97
125.066
124.92
124.708
124.598
126.023
125.013
126.205
122.942
122.735
123.297
123.131
122.923
123.046
122.434
122.968
123.527
120.421
119.612
119.628
120.158
120.145
119.895
119.442
119.44
120.04
119.919
119.738
119.617
119.871
120.372
119.452
119.741
118.722
119.035
118.639
118.868
118.741
118.787
120.74
119.511
118.866
118.135
119.26
120.695
119.668
119.007
118.925
119.932
117.999
118.297
119.296
118.562
117.502
117.641
119.164
119.203
118.147
118.945
120.004
120.182
121.109
118.458
118.507
117.918
117.27
117.767
117.478
117.488
117.888
117.848
117.961
118.146
119.251
119.528
118.801
117.728
118.123
117.731
117.768
117.741
118.012
118.856
118.007
118.343
118.1
118.981
118.405
118.742
118.652
117.462
116.901
117.454
117.037
117.553
118.547
118.225
118.79
118.895
118.611
118.09
117.395
118.884
117.88
118.637
118.434
119.761
120.295
118.019
118.039
117.339
117.486
116.882
117.17
118.31
118.204
117.987
119.584
118.281
118.075
117.766
117.683
117.033
116.595
116.859
117.057
118.161
116.916
117.551
117.264
117.501
117.731
117.485
117.627
117.012
117.614
118.252
117.958
118.784
120.699
119.619
120.212
118.88
119.421
118.323
119.135
118.968
118.215
118.437
118.141
117.387
117.994
116.941
116.793
116.556
116.977
118.682
117.247
116.762
116.446
116.184
115.97
117.236
116.361
116.339
115.707
115.728
115.628
116.475
116.57
116.785
115.92
115.84
115.814
116.424
115.155
115.394
115.93
115.953
116.955
116.111
116.208
116.386
116.662
117.727
116.752
115.965
116.125
116.529
116.062
116.026
116.084
116.055
115.453
116.084
115.501
116.295
116.956
116.04
115.782
116.398
115.196
115.101
115.254
115.528
115.601
116.59
116.338
116.802
115.745
116.005
115.515
116.09
117.114
116.582
114.988
113.394
114.468
111.516
109.059
106.607
105.35
104.571
104.598
104.386
104.835
105.391
106.719
108.51
111.838
111.465
111.58
113.078
110.687
107.258
107.808
105.808
106.052
105.413
104.787
104.391
104.159
103.74
103.896
103.481
104.583
103.988
104.904
104.179
103.438
104.042
104.383
104.206
104.682
104.913
104.195
104.32
104.526
104.264
103.758
103.799
104.069
105.165
103.786
103.831
104.806
103.322
103.357
103.615
103.255
103.766
104.663
103.697
103.918
103.52
104.275
105.203
104.542
103.399
103.799
104.311
103.261
102.994
104.426
102.883
104.319
103.21
102.906
102.624
102.69
102.756
102.804
102.861
104.322
103.43
103.366
104.28
103.933
104.168
103.953
103.408
103.627
103.89
102.725
102.483
103.122
103.334
104.012
103.258
103.867
103.324
102.227
102.189
102.457
102.817
103.139
103.049
102.924
103.7
103.812
102.776
103.205
104.164
104.056
103.9
103.576
103.711
103.448
102.278
102.455
102.746
103.119
102.939
103.09
103.558
103.577
104.985
103.912
104.333
103.489
102.73
103.043
102.978
102.949
103.953
104.421
103.504
103.366
103.381
103.947
103.145
103.571
104.268
104.568
105.395
105.328
104.641
104.435
104.489
103.468
104.254
102.873
102.828
102.512
102.644
103.049
102.787
102.537
102.816
103.194
103.042
102.496
102.624
103.711
104.004
103.51
104.637
105.285
103.985
104.061
103.072
102.76
102.469
102.665
102.904
102.46
103.398
103.406
103.124
103.172
103.145
103.684
102.66
102.765
103.133
103.317
103.468
103.832
104.406
102.746
102.516
103.269
103.78
104.41
103.305
103.504
104.924
103.692
103.446
102.628
102.53
102.373
102.26
103.289
