0		3.14056		3.14056		0
1		3.14703		3.14379		0.00323682
2		3.13617		3.14125		0.00315334
3		3.15219		3.14399		0.0035278
4		3.14951		3.14509		0.00294727
5		3.14248		3.14466		0.00244545
6		3.14001		3.14399		0.00217057
7		3.14629		3.14428		0.00190152
8		3.13844		3.14363		0.00179825
9		3.13421		3.14269		0.00186411
10		3.13195		3.14171		0.00194837
11		3.14579		3.14205		0.00181082
12		3.14164		3.14202		0.00166601
13		3.15303		3.14281		0.00173143
14		3.13259		3.14213		0.00174995
15		3.13303		3.14156		0.00173285
16		3.14095		3.14152		0.00162812
17		3.12886		3.14082		0.00168844
18		3.13028		3.14026		0.00169062
19		3.14728		3.14061		0.00164175
20		3.13215		3.14021		0.00161285
21		3.13681		3.14006		0.00154553
22		3.12339		3.13933		0.001645
23		3.14485		3.13956		0.00159168
24		3.13426		3.13935		0.00154136
25		3.15323		3.13988		0.00157421
26		3.151		3.14029		0.0015697
27		3.13278		3.14003		0.00153621
28		3.15373		3.1405		0.00155577
29		3.15179		3.14088		0.00154943
30		3.14658		3.14106		0.00150988
31		3.14515		3.14119		0.00146751
32		3.15423		3.14158		0.0014762
33		3.14683		3.14174		0.00144042
34		3.13922		3.14166		0.0014005
35		3.13735		3.14155		0.00136631
36		3.13696		3.14142		0.00133463
37		3.12549		3.141		0.00136503
38		3.13642		3.14088		0.00133475
39		3.14283		3.14093		0.00130186
40		3.13883		3.14088		0.00127074
41		3.15398		3.14119		0.00127871
42		3.12681		3.14086		0.00129266
43		3.14416		3.14093		0.00126517
44		3.14857		3.1411		0.00124831
45		3.15522		3.14141		0.00125885
46		3.14644		3.14152		0.00123641
47		3.12373		3.14115		0.00126583
48		3.14609		3.14125		0.00124382
49		3.12315		3.14089		0.00127133
50		3.17365		3.14153		0.00140197
51		3.15686		3.14182		0.00140603
52		3.15229		3.14202		0.0013933
53		3.16852		3.14251		0.00145264
54		3.13509		3.14238		0.00143235
55		3.15144		3.14254		0.00141583
56		3.14931		3.14266		0.00139583
57		3.16311		3.14301		0.00141615
58		3.14688		3.14307		0.00139348
59		3.14204		3.14306		0.00137017
60		3.14159		3.14303		0.00134773
61		3.15507		3.14323		0.00133996
62		3.13942		3.14317		0.0013199
63		3.12872		3.14294		0.0013186
64		3.13283		3.14279		0.00130743
65		3.14006		3.14274		0.00128813
66		3.15244		3.14289		0.00127698
67		3.12363		3.14261		0.00128954
68		3.13588		3.14251		0.00127445
69		3.13372		3.14238		0.00126238
70		3.12994		3.14221		0.00125675
71		3.13224		3.14207		0.00124688
72		3.13411		3.14196		0.0012345
73		3.14411		3.14199		0.00121805
74		3.14051		3.14197		0.00120186
75		3.14787		3.14205		0.00118848
76		3.145		3.14209		0.00117358
77		3.16952		3.14244		0.00121066
78		3.15318		3.14257		0.00120295
79		3.12999		3.14242		0.00119819
80		3.13607		3.14234		0.00118589
81		3.12916		3.14218		0.00118232
82		3.15592		3.14234		0.00117966
83		3.13048		3.1422		0.00117406
84		3.16056		3.14242		0.00118009
85		3.13288		3.14231		0.00117155
86		3.15726		3.14248		0.00117069
87		3.14381		3.14249		0.00115741
88		3.14961		3.14257		0.00114712
89		3.1407		3.14255		0.00113449
90		3.14026		3.14253		0.00112224
91		3.13947		3.14249		0.00111047
92		3.13799		3.14245		0.00109953
93		3.12603		3.14227		0.00110171
94		3.13721		3.14222		0.00109135
95		3.14485		3.14225		0.00108028
96		3.13249		3.14214		0.0010738
97		3.15075		3.14223		0.00106641
98		3.13553		3.14216		0.00105775
99		3.16251		3.14237		0.00106669
100		3.14713		3.14242		0.00105713
101		3.14046		3.1424		0.00104689
102		3.15447		3.14251		0.00104328
103		3.13799		3.14247		0.00103412
104		3.13898		3.14244		0.00102476
105		3.14832		3.14249		0.00101656
106		3.15398		3.1426		0.00101272
107		3.15254		3.14269		0.00100751
108		3.13996		3.14267		0.000998538
109		3.13219		3.14257		0.000993988
110		3.14144		3.14256		0.000985045
111		3.14842		3.14261		0.000977609
112		3.12847		3.14249		0.000976969
113		3.145		3.14251		0.000968612
114		3.14559		3.14254		0.000960527
115		3.13676		3.14249		0.00095351
116		3.14817		3.14254		0.000946572
117		3.13038		3.14243		0.000944152
118		3.14901		3.14249		0.000937815
119		3.1344		3.14242		0.000932405
120		3.15209		3.1425		0.000928112
121		3.15194		3.14258		0.000923719
122		3.14209		3.14257		0.000916187
123		3.13063		3.14248		0.000913863
124		3.14189		3.14247		0.000906535
125		3.13868		3.14244		0.000899814
126		3.14549		3.14247		0.000893024
127		3.12315		3.14232		0.000898786
128		3.15796		3.14244		0.000900001
129		3.15045		3.1425		0.000895175
130		3.14105		3.14249		0.000888385
131		3.15298		3.14257		0.000885206
132		3.15234		3.14264		0.000881591
133		3.15154		3.14271		0.000877505
134		3.13161		3.14262		0.000874854
135		3.14936		3.14267		0.000869808
136		3.14871		3.14272		0.00086456
137		3.13603		3.14267		0.000859642
138		3.12808		3.14257		0.000859866
139		3.13347		3.1425		0.00085617
140		3.14505		3.14252		0.000850269
141		3.13347		3.14245		0.000846661
142		3.14302		3.14246		0.000840729
143		3.14614		3.14248		0.000835261
144		3.13888		3.14246		0.000829853
145		3.16311		3.1426		0.000836194
146		3.14812		3.14264		0.000831334
147		3.12417		3.14251		0.000835073
148		3.14297		3.14252		0.000829456
149		3.17023		3.1427		0.000844362
150		3.13406		3.14264		0.000840702
151		3.14194		3.14264		0.000835165
152		3.11779		3.14248		0.000845435
153		3.14876		3.14252		0.000840919
154		3.15308		3.14259		0.000838252
155		3.13254		3.14252		0.000835348
156		3.14475		3.14254		0.000830132
157		3.15816		3.14263		0.000830768
158		3.15164		3.14269		0.000827468
159		3.13406		3.14264		0.000824048
160		3.14782		3.14267		0.000819546
161		3.14248		3.14267		0.000814473
162		3.12656		3.14257		0.000815468
163		3.15776		3.14266		0.000815757
164		3.13893		3.14264		0.000811114
165		3.14149		3.14263		0.000806242
166		3.14738		3.14266		0.000801903
167		3.14629		3.14268		0.000797408
168		3.14159		3.14268		0.000792702
169		3.1346		3.14263		0.000789456
170		3.13853		3.1426		0.00078519
171		3.12427		3.1425		0.000787858
172		3.14683		3.14252		0.000783691
173		3.13932		3.1425		0.000779391
174		3.12617		3.14241		0.000780525
175		3.13308		3.14236		0.000777887
176		3.1377		3.14233		0.000773928
177		3.13278		3.14228		0.000771435
178		3.14995		3.14232		0.000768311
179		3.13775		3.1423		0.000764453
180		3.13804		3.14227		0.000760581
181		3.1446		3.14229		0.000756499
182		3.13391		3.14224		0.000753744
183		3.14139		3.14223		0.00074965
184		3.12783		3.14216		0.000749639
185		3.11964		3.14204		0.000755363
186		3.13391		3.14199		0.000752568
187		3.14046		3.14198		0.000748599
188		3.14842		3.14202		0.000745405
189		3.13637		3.14199		0.000742067
190		3.14535		3.14201		0.000738381
191		3.13426		3.14197		0.000735633
192		3.15627		3.14204		0.000735554
193		3.13991		3.14203		0.000731834
194		3.14253		3.14203		0.000728076
195		3.15353		3.14209		0.000726724
196		3.14243		3.14209		0.000723027
197		3.14352		3.1421		0.000719403
198		3.13435		3.14206		0.000716836
199		3.13721		3.14204		0.000713655
200		3.1317		3.14198		0.000711954
201		3.12417		3.1419		0.000713889
202		3.13426		3.14186		0.00071136
203		3.14426		3.14187		0.000707962
204		3.16731		3.14199		0.000715349
205		3.14589		3.14201		0.000712119
206		3.15035		3.14205		0.000709814
207		3.1507		3.1421		0.000707615
208		3.13313		3.14205		0.000705527
209		3.13121		3.142		0.000704054
210		3.13952		3.14199		0.000700808
211		3.15303		3.14204		0.000699437
212		3.15139		3.14208		0.000697528
213		3.12563		3.14201		0.000698504
214		3.15856		3.14209		0.000699497
215		3.1378		3.14207		0.000696534
216		3.13598		3.14204		0.000693884
217		3.15936		3.14212		0.000695249
218		3.15438		3.14217		0.000694327
219		3.13239		3.14213		0.000692592
220		3.13903		3.14211		0.000689594
221		3.14371		3.14212		0.000686519
222		3.14852		3.14215		0.000684034
223		3.13952		3.14214		0.000681075
224		3.1506		3.14218		0.000679083
225		3.12994		3.14212		0.000678236
226		3.16761		3.14223		0.000684517
227		3.15209		3.14228		0.000682877
228		3.14223		3.14228		0.000679888
229		3.14159		3.14227		0.000676933
230		3.13721		3.14225		0.000674353
231		3.14782		3.14228		0.000671869
232		3.16401		3.14237		0.000675449
233		3.13298		3.14233		0.000673752
234		3.11066		3.14219		0.000684279
235		3.14431		3.1422		0.000681432
236		3.13494		3.14217		0.000679242
237		3.13809		3.14216		0.000676599
238		3.12832		3.1421		0.000676243
239		3.13868		3.14208		0.00067357
240		3.14653		3.1421		0.000671023
241		3.16011		3.14218		0.000672374
242		3.14629		3.14219		0.000669815
243		3.14921		3.14222		0.000667683
244		3.14337		3.14223		0.000664969
245		3.16701		3.14233		0.000669881
246		3.13977		3.14232		0.000667244
247		3.14985		3.14235		0.000665242
248		3.15075		3.14238		0.000663423
249		3.15313		3.14242		0.000662162
250		3.14673		3.14244		0.000659742
251		3.13701		3.14242		0.000657472
252		3.13991		3.14241		0.000654943
253		3.14342		3.14241		0.000652372
254		3.13406		3.14238		0.000650634
255		3.12397		3.14231		0.000652064
256		3.14629		3.14232		0.000649706
257		3.13053		3.14228		0.000648796
258		3.13215		3.14224		0.000647469
259		3.15512		3.14229		0.000646874
260		3.15358		3.14233		0.000645841
261		3.14857		3.14236		0.000643811
262		3.13563		3.14233		0.000641868
263		3.15736		3.14239		0.000641962
264		3.12441		3.14232		0.000643122
265		3.13401		3.14229		0.000641461
266		3.16797		3.14239		0.000646249
267		3.13642		3.14236		0.000644218
268		3.12661		3.1423		0.000644484
269		3.14046		3.1423		0.000642129
270		3.12725		3.14224		0.000642161
271		3.15298		3.14228		0.000641013
272		3.13489		3.14225		0.000639234
273		3.12671		3.1422		0.000639418
274		3.15259		3.14224		0.000638207
275		3.15343		3.14228		0.000637183
276		3.14371		3.14228		0.0006349
277		3.13273		3.14225		0.000633543
278		3.15731		3.1423		0.000633574
279		3.12705		3.14225		0.000633652
280		3.1412		3.14224		0.000631404
281		3.13676		3.14222		0.000629461
282		3.14125		3.14222		0.000627242
283		3.13504		3.14219		0.000625541
284		3.12681		3.14214		0.000625675
285		3.13716		3.14212		0.000623727
286		3.13553		3.1421		0.000621974
287		3.13156		3.14206		0.000620891
288		3.14416		3.14207		0.000618781
289		3.1318		3.14204		0.00061766
290		3.12295		3.14197		0.000619018
291		3.15035		3.142		0.000617561
292		3.12813		3.14195		0.000617268
293		3.13063		3.14191		0.00061637
294		3.12154		3.14184		0.000618148
295		3.14362		3.14185		0.000616085
296		3.13539		3.14183		0.000614393
297		3.14386		3.14183		0.000612365
298		3.14743		3.14185		0.0006106
299		3.14253		3.14186		0.000608566
300		3.13416		3.14183		0.00060708
301		3.16631		3.14191		0.000610472
302		3.13322		3.14188		0.000609129
303		3.13785		3.14187		0.000607267
304		3.14639		3.14188		0.000605454
305		3.13863		3.14187		0.000603565
306		3.14406		3.14188		0.000601638
307		3.13229		3.14185		0.000600489
308		3.14594		3.14186		0.000598689
309		3.13898		3.14185		0.000596827
310		3.16136		3.14192		0.000598201
311		3.14465		3.14192		0.000596345
312		3.14698		3.14194		0.000594656
313		3.13475		3.14192		0.000593202
314		3.13666		3.1419		0.000591551
315		3.13391		3.14188		0.000590218
316		3.12989		3.14184		0.000589566
317		3.12661		3.14179		0.000589657
318		3.13829		3.14178		0.000587908
319		3.12911		3.14174		0.000587404
320		3.13903		3.14173		0.000585632
321		3.13637		3.14171		0.000584048
322		3.12003		3.14165		0.000586096
323		3.12989		3.14161		0.00058541
324		3.12945		3.14157		0.000584804
325		3.14031		3.14157		0.00058302
326		3.13829		3.14156		0.000581321
327		3.13381		3.14154		0.000580027
328		3.13386		3.14151		0.000578732
329		3.16366		3.14158		0.000580864
330		3.15288		3.14161		0.000580112
331		3.14243		3.14162		0.000578368
332		3.14857		3.14164		0.000577006
333		3.15214		3.14167		0.000576134
334		3.15532		3.14171		0.000575855
335		3.13259		3.14168		0.00057478
336		3.14624		3.1417		0.000573232
337		3.1451		3.14171		0.000571622
338		3.15095		3.14173		0.000570585
339		3.13671		3.14172		0.000569095
340		3.15035		3.14174		0.000567988
341		3.14817		3.14176		0.000566637
342		3.1374		3.14175		0.000565125
343		3.15442		3.14179		0.000564684
344		3.15433		3.14182		0.000564216
345		3.1292		3.14179		0.000563764
346		3.15159		3.14181		0.000562847
347		3.12779		3.14177		0.000562673
348		3.16091		3.14183		0.00056373
349		3.15169		3.14186		0.000562823
350		3.14733		3.14187		0.000561433
351		3.14609		3.14189		0.000559964
352		3.16616		3.14195		0.000562594
353		3.12295		3.1419		0.000563565
354		3.15452		3.14194		0.000563099
355		3.13357		3.14191		0.000562007
356		3.15343		3.14194		0.000561359
357		3.12999		3.14191		0.000560784
358		3.13553		3.14189		0.000559501
359		3.1447		3.1419		0.000558
360		3.15701		3.14194		0.000558024
361		3.15472		3.14198		0.0005576
362		3.15996		3.14203		0.000558263
363		3.14075		3.14202		0.000556738
364		3.15996		3.14207		0.00055738
365		3.1191		3.14201		0.000559387
366		3.13539		3.14199		0.000558153
367		3.1378		3.14198		0.000556751
368		3.14604		3.14199		0.000555349
369		3.15025		3.14201		0.000554295
370		3.15363		3.14205		0.000553685
371		3.13794		3.14203		0.000552305
372		3.1507		3.14206		0.000551312
373		3.13612		3.14204		0.000550064
374		3.14886		3.14206		0.000548897
375		3.13396		3.14204		0.000547859
376		3.15273		3.14207		0.00054714
377		3.15085		3.14209		0.000546184
378		3.12891		3.14206		0.00054585
379		3.13858		3.14205		0.000544488
380		3.16436		3.14211		0.000546205
381		3.14396		3.14211		0.000544795
382		3.13745		3.1421		0.000543507
383		3.145		3.14211		0.000542143
384		3.14105		3.1421		0.00054074
385		3.15761		3.14214		0.000540831
386		3.14258		3.14214		0.000539433
387		3.1212		3.14209		0.000540743
388		3.14663		3.1421		0.000539478
389		3.13033		3.14207		0.000538938
390		3.14599		3.14208		0.000537652
391		3.15657		3.14212		0.00053755
392		3.13391		3.1421		0.000536587
393		3.132		3.14207		0.000535837
394		3.14451		3.14208		0.000534514
395		3.14852		3.14209		0.00053341
396		3.14179		3.14209		0.000532065
397		3.15159		3.14212		0.000531263
398		3.13868		3.14211		0.00053
399		3.14549		3.14212		0.000528741
400		3.14658		3.14213		0.000527538
401		3.13072		3.1421		0.000526989
402		3.13834		3.14209		0.000525762
403		3.14189		3.14209		0.000524459
404		3.1499		3.14211		0.000523518
405		3.14837		3.14212		0.000522455
406		3.12867		3.14209		0.000522218
407		3.15204		3.14212		0.000521506
408		3.14812		3.14213		0.000520437
409		3.12969		3.1421		0.000520051
410		3.14812		3.14212		0.000518991
411		3.13126		3.14209		0.000518399
412		3.13519		3.14207		0.000517412
413		3.13009		3.14204		0.000516972
414		3.13082		3.14202		0.000516433
415		3.12823		3.14198		0.000516256
416		3.12647		3.14195		0.000516359
417		3.14876		3.14196		0.00051538
418		3.14936		3.14198		0.000514452
419		3.12881		3.14195		0.000514182
420		3.15134		3.14197		0.000513444
421		3.1374		3.14196		0.000512341
422		3.15144		3.14198		0.000511619
423		3.15015		3.142		0.000510775
424		3.12769		3.14197		0.000510683
425		3.15005		3.14199		0.000509836
426		3.13662		3.14197		0.000508797
427		3.13435		3.14196		0.000507919
428		3.13332		3.14194		0.000507133
429		3.14297		3.14194		0.000505958
430		3.13977		3.14193		0.000504808
431		3.15065		3.14195		0.000504042
432		3.15627		3.14199		0.000503961
433		3.13622		3.14197		0.000502974
434		3.13691		3.14196		0.000501952
435		3.12593		3.14193		0.000502147
436		3.15298		3.14195		0.000501636
437		3.16251		3.142		0.000502684
438		3.13977		3.14199		0.000501564
439		3.14614		3.142		0.000500511
440		3.15796		3.14204		0.000500685
441		3.15398		3.14207		0.00050028
442		3.15005		3.14208		0.000499475
443		3.12617		3.14205		0.000499636
444		3.13607		3.14203		0.000498692
445		3.13004		3.14201		0.000498299
446		3.13376		3.14199		0.000497525
447		3.13023		3.14196		0.000497106
448		3.13603		3.14195		0.000496174
449		3.13485		3.14193		0.000495322
450		3.14505		3.14194		0.000494271
451		3.14164		3.14194		0.000493177
452		3.13411		3.14192		0.00049239
453		3.14549		3.14193		0.000491368
454		3.13662		3.14192		0.000490426
455		3.13445		3.1419		0.000489623
456		3.12916		3.14187		0.000489346
457		3.13352		3.14186		0.000488617
458		3.13824		3.14185		0.000487615
459		3.15229		3.14187		0.000487082
460		3.12066		3.14182		0.000488197
461		3.14822		3.14184		0.000487336
462		3.16161		3.14188		0.000488153
463		3.13372		3.14186		0.000487418
464		3.13819		3.14186		0.000486432
465		3.16992		3.14192		0.00048911
466		3.14189		3.14192		0.000488062
467		3.13716		3.14191		0.000487124
468		3.14985		3.14192		0.00048638
469		3.13681		3.14191		0.000485465
470		3.13908		3.14191		0.000484471
471		3.14743		3.14192		0.000483585
472		3.14056		3.14191		0.00048257
473		3.12476		3.14188		0.00048291
474		3.14174		3.14188		0.000481892
475		3.11881		3.14183		0.000483314
476		3.15477		3.14186		0.000483063
477		3.13288		3.14184		0.000482416
478		3.1449		3.14184		0.000481451
479		3.14713		3.14186		0.000480573
480		3.14105		3.14185		0.000479576
481		3.13121		3.14183		0.000479088
482		3.15447		3.14186		0.000478812
483		3.13903		3.14185		0.000477857
484		3.15313		3.14188		0.000477438
485		3.15363		3.1419		0.000477068
486		3.14184		3.1419		0.000476087
487		3.14075		3.1419		0.000475116
488		3.14016		3.14189		0.000474157
489		3.15239		3.14191		0.000473673
490		3.15991		3.14195		0.000474125
491		3.16341		3.142		0.000475165
492		3.15597		3.14202		0.000475047
493		3.14787		3.14204		0.000474232
494		3.14194		3.14204		0.000473273
495		3.12876		3.14201		0.000473075
496		3.13313		3.14199		0.00047246
497		3.13962		3.14199		0.000471535
498		3.13185		3.14197		0.000471027
499		3.15164		3.14198		0.000470482
