#     BLOCK:   ACTUAL_KE:    KE_AVE:      ERROR:
           1     3.11637     3.11637           0
           2     3.03601     3.07619   0.0284125
           3     3.24257     3.13165   0.0490861
           4     3.21885     3.15345   0.0413731
           5     3.06279     3.13532   0.0368581
           6     3.07316     3.12496   0.0321379
           7     2.98005     3.10426   0.0335579
           8     2.84491     3.07184   0.0422116
           9     2.72908     3.03375    0.051934
          10     2.67898     2.99828   0.0575976
          11     2.56141     2.95856   0.0646191
          12     2.53849     2.92356   0.0680586
          13     2.47448     2.88901   0.0710514
          14     2.44002     2.85694   0.0728557
          15     2.38675     2.82559   0.0744372
          16     2.34746     2.79571   0.0755455
          17     2.30484     2.76684    0.076421
          18     2.28882     2.74028   0.0766507
          19     2.24663      2.7143   0.0768939
          20     2.22169     2.68967   0.0768928
          21     2.19895      2.6663   0.0766998
          22      2.1887     2.64459   0.0762239
          23     2.21024     2.62571   0.0752129
          24     2.22463     2.60899   0.0739123
          25     2.25937     2.59501   0.0722667
          26     2.24825     2.58167   0.0707072
          27     2.24423     2.56917   0.0691842
          28     2.28671     2.55909   0.0674448
          29     2.24599     2.54829   0.0659776
          30     2.23933     2.53799   0.0645771
          31      2.2896     2.52998   0.0629891
          32     2.25657     2.52144   0.0615974
          33     2.23664     2.51281   0.0603323
          34     2.20468     2.50374   0.0592346
          35      2.1832     2.49458   0.0582459
          36     2.15855     2.48525    0.057371
          37     2.15874     2.47643    0.056495
          38     2.18947     2.46887   0.0555107
          39     2.19828     2.46194   0.0545192
          40     2.20873     2.45561   0.0535225
          41     2.17172     2.44868    0.052663
          42     2.21047     2.44301   0.0517137
          43     2.15865      2.4364   0.0509321
          44     2.15214     2.42994   0.0501826
          45     2.13754     2.42344   0.0494863
          46     2.13202      2.4171   0.0488144
          47     2.10528     2.41047   0.0482245
          48     2.10261     2.40406   0.0476444
          49     2.12693      2.3984   0.0470066
          50     2.10422     2.39252   0.0464332
          51     2.12566     2.38728   0.0458166
          52      2.0927     2.38162   0.0452844
          53     2.08028     2.37593   0.0447855
          54     2.09491     2.37073   0.0442574
          55     2.04164     2.36474   0.0438554
          56     2.06396     2.35937   0.0433999
          57     2.04754      2.3539   0.0429819
          58     2.05339     2.34872    0.042552
          59     2.07309     2.34405   0.0420865
          60     2.04866     2.33913    0.041672
          61     2.10046     2.33521   0.0411721
          62     2.08162     2.33112   0.0407107
          63     2.08998      2.3273    0.040244
          64     2.04404     2.32287   0.0398578
          65     2.05149      2.3187   0.0394627
          66     2.04742     2.31459   0.0390782
          67     2.07466       2.311   0.0386587
          68     2.07119     2.30748   0.0382507
          69     2.08719     2.30428   0.0378294
          70     2.05806     2.30077   0.0374521
          71     2.06155      2.2974   0.0370759
          72      2.0935     2.29457   0.0366689
          73     2.03997     2.29108   0.0363321
          74     2.05124     2.28784   0.0359854
          75     2.04702     2.28463   0.0356485
          76     2.03765     2.28138   0.0353273
          77     2.00968     2.27785   0.0350443
          78     2.02111     2.27456   0.0347492
          79     1.99261     2.27099   0.0344922
          80     2.00177     2.26762   0.0342248
          81     1.99289     2.26423   0.0339699
          82     1.97928     2.26076   0.0337329
          83     1.96846     2.25723   0.0335098
          84     1.98314     2.25397   0.0332694
          85     2.00525     2.25105   0.0330064
          86     2.00513     2.24819   0.0327462
          87      2.0248     2.24562   0.0324703
          88     2.02492     2.24311   0.0321981
          89     2.03253     2.24074   0.0319231
          90     2.00383     2.23811   0.0316767
          91      2.0242     2.23576   0.0314157
          92     2.01665     2.23338   0.0311644
          93     2.02436     2.23113   0.0309103
          94     1.97726     2.22843   0.0306992
          95     2.02856     2.22633    0.030448
          96     2.01497     2.22413   0.0302104
          97     1.99371     2.22175   0.0299922
          98     1.97762     2.21926   0.0297894
          99     1.95186     2.21656   0.0296107
         100     1.94652     2.21386   0.0294375
         101     1.93578      2.2111   0.0292745
         102     1.92117     2.20826   0.0291251
         103     1.93795     2.20564   0.0289604
         104     1.93059     2.20299   0.0288024
         105     1.94391     2.20053   0.0286336
         106     1.95739     2.19823   0.0284552
         107     1.97111     2.19611   0.0282683
         108     1.95035     2.19383    0.028098
         109      1.9953     2.19201   0.0278992
         110     1.99661     2.19024   0.0277021
         111     2.01386     2.18865    0.027498
         112     1.99573     2.18692   0.0273064
         113     2.00947     2.18535   0.0271099
         114     2.01046     2.18382   0.0269154
         115     1.98564      2.1821   0.0267365
         116     2.00039     2.18053   0.0265519
         117     1.98827     2.17889   0.0263757
         118     1.99092     2.17729   0.0262003
         119     1.97709     2.17561    0.026034
         120     1.98638     2.17403   0.0258648
         121     1.97495     2.17239   0.0257033
         122     1.99141     2.17091   0.0255354
         123     2.00282     2.16954   0.0253644
         124     2.00975     2.16825   0.0251925
         125     2.00163     2.16692   0.0250262
         126     2.04611     2.16596    0.024846
         127     1.99298      2.1646   0.0246876
         128      1.9938     2.16326   0.0245308
         129     1.99398     2.16195   0.0243757
         130      2.0035     2.16073   0.0242186
         131     1.98818     2.15941   0.0240696
         132     2.01325     2.15831   0.0239127
         133     2.00162     2.15713   0.0237619
         134     1.95436     2.15562   0.0236327
         135     1.96538     2.15421   0.0234996
         136     1.95853     2.15277   0.0233708
         137     1.98294     2.15153   0.0232331
         138      1.9721     2.15023   0.0231011
         139     1.95603     2.14883   0.0229771
         140     1.94623     2.14738   0.0228585
         141     1.94626     2.14596   0.0227408
         142     1.92572     2.14441   0.0226335
         143     1.94162     2.14299   0.0225196
         144      1.9336     2.14153   0.0224101
         145     1.93854     2.14013   0.0222993
         146     1.96795     2.13895   0.0221777
         147     1.95223     2.13768   0.0220632
         148     1.98327     2.13664   0.0219388
         149     1.97663     2.13557   0.0218178
         150     1.96457     2.13443   0.0217021
         151      1.9646      2.1333   0.0215875
         152     1.97094     2.13223   0.0214719
         153     1.98011     2.13124   0.0213546
         154     1.97907     2.13025   0.0212387
         155     2.01087     2.12948   0.0211157
         156     1.98137     2.12853   0.0210016
         157     1.99961     2.12771   0.0208839
         158      1.9947     2.12687   0.0207687
         159     1.98039     2.12595   0.0206585
         160      1.9819     2.12505    0.020549
         161     2.00429      2.1243   0.0204351
         162     2.01055      2.1236    0.020321
         163     2.02743     2.12301   0.0202049
         164     1.97771     2.12212   0.0201011
         165     1.98156     2.12127   0.0199973
         166     1.98111     2.12042   0.0198947
         167     1.96319     2.11948   0.0197978
         168     1.96939     2.11859   0.0197001
         169       1.964     2.11767   0.0196047
         170     1.99668     2.11696   0.0195023
         171     1.96067     2.11605   0.0194097
         172     1.96867     2.11519   0.0193158
         173     1.95396     2.11426   0.0192266
         174     1.96532      2.1134   0.0191351
         175     1.95977     2.11253   0.0190459
         176     1.96169     2.11167    0.018957
         177     1.94515     2.11073   0.0188732
         178     1.93646     2.10975   0.0187925
         179     1.97029     2.10897   0.0187037
         180     1.94706     2.10807   0.0186214
         181     1.97803     2.10735   0.0185324
         182     1.94542     2.10646   0.0184519
         183     1.98178     2.10578   0.0183636
         184     1.95077     2.10494   0.0182832
         185     1.96341     2.10417   0.0182003
         186     2.01596      2.1037   0.0181086
         187     1.99655     2.10313   0.0180209
         188     1.98668     2.10251   0.0179357
         189     2.00267     2.10198   0.0178485
         190     2.00453     2.10147    0.017762
         191     1.99701     2.10092   0.0176774
         192      1.9504     2.10013   0.0176027
         193     1.99969     2.09961   0.0175192
         194     1.97524     2.09897   0.0174406
         195     1.96528     2.09829   0.0173646
         196      2.0105     2.09784   0.0172818
         197     2.03215     2.09751   0.0171973
         198     2.02207     2.09712   0.0171147
         199     2.02355     2.09676   0.0170327
         200     1.99715     2.09626   0.0169548
         201     2.02694     2.09591   0.0168739
         202     1.99318      2.0954   0.0167981
         203      2.0274     2.09507   0.0167187
         204     2.01812     2.09469    0.016641
         205     2.04927     2.09447   0.0165613
         206      2.0197     2.09411   0.0164848
         207     2.02977      2.0938   0.0164081
         208     2.04194     2.09355   0.0163311
         209     2.05619     2.09337    0.016254
         210     2.02091     2.09302   0.0161802
         211     2.02748     2.09271   0.0161065
         212     2.00557      2.0923   0.0160358
         213      1.9755     2.09175   0.0159699
         214     1.99354     2.09129   0.0159019
         215     1.94555     2.09062   0.0158423
         216      1.9467     2.08995    0.015783
         217     1.94411     2.08928   0.0157246
         218     1.96081     2.08869   0.0156635
         219     1.96214     2.08811   0.0156026
         220     1.98674     2.08765   0.0155385
         221     2.00199     2.08726    0.015473
         222     1.96842     2.08673   0.0154126
         223     1.97139     2.08621   0.0153521
         224     1.92469     2.08549   0.0153005
         225     1.89871     2.08466    0.015255
         226     1.88741     2.08379   0.0152125
         227     1.87514     2.08287   0.0151732
         228     1.92081     2.08216   0.0151233
         229     1.91334     2.08142   0.0150752
         230     1.93627     2.08079   0.0150229
         231      1.9641     2.08028   0.0149663
         232     1.92612     2.07962   0.0149166
         233     1.95849      2.0791   0.0148616
         234     1.96441     2.07861   0.0148062
         235     1.94562     2.07804    0.014754
         236     1.92103     2.07738   0.0147064
         237     1.93476     2.07678   0.0146567
         238     1.92723     2.07615   0.0146086
         239     1.92643     2.07552   0.0145609
         240     1.91839     2.07487   0.0145149
         241     1.91513      2.0742   0.0144698
         242     1.94563     2.07367   0.0144198
         243      1.9189     2.07303   0.0143745
         244     1.91669     2.07239   0.0143298
         245      1.9267      2.0718   0.0142837
         246     1.91797     2.07117   0.0142393
         247     1.92842      2.0706   0.0141934
         248     1.94528     2.07009   0.0141451
         249     1.94353     2.06958   0.0140975
         250     1.95664     2.06913   0.0140483
         251     1.98879     2.06881    0.013996
         252     1.97572     2.06844   0.0139453
         253     2.00896     2.06821   0.0138922
         254     2.00925     2.06797   0.0138394
         255     2.04828      2.0679   0.0137854
         256      2.0908     2.06799   0.0137318
         257     2.11772     2.06818   0.0136797
         258      2.1314     2.06842   0.0136289
         259     2.13337     2.06868   0.0135786
         260     2.11487     2.06885   0.0135275
         261     2.09128     2.06894    0.013476
         262     2.10701     2.06908   0.0134253
         263     2.06619     2.06907   0.0133743
         264     2.06807     2.06907   0.0133236
         265     2.07043     2.06907   0.0132734
         266     2.06508     2.06906   0.0132235
         267     2.07334     2.06908   0.0131739
         268     2.04044     2.06897   0.0131252
         269     2.07291     2.06898   0.0130764
         270     2.06358     2.06896    0.013028
         271     2.04998     2.06889   0.0129801
         272     2.04303      2.0688   0.0129328
         273     2.04463     2.06871   0.0128857
         274     2.00928     2.06849   0.0128405
         275     2.03658     2.06838   0.0127943
         276     2.01766     2.06819   0.0127493
         277     2.05302     2.06814   0.0127034
         278     2.03542     2.06802   0.0126582
         279     2.07477     2.06804   0.0126129
         280     2.04739     2.06797   0.0125681
         281       2.063     2.06795   0.0125233
         282     2.03414     2.06783   0.0124795
         283     1.99964     2.06759   0.0124377
         284     2.01741     2.06742   0.0123952
         285      2.0189     2.06725   0.0123529
         286      1.9994     2.06701    0.012312
         287     2.05252     2.06696   0.0122692
         288     2.04728     2.06689   0.0122267
         289     2.03274     2.06677    0.012185
         290     2.06618     2.06677    0.012143
         291      2.0373     2.06667   0.0121017
         292      2.0101     2.06647   0.0120618
         293      2.0241     2.06633   0.0120215
         294     2.01744     2.06616   0.0119818
         295     2.03549     2.06606   0.0119416
         296     1.98845      2.0658   0.0119041
         297     2.02005     2.06564    0.011865
         298     2.04692     2.06558   0.0118254
         299     2.03556     2.06548   0.0117863
         300      2.0393     2.06539   0.0117473
         301     2.05418     2.06536   0.0117083
         302     2.03549     2.06526     0.01167
         303     2.02246     2.06512   0.0116323
         304      2.0206     2.06497    0.011595
         305     2.03611     2.06487   0.0115574
         306     2.05368     2.06484   0.0115196
         307     2.04013     2.06476   0.0114824
         308     2.03531     2.06466   0.0114455
         309     2.06674     2.06467   0.0114085
         310     2.03879     2.06458    0.011372
         311     2.05169     2.06454   0.0113355
         312     2.05373     2.06451   0.0112992
         313      2.0594     2.06449   0.0112631
         314     2.05503     2.06446   0.0112273
         315     2.00854     2.06428   0.0111931
         316     2.03151     2.06418   0.0111581
         317     2.01374     2.06402   0.0111241
         318     1.94137     2.06364   0.0110958
         319     1.95672      2.0633    0.011066
         320      1.9293     2.06288   0.0110394
         321     1.93721     2.06249   0.0110119
         322     1.91914     2.06205   0.0109867
         323     1.95445     2.06171   0.0109578
         324     1.95922      2.0614   0.0109285
         325     1.94659     2.06104   0.0109006
         326     1.98034      2.0608     0.01087
         327     1.98365     2.06056   0.0108393
         328     1.95357     2.06023   0.0108111
         329     1.99192     2.06003   0.0107803
         330     1.97159     2.05976   0.0107509
         331     1.95087     2.05943   0.0107235
         332      1.9769     2.05918   0.0106941
         333     1.99353     2.05898   0.0106638
         334     1.96603      2.0587   0.0106355
         335      1.9958     2.05852   0.0106054
         336     1.98285     2.05829   0.0105762
         337     2.00147     2.05812   0.0105462
         338     2.02672     2.05803   0.0105154
         339     2.06766     2.05806   0.0104844
         340     2.05186     2.05804   0.0104536
         341     2.03003     2.05796   0.0104232
         342     2.02463     2.05786   0.0103932
         343     1.98444     2.05765   0.0103651
         344     1.98008     2.05742   0.0103374
         345     1.98566     2.05721   0.0103096
         346     2.03977     2.05716   0.0102799
         347     2.00674     2.05702   0.0102513
         348      2.0548     2.05701   0.0102218
         349     2.03503     2.05695   0.0101927
         350     2.04261     2.05691   0.0101637
         351     2.02761     2.05682   0.0101351
         352     2.00822     2.05669   0.0101072
         353     2.03714     2.05663   0.0100788
         354     2.06757     2.05666   0.0100503
         355      2.0623     2.05668    0.010022
         356     2.07698     2.05673  0.00999405
         357     2.06894     2.05677  0.00996611
         358     2.04654     2.05674  0.00993831
         359     2.01974     2.05664  0.00991116
         360     1.99773     2.05647  0.00988498
         361     1.97576     2.05625  0.00986013
         362     1.97214     2.05602  0.00983563
         363     1.97813      2.0558  0.00981087
         364     1.97135     2.05557  0.00978666
         365      1.9623     2.05531  0.00976319
         366      1.9716     2.05509  0.00973919
         367     1.96512     2.05484  0.00971574
         368     1.95025     2.05456  0.00969349
         369     1.95263     2.05428  0.00967116
         370     1.92839     2.05394    0.009651
         371     1.91338     2.05356  0.00963242
         372     1.90573     2.05316  0.00961473
         373     1.91467     2.05279  0.00959612
         374     1.92091     2.05244  0.00957693
         375     1.92817     2.05211  0.00955713
         376     1.96281     2.05187  0.00953466
         377     1.96404     2.05164  0.00951221
         378     2.01343     2.05154  0.00948759
         379     2.00035      2.0514  0.00946351
         380      2.0454     2.05139  0.00943862
         381     2.03313     2.05134  0.00941397
         382     2.02778     2.05128  0.00938953
         383     2.05698     2.05129  0.00936503
         384     2.02537     2.05122  0.00934088
         385     2.01024     2.05112  0.00931723
         386       2.023     2.05104  0.00929337
         387     1.99097     2.05089  0.00927066
         388     1.99871     2.05076  0.00924774
         389     1.97432     2.05056  0.00922605
         390     1.97328     2.05036  0.00920452
         391     1.97065     2.05016  0.00918324
         392     1.94838      2.0499  0.00916348
         393     1.93634     2.04961  0.00914472
         394     1.92663      2.0493  0.00912684
         395     1.91578     2.04896  0.00910999
         396     1.95127     2.04871  0.00909032
         397      1.9365     2.04843  0.00907182
         398     1.96337     2.04821  0.00905154
         399     1.96868     2.04802  0.00903105
         400     1.94756     2.04776  0.00901196
         401     2.00366     2.04765  0.00899016
         402     1.96131     2.04744  0.00897036
         403     1.98997      2.0473  0.00894924
         404     1.91466     2.04697  0.00893311
         405     1.94556     2.04672  0.00891456
         406     1.92344     2.04641  0.00889777
         407      1.9126     2.04609  0.00888198
         408     1.89965     2.04573  0.00886746
         409     1.90382     2.04538  0.00885256
         410     1.88804       2.045  0.00883929
         411     1.87224     2.04458  0.00882777
         412      1.8835     2.04418  0.00881499
         413     1.90114     2.04384  0.00880045
         414     1.89882     2.04349  0.00878616
         415     1.95743     2.04328  0.00876744
         416     1.89622     2.04293  0.00875349
         417     1.95355     2.04271  0.00873512
         418     1.97017     2.04254  0.00871594
         419     1.97195     2.04237  0.00869677
         420      1.9796     2.04222  0.00867735
         421      2.0205     2.04217  0.00865689
         422     2.04683     2.04218  0.00863638
         423     2.05381     2.04221  0.00861601
         424     2.09812     2.04234   0.0085967
         425     2.09869     2.04247  0.00857749
         426     2.04608     2.04248  0.00855736
         427     2.05581     2.04251  0.00853738
         428     2.03205     2.04249  0.00851747
         429     2.01853     2.04243   0.0084978
         430     2.00672     2.04235  0.00847844
         431     2.01836     2.04229  0.00845895
         432     1.99417     2.04218   0.0084401
         433     2.01696     2.04212  0.00842081
         434     1.99634     2.04202  0.00840207
         435     1.97654     2.04187   0.0083841
         436     2.00275     2.04178  0.00836535
         437     2.01056     2.04171  0.00834652
         438     2.01016     2.04163  0.00832777
         439     2.02114     2.04159  0.00830893
         440     2.01385     2.04153  0.00829029
         441     2.02112     2.04148  0.00827162
         442     2.01298     2.04141  0.00825315
         443      2.0039     2.04133  0.00823496
         444     1.99365     2.04122  0.00821711
         445     2.00135     2.04113  0.00819913
         446     1.99369     2.04103  0.00818144
         447     1.96557     2.04086  0.00816488
         448     1.96717     2.04069  0.00814831
         449     1.93166     2.04045  0.00813378
         450     1.93032     2.04021  0.00811939
         451      1.9602     2.04003  0.00810332
         452     1.96147     2.03985  0.00808726
         453     1.93172     2.03962  0.00807293
         454     1.95654     2.03943  0.00805722
         455     1.93891     2.03921  0.00804254
         456     1.92712     2.03897  0.00802866
         457     1.94451     2.03876  0.00801375
         458     1.97984     2.03863  0.00799728
         459     1.98801     2.03852  0.00798062
         460     1.99555     2.03843  0.00796382
         461     2.00059     2.03834  0.00794697
         462     1.99004     2.03824  0.00793045
         463     1.97093     2.03809  0.00791466
         464     1.98111     2.03797  0.00789855
         465     1.95182     2.03779  0.00788374
         466     1.98127     2.03767  0.00786775
         467     1.95677     2.03749  0.00785281
         468     1.94111     2.03729  0.00783873
         469     1.93694     2.03707  0.00782494
         470     1.95462      2.0369  0.00781026
         471     1.96038     2.03673  0.00779536
         472     1.93871     2.03653  0.00778161
         473     1.95393     2.03635  0.00776712
         474      1.9612     2.03619  0.00775235
         475     1.96742     2.03605  0.00773738
         476     2.01005     2.03599  0.00772132
         477      2.0076     2.03593  0.00770536
         478     2.02475     2.03591  0.00768928
         479     2.01537     2.03587  0.00767335
         480     1.99143     2.03578  0.00765792
         481     1.99346     2.03569   0.0076425
         482     2.01902     2.03565  0.00762673
         483     2.04384     2.03567  0.00761095
         484     2.03175     2.03566  0.00759523
         485     2.04859     2.03569  0.00757962
         486     2.06768     2.03575  0.00756431
         487     2.06919     2.03582  0.00754909
         488     2.06204     2.03588  0.00753381
         489     2.05919     2.03592  0.00751856
         490     2.06267     2.03598  0.00750341
         491     2.10149     2.03611  0.00748931
         492     2.05444     2.03615  0.00747418
         493     2.05731     2.03619  0.00745915
         494     2.05372     2.03623  0.00744413
         495     2.08627     2.03633  0.00742978
         496     2.09335     2.03644  0.00741569
         497     2.11468      2.0366  0.00740244
         498     2.11332     2.03676  0.00738918
         499     2.15942       2.037  0.00737846
         500     2.07997     2.03709   0.0073642
         501     2.10956     2.03723  0.00735092
         502     2.06392     2.03729  0.00733647
         503     2.06452     2.03734  0.00732209
         504     2.06556      2.0374  0.00730777
         505     2.04998     2.03742  0.00729334
         506     2.04711     2.03744  0.00727895
         507     2.04787     2.03746  0.00726463
         508     2.03978     2.03746  0.00725033
         509     1.98931     2.03737   0.0072367
         510     1.97929     2.03726  0.00722341
         511      1.9707     2.03713  0.00721045
         512     1.97023       2.037  0.00719755
         513     1.95957     2.03684   0.0071851
         514     1.96688     2.03671  0.00717241
         515     1.99986     2.03664  0.00715884
         516     2.00563     2.03658  0.00714522
         517     2.02728     2.03656  0.00713142
         518     2.01654     2.03652  0.00711776
         519     2.02469      2.0365  0.00710408
         520     2.02647     2.03648  0.00709044
         521     2.02231     2.03645  0.00707689
         522     2.03368     2.03645  0.00706333
         523     2.02459     2.03642  0.00704986
         524      2.0486     2.03645  0.00703645
         525     2.06126     2.03649   0.0070232
         526     2.03079     2.03648  0.00700986
         527     2.04113     2.03649  0.00699656
         528     2.05216     2.03652  0.00698337
         529     2.04558     2.03654  0.00697019
         530     2.06298     2.03659  0.00695722
         531     2.03866     2.03659  0.00694412
         532     2.03359     2.03659  0.00693107
         533     1.96989     2.03646   0.0069192
         534     1.99273     2.03638  0.00690672
         535        1.98     2.03627  0.00689462
         536     1.96505     2.03614  0.00688303
         537     1.97611     2.03603  0.00687112
         538     1.98335     2.03593  0.00685905
         539     1.98617     2.03584  0.00684695
         540     2.01402      2.0358  0.00683439
         541     2.04086     2.03581  0.00682176
         542     1.97612      2.0357  0.00681006
         543     1.99071     2.03561  0.00679802
         544     1.99288     2.03554  0.00678598
         545     1.95667     2.03539  0.00677507
         546     1.97342     2.03528  0.00676362
         547     1.95674     2.03513  0.00675277
         548     1.97348     2.03502  0.00674139
         549     1.96803      2.0349  0.00673021
         550     1.95872     2.03476   0.0067194
         551     1.97425     2.03465   0.0067081
         552     1.97464     2.03454  0.00669683
         553     2.00849      2.0345  0.00668489
         554     2.02431     2.03448  0.00667285
         555     1.98067     2.03438  0.00666153
         556     2.00316     2.03432  0.00664978
         557     2.01021     2.03428  0.00663799
         558     1.96782     2.03416  0.00662716
         559     2.00006      2.0341  0.00661558
         560     1.99576     2.03403  0.00660413
         561     2.01171     2.03399  0.00659247
         562      2.0235     2.03397  0.00658077
         563     2.02802     2.03396  0.00656909
         564     2.00309     2.03391  0.00655767
         565     1.98408     2.03382  0.00654666
         566     2.00236     2.03376  0.00653533
         567     1.97073     2.03365  0.00652475
         568     2.01178     2.03362  0.00651337
         569     1.99328     2.03354  0.00650231
         570     1.99653     2.03348  0.00649123
         571     1.99348     2.03341  0.00648024
         572     1.95341     2.03327  0.00647042
         573     1.96125     2.03314  0.00646034
         574     1.94745     2.03299  0.00645081
         575      1.9501     2.03285  0.00644121
         576     1.96111     2.03273  0.00643123
         577     1.96384     2.03261  0.00642119
         578     1.98882     2.03253  0.00641053
         579     1.99164     2.03246  0.00639984
         580     2.01128     2.03242  0.00638891
         581      2.0385     2.03243  0.00637793
         582     2.00521     2.03239  0.00636714
         583     2.01115     2.03235  0.00635632
         584     1.97625     2.03225  0.00634616
         585     1.94083      2.0321  0.00633724
         586     1.97565       2.032  0.00632716
         587     1.95542     2.03187  0.00631772
         588      1.9301      2.0317  0.00630935
         589     1.97549      2.0316  0.00629936
         590     1.94632     2.03146  0.00629034
         591     1.96256     2.03134  0.00628078
         592     1.97079     2.03124    0.006271
         593     1.92261     2.03106   0.0062631
         594     1.97657     2.03096  0.00625323
         595     1.94471     2.03082   0.0062444
         596     1.94002     2.03067  0.00623578
         597     1.94062     2.03052  0.00622716
         598     1.93147     2.03035  0.00621895
         599     1.92824     2.03018   0.0062109
         600     1.92224        2.03  0.00620315
         601     1.90306     2.02979  0.00619643
         602     1.92435     2.02961  0.00618861
         603     1.92719     2.02944  0.00618068
         604     1.92112     2.02927  0.00617305
         605     1.92728      2.0291  0.00616514
         606     1.93555     2.02894   0.0061569
         607     1.97025     2.02885  0.00614752
         608     1.98935     2.02878  0.00613775
         609     2.01625     2.02876  0.00612771
         610     1.98144     2.02868  0.00611815
         611      1.9906     2.02862  0.00610846
         612      1.9722     2.02853  0.00609917
         613     1.95366     2.02841  0.00609044
         614     1.95556     2.02829  0.00608168
         615     1.96582     2.02819  0.00607264
         616     1.96323     2.02808   0.0060637
         617     1.93704     2.02793  0.00605566
         618     1.96612     2.02783  0.00604669
         619     1.95681     2.02772  0.00603801
         620     1.93597     2.02757  0.00603008
         621     1.95515     2.02745   0.0060215
         622     1.98692     2.02739  0.00601217
         623     1.97373      2.0273  0.00600314
         624     1.96501      2.0272  0.00599435
         625     1.98126     2.02713  0.00598521
         626     1.93736     2.02699  0.00597737
         627     1.92834     2.02683   0.0059699
         628     1.93996     2.02669    0.005962
         629     1.91973     2.02652  0.00595494
         630     1.93596     2.02638  0.00594723
         631     1.96775     2.02628  0.00593853
         632     1.97794     2.02621  0.00592962
         633     2.00482     2.02617  0.00592035
         634     1.99778     2.02613  0.00591118
         635     2.02522     2.02613  0.00590188
         636     2.00585     2.02609  0.00589268
         637     2.01764     2.02608  0.00588345
         638     1.99003     2.02602   0.0058745
         639      2.0182     2.02601  0.00586532
         640     2.00254     2.02598  0.00585627
         641     1.95854     2.02587  0.00584807
         642     1.95408     2.02576  0.00584003
         643     1.95593     2.02565  0.00583196
         644     1.92217     2.02549  0.00582512
         645     1.93069     2.02534  0.00581794
         646      1.9278     2.02519  0.00581089
         647     1.95917     2.02509  0.00580281
         648     1.92619     2.02494  0.00579586
         649     1.94884     2.02482  0.00578812
         650        1.96     2.02472  0.00578007
         651     1.96501     2.02463  0.00577192
         652     1.98177     2.02456  0.00576344
         653     2.00159     2.02453  0.00575472
         654     2.00225     2.02449  0.00574602
         655     1.97525     2.02442  0.00573774
         656      2.0033     2.02439  0.00572909
         657     1.95748     2.02428  0.00572127
         658     1.95569     2.02418  0.00571353
         659     1.93131     2.02404  0.00570659
         660     1.93441      2.0239  0.00569956
         661     1.93789     2.02377  0.00569243
         662     1.92523     2.02362  0.00568577
         663     1.94073      2.0235  0.00567857
         664     1.96725     2.02341  0.00567065
         665     1.98306     2.02335  0.00566245
         666     1.96358     2.02326  0.00565466
         667     1.98703     2.02321  0.00564644
         668     1.98651     2.02315  0.00563825
         669     1.96406     2.02307  0.00563052
         670     1.97555       2.023  0.00562256
         671     1.97363     2.02292  0.00561466
         672     1.96343     2.02283  0.00560701
         673     1.98323     2.02277  0.00559898
         674     1.95831     2.02268  0.00559149
         675      1.9349     2.02255  0.00558472
         676     1.95867     2.02245  0.00557726
         677     1.97344     2.02238  0.00556949
         678     1.96012     2.02229  0.00556203
         679     1.94199     2.02217   0.0055551
         680     1.96298     2.02208  0.00554761
         681     1.92793     2.02195  0.00554119
         682     1.92794     2.02181  0.00553478
         683     1.95319     2.02171  0.00552759
         684     1.92998     2.02157  0.00552113
         685     1.97239      2.0215  0.00551354
         686     1.99555     2.02146  0.00550563
         687     2.04116     2.02149  0.00549769
         688      2.0426     2.02152  0.00548979
         689     2.06822     2.02159  0.00548224
         690     2.05946     2.02165  0.00547457
         691     2.05641      2.0217  0.00546687
         692     2.02832     2.02171  0.00545898
         693     2.05489     2.02175  0.00545131
         694     2.03609     2.02177   0.0054435
         695     2.03347     2.02179  0.00543569
         696     2.02381     2.02179  0.00542788
         697     1.98114     2.02174  0.00542041
         698     2.00853     2.02172  0.00541268
         699     1.96702     2.02164   0.0054055
         700      1.9646     2.02156  0.00539839
         701     1.94297     2.02145  0.00539185
         702     1.96566     2.02137  0.00538476
         703     1.95039     2.02127  0.00537805
         704     1.95656     2.02117  0.00537119
         705      1.9699      2.0211  0.00536407
         706     1.95508     2.02101  0.00535728
         707     1.94842      2.0209  0.00535069
         708     1.97846     2.02084  0.00534347
         709     1.94757     2.02074  0.00533693
         710     1.96772     2.02067  0.00532994
         711     1.94071     2.02055  0.00532362
         712     1.93849     2.02044   0.0053174
         713     1.93641     2.02032  0.00531124
         714     1.92361     2.02019  0.00530553
         715     1.94436     2.02008  0.00529917
         716     1.96856     2.02001  0.00529226
         717     1.98801     2.01996  0.00528507
         718     1.94412     2.01986  0.00527876
         719     1.98189      2.0198  0.00527168
         720     1.96032     2.01972  0.00526501
         721      1.9807     2.01967  0.00525798
         722     1.99009     2.01963  0.00525086
         723     2.00516     2.01961  0.00524364
         724     2.03526     2.01963  0.00523644
         725     1.99562     2.01959  0.00522932
         726     2.04029     2.01962   0.0052222
         727     2.01585     2.01962  0.00521501
         728     1.98123     2.01957  0.00520812
         729     2.01634     2.01956  0.00520098
         730     2.00976     2.01955  0.00519387
         731     2.02481     2.01955  0.00518677
         732     2.02156     2.01956  0.00517968
         733     2.04609     2.01959  0.00517274
         734     2.00688     2.01958  0.00516572
         735     2.01511     2.01957   0.0051587
         736     2.01523     2.01956  0.00515169
         737     2.01778     2.01956   0.0051447
         738     1.97134      2.0195  0.00513815
         739     1.98831     2.01945  0.00513137
         740     1.96234     2.01938  0.00512502
         741     1.95613     2.01929  0.00511881
         742     1.94892      2.0192  0.00511279
         743     1.99309     2.01916  0.00510603
         744     1.96997      2.0191  0.00509959
         745     1.97875     2.01904  0.00509304
         746     2.00286     2.01902  0.00508626
         747     1.98904     2.01898   0.0050796
         748     1.99033     2.01894  0.00507296
         749     2.00999     2.01893   0.0050662
         750     1.97813     2.01888  0.00505974
         751     2.01062     2.01886  0.00505301
         752     2.00729     2.01885  0.00504632
         753      2.0327     2.01887  0.00503965
         754     2.00152     2.01884  0.00503302
         755     2.01988     2.01885  0.00502635
         756     1.97909     2.01879  0.00501998
         757     1.95107      2.0187  0.00501414
         758     1.93162     2.01859  0.00500884
         759      1.9141     2.01845  0.00500414
         760     1.95721     2.01837   0.0049982
         761     1.95028     2.01828  0.00499243
         762     1.97027     2.01822  0.00498628
         763     1.98993     2.01818  0.00497988
         764     1.99889     2.01816  0.00497343
         765     2.00163     2.01813  0.00496697
         766     2.01043     2.01812   0.0049605
         767     1.97831     2.01807   0.0049543
         768     1.94898     2.01798  0.00494867
         769     1.95962     2.01791  0.00494282
         770     1.96286     2.01783  0.00493691
         771     1.95792     2.01776  0.00493112
         772     1.98198     2.01771  0.00492495
         773     1.97483     2.01766  0.00491889
         774     1.96766     2.01759  0.00491296
         775     1.92706     2.01747  0.00490801
         776     1.95437     2.01739  0.00490236
         777     1.91195     2.01726  0.00489793
         778     1.94701     2.01717  0.00489247
         779     1.93487     2.01706  0.00488733
         780     1.92597     2.01694  0.00488245
         781     1.93873     2.01684  0.00487723
         782     1.93438     2.01674  0.00487213
         783      1.9384     2.01664  0.00486694
         784     1.92227     2.01652  0.00486222
         785     1.93575     2.01642  0.00485711
         786     1.93818     2.01632  0.00485195
         787     1.94922     2.01623  0.00484654
         788     1.94565     2.01614  0.00484121
         789     1.94907     2.01606  0.00483582
         790     1.96364     2.01599  0.00483016
         791     1.95585     2.01591  0.00482465
         792     1.94717     2.01583  0.00481934
         793     1.99916     2.01581  0.00481331
         794     1.99372     2.01578  0.00480733
         795     2.03138      2.0158  0.00480132
         796     2.04347     2.01583  0.00479541
         797     2.06116     2.01589  0.00478973
         798     2.05108     2.01593  0.00478393
         799     2.05481     2.01598  0.00477819
         800     2.02714       2.016  0.00477224
         801     2.03454     2.01602  0.00476634
         802       2.061     2.01607  0.00476073
         803      2.0499     2.01612  0.00475498
         804     2.04938     2.01616  0.00474925
         805     2.03389     2.01618   0.0047434
         806     2.01766     2.01618  0.00473752
         807     2.00263     2.01617  0.00473168
         808      1.9699     2.01611  0.00472617
         809     1.96026     2.01604  0.00472083
         810     1.95714     2.01597  0.00471556
         811     1.97851     2.01592  0.00470997
         812     1.95705     2.01585  0.00470473
         813     1.96003     2.01578  0.00469944
         814       1.953      2.0157   0.0046943
         815     1.93946     2.01561  0.00468948
         816     1.93932     2.01551  0.00468466
         817      1.9292     2.01541  0.00468012
         818     1.92198      2.0153  0.00467579
         819     1.92526     2.01519  0.00467137
         820      1.9562     2.01511  0.00466623
         821     1.92781     2.01501  0.00466176
         822     1.98084     2.01497  0.00465627
         823     1.93606     2.01487   0.0046516
         824     1.96196     2.01481   0.0046464
         825     1.96601     2.01475  0.00464114
         826     1.96657     2.01469  0.00463589
         827     1.96079     2.01462  0.00463074
         828     1.97718     2.01458  0.00462537
         829     1.97409     2.01453  0.00462005
         830     1.95531     2.01446  0.00461504
         831     1.96166     2.01439  0.00460992
         832     1.95921     2.01433  0.00460485
         833     1.95012     2.01425  0.00459997
         834     1.94221     2.01416  0.00459527
         835     1.97327     2.01411  0.00459002
         836     1.97256     2.01407   0.0045848
         837     1.95043     2.01399  0.00457996
         838       1.952     2.01392  0.00457509
         839     1.94505     2.01383  0.00457037
         840     1.92399     2.01373  0.00456618
         841     1.92907     2.01363  0.00456186
         842     1.95101     2.01355  0.00455705
         843     1.95138     2.01348  0.00455224
         844     1.94321     2.01339  0.00454761
         845     1.94673     2.01332  0.00454291
         846     1.93145     2.01322  0.00453857
         847     1.93928     2.01313  0.00453405
         848     1.94723     2.01305  0.00452937
         849     1.93106     2.01296  0.00452507
         850     1.96294      2.0129  0.00452013
         851     1.97166     2.01285  0.00451507
         852     1.99019     2.01282  0.00450985
         853     2.02573     2.01284  0.00450459
         854     2.01063     2.01284  0.00449932
         855     2.04366     2.01287   0.0044942
         856     2.07492     2.01294  0.00448953
         857     2.06383       2.013  0.00448469
         858     2.07661     2.01308  0.00448007
         859     2.07083     2.01314  0.00447536
         860     2.06544     2.01321  0.00447057
         861     2.08023     2.01328  0.00446606
         862     2.05181     2.01333   0.0044611
         863     2.07009     2.01339  0.00445641
         864     2.06252     2.01345  0.00445162
         865     2.03887     2.01348  0.00444657
         866     2.00715     2.01347  0.00444144
         867     2.02007     2.01348  0.00443633
         868     1.94143      2.0134  0.00443199
         869     2.01309      2.0134  0.00442689
         870     2.00847     2.01339  0.00442181
         871     2.01441     2.01339  0.00441673
         872      2.0272     2.01341  0.00441169
         873     2.05802     2.01346  0.00440693
         874     2.05582     2.01351  0.00440216
         875     2.04343     2.01354  0.00439726
         876     2.05189     2.01359  0.00439246
         877     2.04593     2.01362  0.00438761
         878     2.06969     2.01369  0.00438307
         879     2.08882     2.01377  0.00437892
         880     2.08866     2.01386  0.00437477
         881     2.07718     2.01393   0.0043704
         882     2.12684     2.01406  0.00436731
         883     2.12718     2.01419  0.00436425
         884      2.0927     2.01427  0.00436021
         885     2.10104     2.01437  0.00435639
         886     2.07661     2.01444  0.00435204
         887     2.05711     2.01449   0.0043474
         888     2.05138     2.01453   0.0043427
         889     2.03975     2.01456  0.00433791
         890     2.02089     2.01457  0.00433304
         891     2.01835     2.01457  0.00432818
         892      2.0049     2.01456  0.00432334
         893     2.01332     2.01456   0.0043185
         894     2.01332     2.01456  0.00431367
         895     1.98208     2.01452    0.004309
         896     2.01767     2.01453  0.00430419
         897     2.02939     2.01454  0.00429943
         898     1.97576      2.0145  0.00429486
         899     2.03918     2.01453  0.00429017
         900     2.05761     2.01457  0.00428567
         901     2.02704     2.01459  0.00428093
         902     2.05711     2.01464  0.00427645
         903     2.03269     2.01466  0.00427176
         904     1.99953     2.01464  0.00426707
         905      1.9794      2.0146  0.00426253
         906     1.92602      2.0145  0.00425894
         907     1.94487     2.01442  0.00425494
         908     1.93069     2.01433  0.00425125
         909     1.95064     2.01426  0.00424715
         910     1.96473     2.01421  0.00424284
         911     1.95972     2.01415   0.0042386
         912     2.00224     2.01414  0.00423397
         913     1.97703     2.01409  0.00422953
         914     2.02397     2.01411  0.00422492
         915     2.01897     2.01411   0.0042203
         916     2.02394     2.01412  0.00421571
         917     2.00725     2.01411  0.00421112
         918     2.03479     2.01414  0.00420659
         919     2.00032     2.01412  0.00420204
         920     2.00509     2.01411  0.00419748
         921     1.97405     2.01407  0.00419315
         922     1.94887       2.014   0.0041892
         923     1.96274     2.01394  0.00418503
         924     1.94292     2.01387  0.00418121
         925     1.93785     2.01378  0.00417749
         926     1.92536     2.01369  0.00417407
         927     1.93915     2.01361  0.00417035
         928     1.93912     2.01353  0.00416662
         929     1.93291     2.01344  0.00416304
         930     1.94241     2.01336  0.00415927
         931     1.95168      2.0133  0.00415533
         932     1.96639     2.01325  0.00415117
         933     1.98015     2.01321  0.00414688
         934     2.02357     2.01322  0.00414245
         935     2.00726     2.01322  0.00413803
         936     1.99889      2.0132  0.00413363
         937     2.02458     2.01321  0.00412924
         938     2.00804     2.01321  0.00412484
         939     1.99904     2.01319  0.00412047
         940     1.99258     2.01317  0.00411615
         941     2.00302     2.01316  0.00411179
         942     1.98708     2.01313  0.00410752
         943     1.96273     2.01308  0.00410351
         944     1.92877     2.01299  0.00410013
         945     1.93669     2.01291  0.00409659
         946     1.91635     2.01281  0.00409353
         947     1.92412     2.01271  0.00409028
         948     1.93781     2.01263  0.00408673
         949     1.94079     2.01256  0.00408312
         950     1.94736     2.01249   0.0040794
         951     1.95964     2.01243  0.00407549
         952     1.95707     2.01238  0.00407163
         953     1.96465     2.01233  0.00406766
         954      1.9706     2.01228  0.00406363
         955     1.96628     2.01223  0.00405966
         956     1.94118     2.01216   0.0040561
         957     1.92855     2.01207   0.0040528
         958     1.94568       2.012  0.00404916
         959     1.94263     2.01193  0.00404558
         960      1.9502     2.01187  0.00404188
         961     1.93362     2.01178   0.0040385
         962     1.99344     2.01177  0.00403434
         963     2.00628     2.01176  0.00403016
         964     1.95547      2.0117   0.0040264
         965     2.01101      2.0117  0.00402223
         966     1.95119     2.01164  0.00401855
         967     1.92357     2.01155  0.00401543
         968       1.953     2.01149  0.00401173
         969     1.97683     2.01145  0.00400775
         970     1.96868     2.01141  0.00400386
         971     2.01353     2.01141  0.00399974
         972     2.02422     2.01142  0.00399565
         973     1.99865     2.01141  0.00399156
         974     1.98706     2.01138  0.00398754
         975     1.98637     2.01136  0.00398354
         976     1.97785     2.01132   0.0039796
         977     1.94825     2.01126  0.00397605
         978      1.9707     2.01122   0.0039722
         979     1.96542     2.01117  0.00396842
         980     1.94378      2.0111  0.00396497
         981     1.95458     2.01104  0.00396135
         982     1.94409     2.01098   0.0039579
         983     1.94179     2.01091   0.0039545
         984     1.96436     2.01086  0.00395076
         985     1.97699     2.01082   0.0039469
         986     1.99398     2.01081  0.00394293
         987     2.00714      2.0108  0.00393894
         988     2.01868     2.01081  0.00393496
         989     2.00961     2.01081  0.00393098
         990     2.00085      2.0108  0.00392703
         991     2.00093     2.01079  0.00392308
         992     1.97041     2.01075  0.00391933
         993     1.98094     2.01072   0.0039155
         994     1.95558     2.01066  0.00391195
         995     1.95532     2.01061  0.00390842
         996     2.00046      2.0106  0.00390451
         997     2.02014     2.01061   0.0039006
         998     2.01451     2.01061   0.0038967
         999      2.0332     2.01063  0.00389286
        1000     2.02578     2.01065    0.003889
        1001     2.01773     2.01066  0.00388512
        1002      2.0259     2.01067  0.00388127
        1003     2.02933     2.01069  0.00387745
        1004     2.04213     2.01072  0.00387371
        1005     2.04321     2.01075  0.00386999
        1006     2.07463     2.01082  0.00386667
        1007     2.04694     2.01085  0.00386299
        1008     2.03617     2.01088  0.00385924
        1009     2.00757     2.01088  0.00385542
        1010     1.98175     2.01085  0.00385171
        1011     1.95162     2.01079  0.00384834
        1012     1.95129     2.01073  0.00384499
        1013     1.94168     2.01066   0.0038418
        1014     1.97545     2.01063  0.00383817
        1015     1.98419      2.0106  0.00383447
        1016     2.00536      2.0106   0.0038307
        1017     2.00763     2.01059  0.00382694
        1018      2.0056     2.01059  0.00382318
        1019     2.00198     2.01058  0.00381944
        1020     1.99653     2.01057  0.00381572
        1021     1.98503     2.01054  0.00381206
        1022     1.96024     2.01049  0.00380865
        1023      1.9649     2.01045  0.00380519
        1024     1.93656     2.01037  0.00380216
        1025     1.94646     2.01031  0.00379896
        1026     1.94826     2.01025  0.00379574
        1027     1.95492      2.0102  0.00379242
        1028     1.96573     2.01015  0.00378898
        1029     1.97024     2.01012   0.0037855
        1030     1.97892     2.01009  0.00378194
        1031     2.01389     2.01009  0.00377828
        1032     2.00415     2.01008  0.00377462
        1033     2.02364      2.0101  0.00377099
        1034     2.03907     2.01012  0.00376745
        1035     2.02141     2.01014  0.00376382
        1036     2.00008     2.01013   0.0037602
        1037     1.99973     2.01012  0.00375659
        1038     2.02833     2.01013  0.00375301
        1039     2.03696     2.01016  0.00374949
        1040     2.05612      2.0102  0.00374614
        1041     2.05885     2.01025  0.00374284
        1042     2.05697     2.01029  0.00373951
        1043     2.04646     2.01033  0.00373609
        1044     2.05049     2.01037  0.00373271
        1045     2.03877     2.01039  0.00372923
        1046     2.02671     2.01041   0.0037257
        1047     2.01406     2.01041  0.00372215
        1048     1.98778     2.01039  0.00371866
        1049     1.98735     2.01037  0.00371518
        1050     1.98123     2.01034  0.00371174
        1051     1.98608     2.01032  0.00370828
        1052     2.00066     2.01031  0.00370477
        1053     1.97368     2.01028  0.00370141
        1054     2.00687     2.01027   0.0036979
        1055     2.01758     2.01028   0.0036944
        1056     1.98531     2.01026  0.00369098
        1057     2.00064     2.01025   0.0036875
        1058     1.96718     2.01021  0.00368424
        1059     1.94602     2.01015  0.00368126
        1060     1.98222     2.01012  0.00367788
        1061      1.9602     2.01007  0.00367472
        1062     1.95804     2.01002  0.00367158
        1063     1.96885     2.00998  0.00366833
        1064     1.98766     2.00996  0.00366494
        1065     1.97682     2.00993  0.00366164
        1066      1.9799      2.0099  0.00365831
        1067     1.95793     2.00986   0.0036552
        1068     1.94852      2.0098  0.00365223
        1069     1.92727     2.00972  0.00364963
        1070      1.9454     2.00966  0.00364672
        1071     1.94497      2.0096  0.00364381
        1072     1.95651     2.00955  0.00364075
        1073     1.97934     2.00952  0.00363747
        1074     2.02231     2.00953   0.0036341
        1075     2.02842     2.00955  0.00363076
        1076      2.0166     2.00956  0.00362739
        1077     2.02373     2.00957  0.00362405
        1078     2.00402     2.00957  0.00362069
        1079       1.992     2.00955  0.00361737
        1080     1.99947     2.00954  0.00361403
        1081     2.00298     2.00953  0.00361069
        1082     1.99904     2.00952  0.00360737
        1083     1.97803      2.0095  0.00360416
        1084     2.00903      2.0095  0.00360083
        1085     1.99395     2.00948  0.00359754
        1086     1.98769     2.00946  0.00359428
        1087     1.99524     2.00945    0.003591
        1088     2.01273     2.00945   0.0035877
        1089     1.97984     2.00942  0.00358451
        1090     2.00321     2.00942  0.00358123
        1091     2.01224     2.00942  0.00357795
        1092     1.99909     2.00941  0.00357468
        1093      1.9815     2.00939   0.0035715
        1094     2.00225     2.00938  0.00356824
        1095     1.95545     2.00933  0.00356533
        1096     1.96343     2.00929  0.00356232
        1097     1.94224     2.00923  0.00355959
        1098     1.96091     2.00918  0.00355663
        1099     1.92005      2.0091  0.00355431
        1100     1.97059     2.00907  0.00355125
        1101     1.98531     2.00905  0.00354809
        1102      1.9952     2.00903   0.0035449
        1103     1.99907     2.00902  0.00354169
        1104     2.01027     2.00902  0.00353849
        1105       2.003     2.00902  0.00353529
        1106     1.99706     2.00901  0.00353211
        1107     1.99214     2.00899  0.00352895
        1108     1.97031     2.00896  0.00352594
        1109     1.98914     2.00894   0.0035228
        1110     1.97407     2.00891  0.00351977
        1111     1.96116     2.00887  0.00351687
        1112     1.93626      2.0088  0.00351431
        1113     1.94651     2.00874   0.0035116
        1114     1.95356      2.0087  0.00350879
        1115     1.92388     2.00862  0.00350647
        1116     1.94213     2.00856  0.00350384
        1117     1.93708      2.0085  0.00350128
        1118     1.94028     2.00843  0.00349868
        1119     1.92863     2.00836  0.00349628
        1120     1.91049     2.00828  0.00349425
        1121     1.90824     2.00819  0.00349228
        1122     1.90488     2.00809  0.00349038
        1123     1.90244       2.008  0.00348854
        1124     1.93331     2.00793  0.00348607
        1125     1.89674     2.00784  0.00348437
        1126     1.95833     2.00779  0.00348155
        1127     1.94935     2.00774  0.00347885
        1128     1.96217      2.0077    0.003476
        1129     1.95006     2.00765  0.00347329
        1130     1.95775      2.0076   0.0034705
        1131     1.96178     2.00756  0.00346767
        1132     1.94969     2.00751  0.00346498
        1133     1.95631     2.00747  0.00346222
        1134     1.97775     2.00744  0.00345927
        1135     1.98414     2.00742  0.00345628
        1136     1.95848     2.00738   0.0034535
        1137     1.96094     2.00734  0.00345071
        1138     1.96187      2.0073  0.00344791
        1139       1.944     2.00724  0.00344533
        1140     1.95393     2.00719  0.00344262
        1141     1.93331     2.00713  0.00344022
        1142     1.94549     2.00708  0.00343763
        1143     1.93821     2.00701  0.00343515
        1144     1.94044     2.00696  0.00343264
        1145     1.97105     2.00693  0.00342978
        1146      1.9595     2.00688  0.00342704
        1147      1.9448     2.00683  0.00342448
        1148     1.94354     2.00677  0.00342194
        1149     1.94086     2.00672  0.00341944
        1150     1.91953     2.00664  0.00341731
        1151     1.90324     2.00655  0.00341552
        1152     1.93144     2.00649  0.00341318
        1153     1.92292     2.00641  0.00341099
        1154     1.88503     2.00631  0.00340965
        1155     1.91342     2.00623  0.00340765
        1156     1.91912     2.00615  0.00340553
        1157     1.90682     2.00607  0.00340367
        1158     1.93237       2.006  0.00340133
        1159     1.94912     2.00595  0.00339875
        1160     1.94439      2.0059  0.00339623
        1161     1.94135     2.00585  0.00339376
        1162     1.94983      2.0058  0.00339118
        1163     1.92199     2.00573  0.00338903
        1164     1.89903     2.00563  0.00338736
        1165     1.95455     2.00559  0.00338474
        1166     1.92663     2.00552  0.00338251
        1167     1.93521     2.00546  0.00338015
        1168     1.95005     2.00541  0.00337759
        1169     1.95294     2.00537    0.003375
        1170     1.94826     2.00532  0.00337247
        1171     1.95413     2.00528  0.00336987
        1172     1.97392     2.00525   0.0033671
        1173     1.96053     2.00521  0.00336445
        1174     1.96179     2.00518  0.00336178
        1175     1.96801     2.00514  0.00335907
        1176     1.92968     2.00508  0.00335683
        1177     1.92967     2.00502  0.00335459
        1178     1.89875     2.00493  0.00335295
        1179     1.91154     2.00485  0.00335104
        1180     1.89577     2.00475  0.00334948
        1181       1.904     2.00467  0.00334773
        1182     1.93384     2.00461  0.00334543
        1183     1.90289     2.00452  0.00334371
        1184     1.94186     2.00447   0.0033413
        1185     1.92925     2.00441  0.00333909
        1186     1.95414     2.00436  0.00333654
        1187     1.93775     2.00431   0.0033342
        1188     1.93004     2.00425  0.00333198
        1189     1.95207      2.0042  0.00332947
        1190     1.94494     2.00415  0.00332704
        1191     1.96588     2.00412   0.0033244
        1192     1.96078     2.00408  0.00332181
        1193     1.98041     2.00406  0.00331909
        1194     1.97279     2.00404  0.00331641
        1195     1.99452     2.00403  0.00331365
        1196     1.98251     2.00401  0.00331092
        1197     1.99434       2.004  0.00330817
        1198     2.01859     2.00401  0.00330543
        1199     2.02417     2.00403  0.00330272
        1200     2.02222     2.00405      0.0033
        1201     2.00641     2.00405  0.00329725
        1202     2.00035     2.00405  0.00329451
        1203     1.98056     2.00403  0.00329183
        1204     2.00141     2.00402   0.0032891
        1205     1.98389     2.00401  0.00328641
        1206     1.99041       2.004   0.0032837
        1207     2.00446       2.004  0.00328098
        1208     1.99406     2.00399  0.00327828
        1209     2.00632     2.00399  0.00327557
        1210     1.99507     2.00398  0.00327287
        1211     1.97193     2.00396  0.00327027
        1212     1.97999     2.00394  0.00326763
        1213     1.94638     2.00389  0.00326528
        1214     1.95334     2.00385  0.00326286
        1215     1.92749     2.00378  0.00326078
        1216     1.94457     2.00374  0.00325846
        1217     1.93943     2.00368  0.00325621
        1218     1.94493     2.00363   0.0032539
        1219     1.95548      2.0036  0.00325147
        1220     1.96486     2.00356  0.00324896
        1221     1.95474     2.00352  0.00324654
        1222     1.97737      2.0035  0.00324395
        1223     1.96229     2.00347  0.00324148
        1224     1.98265     2.00345  0.00323887
        1225     1.99901     2.00345  0.00323623
        1226     1.99334     2.00344   0.0032336
        1227     2.00905     2.00344  0.00323097
        1228     2.02435     2.00346  0.00322838
        1229     2.01184     2.00347  0.00322576
        1230     2.01753     2.00348  0.00322316
        1231     2.03282      2.0035  0.00322063
        1232     2.00328      2.0035  0.00321802
        1233     2.00455      2.0035  0.00321541
        1234      1.9907     2.00349  0.00321282
        1235      1.9959     2.00349  0.00321022
        1236      1.9723     2.00346  0.00320773
        1237     1.98737     2.00345  0.00320516
        1238     1.98148     2.00343  0.00320262
        1239        1.95     2.00339  0.00320032
        1240     1.94947     2.00334  0.00319804
        1241     1.91157     2.00327  0.00319632
        1242     1.94562     2.00322  0.00319408
        1243     1.90344     2.00314  0.00319252
        1244     1.93361     2.00309  0.00319044
        1245     1.94304     2.00304  0.00318824
        1246     1.93432     2.00298  0.00318616
        1247     1.95245     2.00294  0.00318387
        1248     1.94728      2.0029  0.00318163
        1249     1.91138     2.00283  0.00317992
        1250     1.92333     2.00276  0.00317801
        1251     1.89917     2.00268  0.00317655
        1252     1.89913      2.0026  0.00317509
        1253     1.90863     2.00252  0.00317344
        1254     1.89365     2.00244   0.0031721
        1255     1.91164     2.00236   0.0031704
        1256     1.92997     2.00231   0.0031684
        1257     1.92803     2.00225  0.00316643
        1258     1.94581      2.0022  0.00316423
        1259     1.95704     2.00217  0.00316192
        1260     1.96057     2.00213  0.00315958
        1261     1.94537     2.00209   0.0031574
        1262     1.96479     2.00206  0.00315503
        1263     1.96549     2.00203  0.00315267
        1264     1.91989     2.00196  0.00315084
        1265      1.9464     2.00192  0.00314866
        1266     1.93607     2.00187   0.0031466
        1267     1.94527     2.00182  0.00314444
        1268     1.91717     2.00176  0.00314266
        1269     1.92787      2.0017  0.00314073
        1270     1.91257     2.00163  0.00313904
        1271     1.92012     2.00156  0.00313722
        1272     1.89793     2.00148  0.00313581
        1273     1.95606     2.00145  0.00313355
        1274     1.95255     2.00141  0.00313133
        1275     1.97551     2.00139  0.00312894
        1276     2.00386     2.00139  0.00312649
        1277     1.99354     2.00138  0.00312405
        1278     2.00124     2.00138   0.0031216
        1279     1.98882     2.00137  0.00311918
        1280     1.99779     2.00137  0.00311674
        1281     1.96202     2.00134  0.00311446
        1282     1.94285      2.0013  0.00311236
        1283     1.96945     2.00127  0.00311004
        1284     1.94637     2.00123  0.00310791
        1285     1.94711     2.00119  0.00310578
        1286     1.94269     2.00114  0.00310369
        1287     1.96271     2.00111  0.00310143
        1288     1.94667     2.00107  0.00309931
        1289     1.95523     2.00103  0.00309711
        1290     1.98641     2.00102  0.00309472
        1291     1.96278     2.00099  0.00309247
        1292     1.98481     2.00098   0.0030901
        1293     1.95249     2.00094  0.00308794
        1294     1.94767      2.0009  0.00308583
        1295     1.96277     2.00087  0.00308358
        1296     1.97952     2.00085  0.00308125
        1297     1.95012     2.00082  0.00307912
        1298     1.97539      2.0008  0.00307681
        1299     1.96956     2.00077  0.00307454
        1300     1.95376     2.00074  0.00307239
        1301     1.94146     2.00069  0.00307036
        1302     1.92383     2.00063  0.00306857
        1303      1.9426     2.00059  0.00306654
        1304     1.93393     2.00054  0.00306461
        1305     1.94513     2.00049  0.00306256
        1306     1.94633     2.00045  0.00306049
        1307       1.967     2.00043  0.00305826
        1308     1.95659     2.00039  0.00305611
        1309      1.9792     2.00038  0.00305381
        1310     1.99352     2.00037  0.00305149
        1311     2.00225     2.00037  0.00304916
        1312     2.03283      2.0004  0.00304694
        1313     2.05092     2.00044  0.00304486
        1314     2.04795     2.00047  0.00304276
        1315     2.05803     2.00052  0.00304076
        1316      2.0023     2.00052  0.00303845
        1317      2.0253     2.00054   0.0030362
        1318     2.01506     2.00055  0.00303391
        1319     2.00318     2.00055  0.00303161
        1320     1.99272     2.00054  0.00302932
        1321     1.97707     2.00052  0.00302708
        1322     1.95784     2.00049  0.00302497
        1323     1.93706     2.00044  0.00302306
        1324     1.91624     2.00038  0.00302144
        1325     1.93467     2.00033  0.00301957
        1326     1.91863     2.00027  0.00301792
        1327     1.94537     2.00023  0.00301593
        1328     1.93151     2.00018   0.0030141
        1329     1.94422     2.00013  0.00301213
        1330     1.95541      2.0001  0.00301005
        1331     2.01749     2.00011  0.00300782
        1332     1.98035      2.0001   0.0030056
        1333     1.99801      2.0001  0.00300334
        1334     1.98527     2.00009  0.00300111
        1335     1.97471     2.00007  0.00299893
        1336      1.9709     2.00005  0.00299676
        1337     1.94976     2.00001  0.00299476
        1338     1.94086     1.99996  0.00299284
        1339     1.92638     1.99991  0.00299111
        1340     1.91442     1.99985  0.00298956
        1341     1.94358      1.9998  0.00298763
        1342     1.91519     1.99974  0.00298606
        1343     1.94205      1.9997  0.00298415
        1344     1.96066     1.99967  0.00298207
        1345     1.95845     1.99964  0.00298001
        1346     1.94771      1.9996  0.00297805
        1347     1.97427     1.99958   0.0029759
        1348     1.93439     1.99953  0.00297408
        1349     1.94741     1.99949  0.00297213
        1350     1.95293     1.99946  0.00297013
        1351     1.92254      1.9994  0.00296847
        1352     1.92775     1.99935  0.00296675
        1353     1.92773      1.9993  0.00296503
        1354     1.92001     1.99924  0.00296342
        1355      1.9192     1.99918  0.00296182
        1356     1.91592     1.99912  0.00296027
        1357     1.93191     1.99907   0.0029585
        1358     1.93135     1.99902  0.00295675
        1359     1.93731     1.99897  0.00295492
        1360      1.9488     1.99893  0.00295298
        1361     1.97821     1.99892  0.00295085
        1362     1.97491      1.9989  0.00294873
        1363     1.97955     1.99889   0.0029466
        1364      1.9828     1.99888  0.00294447
        1365     1.96632     1.99885  0.00294241
        1366      1.9816     1.99884  0.00294028
        1367      1.9542     1.99881  0.00293831
        1368     1.99467      1.9988  0.00293616
        1369     1.96851     1.99878   0.0029341
        1370     1.98783     1.99877  0.00293197
        1371     1.99488     1.99877  0.00292983
        1372     1.98074     1.99876  0.00292773
        1373     1.97372     1.99874  0.00292565
        1374     1.95067      1.9987  0.00292373
        1375     1.98248     1.99869  0.00292163
        1376     1.97856     1.99868  0.00291954
        1377     1.96186     1.99865  0.00291755
        1378     1.98779     1.99864  0.00291544
        1379     1.97215     1.99862  0.00291339
        1380     1.99609     1.99862  0.00291128
        1381     1.95554     1.99859  0.00290934
        1382     1.98557     1.99858  0.00290725
        1383     1.93544     1.99854   0.0029055
        1384     1.98248     1.99852  0.00290343
        1385     1.97388     1.99851  0.00290138
        1386     1.96683     1.99848  0.00289938
        1387     1.98073     1.99847  0.00289732
        1388     1.99673     1.99847  0.00289523
        1389     1.99001     1.99846  0.00289315
        1390     2.01387     1.99847  0.00289109
        1391     1.98937     1.99847  0.00288902
        1392     2.02452     1.99849  0.00288701
        1393     2.03029     1.99851  0.00288503
        1394     2.04421     1.99854  0.00288314
        1395     2.06972     1.99859  0.00288153
        1396     2.04741     1.99863  0.00287968
        1397     2.03581     1.99866  0.00287774
        1398     2.01606     1.99867  0.00287571
        1399     1.98988     1.99866  0.00287366
        1400     2.01493     1.99867  0.00287163
        1401     2.00932     1.99868  0.00286959
        1402     2.02593      1.9987  0.00286761
        1403     2.04419     1.99873  0.00286575
        1404     1.98625     1.99872  0.00286372
        1405     1.97491     1.99871  0.00286173
        1406      1.9765     1.99869  0.00285974
        1407     1.93986     1.99865  0.00285801
        1408     1.92258      1.9986  0.00285649
        1409     1.92917     1.99855  0.00285489
        1410      1.9524     1.99851  0.00285305
        1411     1.98139      1.9985  0.00285106
        1412     1.99666      1.9985  0.00284904
        1413     2.00402      1.9985  0.00284702
        1414     2.01675     1.99852  0.00284504
        1415      1.9676     1.99849  0.00284311
        1416     1.96477     1.99847  0.00284121
        1417     1.94513     1.99843  0.00283945
        1418     1.96613     1.99841  0.00283754
        1419     1.97429     1.99839  0.00283559
        1420     1.95067     1.99836  0.00283379
        1421     1.97894     1.99835  0.00283183
        1422     1.96561     1.99832  0.00282993
        1423     1.95441     1.99829  0.00282811
        1424     1.94682     1.99826  0.00282636
        1425      1.9671     1.99823  0.00282446
        1426     1.97058     1.99821  0.00282254
        1427     1.96113     1.99819  0.00282069
        1428     1.96548     1.99817   0.0028188
        1429     1.96818     1.99814  0.00281691
        1430     1.96286     1.99812  0.00281505
        1431     1.95052     1.99809  0.00281328
        1432     1.95731     1.99806  0.00281146
        1433       1.969     1.99804  0.00280957
        1434     1.94921       1.998  0.00280781
        1435     1.99346       1.998  0.00280586
        1436     1.98747     1.99799  0.00280392
        1437     1.96315     1.99797  0.00280207
        1438     1.96137     1.99794  0.00280024
        1439     1.95545     1.99791  0.00279845
        1440     1.95889     1.99789  0.00279663
        1441     1.92596     1.99784  0.00279514
        1442     1.92985     1.99779   0.0027936
        1443     1.93434     1.99775  0.00279201
        1444      1.9502     1.99771  0.00279027
        1445     1.94536     1.99768  0.00278857
        1446     1.96735     1.99766  0.00278672
        1447     1.96455     1.99763  0.00278489
        1448     1.97747     1.99762    0.002783
        1449      1.9754      1.9976  0.00278112
        1450     1.96362     1.99758  0.00277931
        1451     1.96648     1.99756  0.00277747
        1452     1.98171     1.99755  0.00277558
        1453     1.96442     1.99753  0.00277376
        1454     2.00107     1.99753  0.00277186
        1455      1.9808     1.99752  0.00276998
        1456     2.00244     1.99752  0.00276808
        1457     1.96505      1.9975  0.00276627
        1458     1.99389      1.9975  0.00276437
        1459     1.99174     1.99749  0.00276248
        1460     1.99502     1.99749  0.00276059
        1461     2.01266      1.9975  0.00275872
        1462     1.95552     1.99747  0.00275698
        1463      1.9943     1.99747   0.0027551
        1464     1.94001     1.99743  0.00275349
        1465     1.95977      1.9974  0.00275173
        1466     1.95999     1.99738  0.00274997
        1467     1.95566     1.99735  0.00274825
        1468     1.96101     1.99733  0.00274649
        1469     1.93295     1.99728  0.00274497
        1470      1.9341     1.99724  0.00274344
        1471     1.95353     1.99721  0.00274173
        1472     1.96764     1.99719  0.00273994
        1473     1.97937     1.99718  0.00273811
        1474      2.0132     1.99719  0.00273627
        1475     2.02672     1.99721  0.00273449
        1476     1.98845      1.9972  0.00273264
        1477     2.00756     1.99721   0.0027308
        1478     1.99603     1.99721  0.00272896
        1479      1.9859      1.9972  0.00272712
        1480      1.9677     1.99718  0.00272535
        1481     1.99002     1.99718  0.00272352
        1482     2.00575     1.99718  0.00272168
        1483     2.00523     1.99719  0.00271985
        1484     1.99247     1.99718  0.00271802
        1485     1.98394     1.99717  0.00271621
        1486     1.98461     1.99717  0.00271439
        1487     1.97369     1.99715  0.00271261
        1488     1.97256     1.99713  0.00271084
        1489     1.95738     1.99711  0.00270915
        1490     1.95487     1.99708  0.00270748
        1491     1.99762     1.99708  0.00270567
        1492     1.96679     1.99706  0.00270393
        1493     1.96575     1.99704   0.0027022
        1494     1.94147       1.997  0.00270065
        1495     1.91835     1.99695  0.00269935
        1496     1.91147     1.99689  0.00269815
        1497     1.90527     1.99683  0.00269704
        1498     1.90614     1.99677  0.00269592
        1499     1.93446     1.99673  0.00269445
        1500     1.96604     1.99671  0.00269273
        1501     2.01634     1.99672  0.00269096
        1502     2.04359     1.99675  0.00268935
        1503     2.05362     1.99679  0.00268783
        1504     2.02826     1.99681  0.00268613
        1505     2.01187     1.99682  0.00268436
        1506     1.99182     1.99682  0.00268258
        1507     1.99782     1.99682   0.0026808
        1508     1.98807     1.99681  0.00267903
        1509     1.98187      1.9968  0.00267727
        1510     1.96421     1.99678  0.00267558
        1511     1.96601     1.99676  0.00267389
        1512     1.95751     1.99673  0.00267225
        1513     1.96979     1.99672  0.00267054
        1514     1.95095     1.99669  0.00266895
        1515     1.94309     1.99665  0.00266742
        1516     1.94628     1.99662  0.00266587
        1517     1.93971     1.99658  0.00266438
        1518     1.96681     1.99656  0.00266269
        1519     1.93062     1.99652  0.00266129
        1520     1.98226     1.99651  0.00265956
        1521     1.93481     1.99647  0.00265812
        1522     1.97791     1.99645   0.0026564
        1523     1.96135     1.99643  0.00265476
        1524     1.95856     1.99641  0.00265313
        1525     1.97744     1.99639  0.00265142
        1526     1.93572     1.99635  0.00264998
        1527     1.97732     1.99634  0.00264828
        1528     1.95226     1.99631   0.0026467
        1529     1.94669     1.99628  0.00264517
        1530     1.92533     1.99623  0.00264384
        1531     1.93554     1.99619  0.00264242
        1532     1.92976     1.99615  0.00264105
        1533     1.92297      1.9961  0.00263975
        1534     1.94745     1.99607  0.00263822
        1535     1.97089     1.99606  0.00263656
        1536     1.99638     1.99606  0.00263484
        1537     1.99293     1.99605  0.00263313
        1538     2.03651     1.99608  0.00263155
        1539     2.04897     1.99611  0.00263006
        1540     2.01379     1.99613  0.00262838
        1541     1.99756     1.99613  0.00262667
        1542     1.98114     1.99612  0.00262499
        1543     1.98666     1.99611  0.00262329
        1544     1.96734     1.99609  0.00262166
        1545     1.94838     1.99606  0.00262014
        1546     1.96242     1.99604  0.00261854
        1547     1.98161     1.99603  0.00261686
        1548     1.95785     1.99601  0.00261529
        1549     2.00883     1.99601  0.00261361
        1550      2.0065     1.99602  0.00261194
        1551     2.00199     1.99602  0.00261026
        1552     1.99637     1.99602  0.00260857
        1553     1.97621     1.99601  0.00260693
        1554     1.97834       1.996  0.00260527
        1555     1.95844     1.99598  0.00260371
        1556     1.98762     1.99597  0.00260204
        1557     1.96324     1.99595  0.00260046
        1558     1.98655     1.99594  0.00259879
        1559     1.97528     1.99593  0.00259716
        1560     1.98168     1.99592  0.00259551
        1561     1.96865      1.9959  0.00259391
        1562     1.96279     1.99588  0.00259233
        1563     1.95586     1.99586   0.0025908
        1564     1.94456     1.99582  0.00258935
        1565      1.9085     1.99577   0.0025883
        1566     1.90782     1.99571  0.00258726
        1567     1.92255     1.99567  0.00258603
        1568     1.93597     1.99563  0.00258466
        1569     1.95861      1.9956  0.00258312
        1570     1.99007      1.9956  0.00258147
        1571       1.989      1.9956  0.00257983
        1572     1.99043     1.99559   0.0025782
        1573     1.97344     1.99558  0.00257659
        1574     1.99196     1.99558  0.00257496
        1575     1.96687     1.99556  0.00257339
        1576     2.00066     1.99556  0.00257176
        1577     2.02281     1.99558  0.00257019
        1578     2.04481     1.99561  0.00256875
        1579     2.06906     1.99566  0.00256754
        1580     2.03851     1.99568  0.00256606
        1581     2.03817     1.99571  0.00256458
        1582     2.04461     1.99574  0.00256314
        1583     2.02956     1.99576  0.00256161
        1584     2.00976     1.99577  0.00256001
        1585     2.02101     1.99579  0.00255844
        1586     2.03158     1.99581  0.00255693
        1587     1.99528     1.99581  0.00255532
        1588     1.98486      1.9958  0.00255372
        1589     1.97669     1.99579  0.00255214
        1590     1.97701     1.99578  0.00255056
        1591      1.9757     1.99577  0.00254899
        1592     1.96331     1.99575  0.00254747
        1593     1.98229     1.99574  0.00254589
        1594     1.98414     1.99573   0.0025443
        1595     2.01271     1.99574  0.00254273
        1596     2.00368     1.99575  0.00254114
        1597     2.03754     1.99577  0.00253968
        1598     2.05691     1.99581  0.00253838
        1599     2.01747     1.99582  0.00253683
        1600     2.03745     1.99585  0.00253538
        1601     1.98483     1.99584   0.0025338
        1602     1.99594     1.99584  0.00253222
        1603     1.99024     1.99584  0.00253064
        1604     1.98285     1.99583  0.00252908
        1605     2.00245     1.99584  0.00252751
        1606     1.98905     1.99583  0.00252594
        1607     1.99445     1.99583  0.00252436
        1608     2.01108     1.99584  0.00252281
        1609     1.96986     1.99582   0.0025213
        1610     2.01909     1.99584  0.00251977
        1611     1.99748     1.99584  0.00251821
        1612     1.98443     1.99583  0.00251666
        1613     2.00614     1.99584   0.0025151
        1614     2.02509     1.99586  0.00251361
        1615     2.04126     1.99589  0.00251221
        1616      2.0366     1.99591  0.00251078
        1617     2.02404     1.99593  0.00250929
        1618     2.01246     1.99594  0.00250776
        1619     2.01712     1.99595  0.00250625
        1620     2.01518     1.99596  0.00250473
        1621     1.96732     1.99595  0.00250324
        1622     1.97638     1.99593  0.00250173
        1623     1.97526     1.99592  0.00250022
        1624     1.97454     1.99591  0.00249872
        1625     1.94675     1.99588  0.00249736
        1626     1.97025     1.99586  0.00249587
        1627     1.98709     1.99586  0.00249435
        1628     1.96914     1.99584  0.00249287
        1629     1.95025     1.99581   0.0024915
        1630     1.96119     1.99579  0.00249006
        1631     1.93222     1.99575  0.00248884
        1632     1.93554     1.99571  0.00248758
        1633     1.94014     1.99568  0.00248629
        1634     1.93293     1.99564  0.00248507
        1635     1.93924     1.99561  0.00248379
        1636     1.92013     1.99556   0.0024827
        1637     1.92334     1.99552  0.00248157
        1638     1.92355     1.99547  0.00248045
        1639     1.89886     1.99541  0.00247963
        1640      1.9492     1.99539  0.00247828
        1641     1.94889     1.99536  0.00247693
        1642     1.95368     1.99533  0.00247556
        1643     2.01454     1.99534  0.00247408
        1644     1.99017     1.99534  0.00247257
        1645     1.96243     1.99532  0.00247115
        1646     2.00582     1.99533  0.00246966
        1647     1.99009     1.99532  0.00246816
        1648     1.99609     1.99532  0.00246666
        1649     1.96552     1.99531  0.00246523
        1650     1.95949     1.99528  0.00246384
        1651      1.9619     1.99526  0.00246243
        1652     1.95773     1.99524  0.00246104
        1653     1.97028     1.99523   0.0024596
        1654     1.97746     1.99522  0.00245813
        1655     1.96901      1.9952   0.0024567
        1656     1.95731     1.99518  0.00245532
        1657     1.96629     1.99516   0.0024539
        1658     1.96712     1.99514  0.00245248
        1659     1.96848     1.99513  0.00245106
        1660     1.99503     1.99513  0.00244958
        1661     1.97508     1.99511  0.00244813
        1662     1.98248     1.99511  0.00244667
        1663      1.9873      1.9951  0.00244521
        1664     1.99498      1.9951  0.00244374
        1665     2.02647     1.99512  0.00244234
        1666     2.02835     1.99514  0.00244096
        1667     2.04087     1.99517  0.00243965
        1668     2.01319     1.99518  0.00243821
        1669     2.03306      1.9952  0.00243685
        1670     2.03057     1.99522  0.00243549
        1671     2.01363     1.99523  0.00243405
        1672     2.04995     1.99527  0.00243282
        1673     2.02626     1.99529  0.00243143
        1674     2.02341      1.9953  0.00243004
        1675     2.01933     1.99532  0.00242863
        1676     2.02699     1.99534  0.00242725
        1677     2.02263     1.99535  0.00242586
        1678     2.03643     1.99538  0.00242454
        1679     2.02812      1.9954  0.00242317
        1680     2.01792     1.99541  0.00242177
        1681     1.98548      1.9954  0.00242034
        1682     1.99092      1.9954   0.0024189
        1683     1.95101     1.99537   0.0024176
        1684     1.95476     1.99535  0.00241629
        1685     1.94653     1.99532  0.00241503
        1686     1.93104     1.99528   0.0024139
        1687     1.93575     1.99525  0.00241272
        1688     1.94558     1.99522  0.00241147
        1689     1.95541     1.99519  0.00241016
        1690     1.96151     1.99517  0.00240882
        1691     1.96374     1.99516  0.00240747
        1692     1.97652     1.99515  0.00240607
        1693     1.98773     1.99514  0.00240465
        1694     1.99784     1.99514  0.00240323
        1695     2.01032     1.99515  0.00240183
        1696     2.01373     1.99516  0.00240044
        1697     2.02092     1.99518  0.00239907
        1698     2.00914     1.99519  0.00239767
        1699     2.01305      1.9952  0.00239629
        1700     1.99108     1.99519  0.00239488
        1701     1.98382     1.99519  0.00239348
        1702     1.97611     1.99518   0.0023921
        1703     1.94445     1.99515  0.00239088
        1704      1.9544     1.99512   0.0023896
        1705       1.955      1.9951  0.00238831
        1706      1.9569     1.99508  0.00238702
        1707     1.94182     1.99505  0.00238582
        1708      1.8976     1.99499  0.00238511
        1709     1.93531     1.99495  0.00238397
        1710     1.92228     1.99491  0.00238295
        1711     1.91346     1.99486  0.00238203
        1712     1.93453     1.99483   0.0023809
        1713     1.95129      1.9948  0.00237965
        1714     1.94888     1.99478  0.00237841
        1715     1.98131     1.99477  0.00237704
        1716     1.98447     1.99476  0.00237566
        1717     1.99745     1.99476  0.00237428
        1718     2.01479     1.99477  0.00237292
        1719     2.02052     1.99479  0.00237159
        1720     1.98662     1.99479  0.00237022
        1721     2.01579      1.9948  0.00236887
        1722      2.0128     1.99481  0.00236752
        1723     1.99716     1.99481  0.00236614
        1724     2.01509     1.99482   0.0023648
        1725     1.98707     1.99482  0.00236343
        1726     1.99266     1.99482  0.00236206
        1727     1.98422     1.99481  0.00236071
        1728     1.95738     1.99479  0.00235944
        1729     1.96636     1.99477  0.00235813
        1730     1.94486     1.99474  0.00235694
        1731     1.97573     1.99473  0.00235561
        1732     1.95971     1.99471  0.00235434
        1733     1.97288      1.9947  0.00235301
        1734     2.00554      1.9947  0.00235166
        1735     1.96161     1.99469  0.00235038
        1736     1.99634     1.99469  0.00234903
        1737     1.95703     1.99466  0.00234778
        1738     1.99096     1.99466  0.00234643
        1739     1.97147     1.99465  0.00234512
        1740      2.0046     1.99466  0.00234378
        1741     2.00179     1.99466  0.00234243
        1742     2.01031     1.99467  0.00234111
        1743     2.02366     1.99468  0.00233982
        1744     1.99501     1.99468  0.00233848
        1745     2.00974     1.99469  0.00233716
        1746     2.01685     1.99471  0.00233585
        1747     1.97327     1.99469  0.00233455
        1748     1.97813     1.99468  0.00233323
        1749     1.94508     1.99466  0.00233207
        1750     1.92915     1.99462  0.00233104
        1751     1.93223     1.99458  0.00232998
        1752     1.95353     1.99456  0.00232877
        1753     1.94656     1.99453   0.0023276
        1754     1.98233     1.99453  0.00232628
        1755     1.97339     1.99451  0.00232499
        1756     1.97934      1.9945  0.00232368
        1757      1.9855      1.9945  0.00232236
        1758      1.9973      1.9945  0.00232104
        1759     1.99654      1.9945  0.00231972
        1760     2.00997     1.99451  0.00231842
        1761     1.98612     1.99451  0.00231711
        1762     2.01926     1.99452  0.00231584
        1763     1.99844     1.99452  0.00231452
        1764     2.01623     1.99453  0.00231324
        1765     2.02123     1.99455  0.00231198
        1766     1.97026     1.99454  0.00231072
        1767     1.98901     1.99453  0.00230941
        1768     1.96397     1.99452  0.00230817
        1769     1.92568     1.99448  0.00230719
        1770     1.95101     1.99445  0.00230602
        1771     1.94312     1.99442   0.0023049
        1772     1.94286     1.99439  0.00230378
        1773     1.96243     1.99438  0.00230255
        1774     1.93565     1.99434  0.00230149
        1775      1.9414     1.99431  0.00230039
        1776     1.93622     1.99428  0.00229933
        1777     1.95892     1.99426  0.00229812
        1778     1.97594     1.99425  0.00229685
        1779      1.9673     1.99424  0.00229561
        1780     1.95383     1.99421  0.00229443
        1781     1.95687     1.99419  0.00229324
        1782     1.95969     1.99417  0.00229203
        1783     1.94998     1.99415  0.00229088
        1784     1.96153     1.99413  0.00228967
        1785     1.93628      1.9941  0.00228862
        1786     1.97101     1.99408  0.00228737
        1787     1.93394     1.99405  0.00228634
        1788     1.95203     1.99403  0.00228518
        1789     1.97555     1.99402  0.00228393
        1790     1.96644       1.994   0.0022827
        1791     2.00534     1.99401  0.00228144
        1792     1.99851     1.99401  0.00228017
        1793     2.01439     1.99402  0.00227892
        1794     2.03059     1.99404  0.00227774
        1795     1.99646     1.99404  0.00227648
        1796      2.0409     1.99407  0.00227536
        1797     2.03245     1.99409  0.00227419
        1798      2.0318     1.99411  0.00227302
        1799     2.01572     1.99412  0.00227179
        1800     2.02193     1.99414  0.00227058
        1801     1.98123     1.99413  0.00226933
        1802     2.00669     1.99414  0.00226808
        1803     1.96693     1.99412  0.00226688
        1804     1.97694     1.99411  0.00226564
        1805      1.9392     1.99408  0.00226459
        1806     1.96684     1.99407  0.00226339
        1807       1.955     1.99405  0.00226224
        1808     1.96796     1.99403  0.00226103
        1809     1.97327     1.99402  0.00225981
        1810     2.00423     1.99403  0.00225857
        1811     1.98673     1.99402  0.00225732
        1812     2.01158     1.99403   0.0022561
        1813     2.03353     1.99405  0.00225496
        1814     2.01976     1.99407  0.00225376
        1815     1.99696     1.99407  0.00225252
        1816     2.00595     1.99408  0.00225129
        1817     1.98054     1.99407  0.00225006
        1818     1.96748     1.99405  0.00224887
        1819     1.96105     1.99404  0.00224771
        1820     1.98846     1.99403  0.00224648
        1821     1.97224     1.99402  0.00224528
        1822     1.98616     1.99402  0.00224405
        1823     2.00943     1.99403  0.00224283
        1824     1.99387     1.99403   0.0022416
        1825     2.01457     1.99404   0.0022404
        1826     1.99991     1.99404  0.00223918
        1827     1.99807     1.99404  0.00223795
        1828     1.98831     1.99404  0.00223673
        1829      2.0195     1.99405  0.00223555
        1830     1.96161     1.99403   0.0022344
        1831     1.97471     1.99402   0.0022332
        1832     1.97797     1.99402    0.002232
        1833     1.98263     1.99401  0.00223079
        1834     1.97473       1.994   0.0022296
        1835     1.97559     1.99399  0.00222841
        1836     1.96653     1.99397  0.00222725
        1837     1.95055     1.99395  0.00222616
        1838     1.94287     1.99392  0.00222512
        1839     1.93984     1.99389  0.00222411
        1840     1.94456     1.99387  0.00222306
        1841     1.94936     1.99384  0.00222198
        1842     1.94814     1.99382  0.00222092
        1843     1.96408      1.9938  0.00221977
        1844     1.97902     1.99379  0.00221858
        1845       1.967     1.99378  0.00221742
        1846     1.99055     1.99378  0.00221622
        1847     1.98362     1.99377  0.00221503
        1848     2.02516     1.99379   0.0022139
        1849     1.94687     1.99376  0.00221285
        1850     1.96884     1.99375  0.00221169
        1851     1.96643     1.99373  0.00221054
        1852     1.96544     1.99372   0.0022094
        1853     1.94844     1.99369  0.00220835
        1854      1.9838     1.99369  0.00220716
        1855     1.96782     1.99368  0.00220602
        1856     1.95861     1.99366  0.00220491
        1857     1.95884     1.99364   0.0022038
        1858     1.96207     1.99362  0.00220268
        1859     1.94678      1.9936  0.00220164
        1860     1.96386     1.99358  0.00220051
        1861     1.95226     1.99356  0.00219944
        1862     1.98562     1.99355  0.00219827
        1863     1.99184     1.99355  0.00219709
        1864      1.9855     1.99355  0.00219591
        1865     1.99571     1.99355  0.00219474
        1866     2.01782     1.99356   0.0021936
        1867     2.02753     1.99358   0.0021925
        1868     1.99913     1.99358  0.00219133
        1869     2.00948     1.99359  0.00219017
        1870      2.0126      1.9936  0.00218902
        1871     1.98062      1.9936  0.00218786
        1872     1.98499     1.99359   0.0021867
        1873     1.98222     1.99358  0.00218554
        1874     2.00262     1.99359  0.00218438
        1875     2.01987      1.9936  0.00218326
        1876     2.04413     1.99363  0.00218226
        1877     2.02363     1.99365  0.00218116
        1878     2.03142     1.99367  0.00218009
        1879     2.02944     1.99369  0.00217901
        1880     2.05388     1.99372  0.00217809
        1881     2.04643     1.99375  0.00217711
        1882     2.07495     1.99379  0.00217638
        1883     2.05635     1.99382  0.00217548
        1884     2.08246     1.99387  0.00217483
        1885     2.09284     1.99392  0.00217431
        1886     2.08091     1.99397  0.00217365
        1887     2.09302     1.99402  0.00217313
        1888     2.04864     1.99405  0.00217217
        1889     2.07597     1.99409  0.00217146
        1890     2.04627     1.99412  0.00217048
        1891     2.05193     1.99415  0.00216955
        1892     2.04418     1.99418  0.00216856
        1893      2.0291      1.9942   0.0021675
        1894     2.02306     1.99421  0.00216641
        1895     2.00344     1.99422  0.00216527
        1896      1.9966     1.99422  0.00216413
        1897      1.9921     1.99422  0.00216299
        1898     2.00204     1.99422  0.00216185
        1899     2.00945     1.99423  0.00216073
        1900     1.97647     1.99422  0.00215961
        1901     1.97106     1.99421  0.00215851
        1902     1.97195     1.99419  0.00215741
        1903     1.96551     1.99418  0.00215632
        1904     1.92478     1.99414   0.0021555
        1905     1.92977     1.99411  0.00215463
        1906     1.92472     1.99407  0.00215381
        1907     1.94251     1.99405  0.00215285
        1908     1.93137     1.99401  0.00215197
        1909     1.96868       1.994  0.00215089
        1910      1.9742     1.99399  0.00214979
        1911     1.95196     1.99397  0.00214877
        1912     2.00946     1.99398  0.00214766
        1913     1.97232     1.99396  0.00214657
        1914     1.98918     1.99396  0.00214545
        1915      2.0134     1.99397  0.00214436
        1916       2.038     1.99399  0.00214336
        1917     2.02601     1.99401  0.00214231
        1918     2.01409     1.99402  0.00214121
        1919     2.00964     1.99403  0.00214011
        1920     1.96468     1.99401  0.00213905
        1921     1.97446       1.994  0.00213796
        1922     1.97454     1.99399  0.00213688
        1923      1.9772     1.99399  0.00213578
        1924      1.9889     1.99398  0.00213467
        1925     1.99665     1.99398  0.00213357
        1926     1.99732     1.99399  0.00213246
        1927     1.99349     1.99399  0.00213135
        1928     1.98904     1.99398  0.00213025
        1929     1.96433     1.99397   0.0021292
        1930     1.96104     1.99395  0.00212817
        1931     1.96366     1.99394  0.00212712
        1932     1.97954     1.99393  0.00212603
        1933     1.98102     1.99392  0.00212494
        1934      1.9916     1.99392  0.00212384
        1935     1.99973     1.99392  0.00212275
        1936     1.99206     1.99392  0.00212165
        1937     1.95733      1.9939  0.00212064
        1938     1.96438     1.99389   0.0021196
        1939     1.94054     1.99386  0.00211869
        1940     1.92732     1.99383  0.00211787
        1941     1.93836      1.9938  0.00211698
        1942     1.93953     1.99377  0.00211607
        1943     1.94244     1.99374  0.00211515
        1944      1.9463     1.99372   0.0021142
        1945     1.97298     1.99371  0.00211314
        1946     1.97288      1.9937  0.00211208
        1947     1.98358     1.99369    0.002111
        1948     1.99684     1.99369  0.00210992
        1949     2.01874     1.99371  0.00210887
        1950      1.9952     1.99371  0.00210779
        1951     2.03974     1.99373  0.00210684
        1952     2.05094     1.99376  0.00210597
        1953     2.00172     1.99376  0.00210489
        1954     2.06236      1.9938  0.00210411
        1955      2.0584     1.99383  0.00210329
        1956     2.03602     1.99385  0.00210233
        1957     2.06724     1.99389  0.00210159
        1958     2.03139     1.99391   0.0021006
        1959     2.06668     1.99395  0.00209986
        1960      2.0455     1.99397  0.00209895
        1961     2.00141     1.99398  0.00209789
        1962     2.00729     1.99398  0.00209683
        1963      2.0018     1.99399  0.00209576
        1964     1.98451     1.99398   0.0020947
        1965      2.0002     1.99399  0.00209364
        1966     1.96786     1.99397  0.00209261
        1967     2.01005     1.99398  0.00209157
        1968     1.98112     1.99398  0.00209051
        1969     1.98481     1.99397  0.00208946
        1970     1.99164     1.99397   0.0020884
        1971     2.00279     1.99397  0.00208734
        1972     2.02847     1.99399  0.00208636
        1973     2.04584     1.99402  0.00208547
        1974     2.00204     1.99402  0.00208441
        1975     2.04827     1.99405  0.00208354
        1976     1.98863     1.99405  0.00208249
        1977     1.98603     1.99404  0.00208144
        1978     1.98889     1.99404  0.00208039
        1979     2.00613     1.99405  0.00207934
        1980     1.97986     1.99404  0.00207831
        1981     1.96945     1.99403  0.00207729
        1982     1.94681       1.994  0.00207638
        1983     1.93455     1.99397  0.00207555
        1984     1.95023     1.99395  0.00207462
        1985     1.94697     1.99393  0.00207371
        1986     1.96367     1.99391  0.00207272
        1987     1.96942      1.9939  0.00207172
        1988     1.95726     1.99388  0.00207076
        1989     1.96824     1.99387  0.00206976
        1990     1.96201     1.99385  0.00206878
        1991     1.94757     1.99383  0.00206787
        1992     1.95623     1.99381  0.00206692
        1993     1.94693     1.99379  0.00206601
        1994     1.94988     1.99376   0.0020651
        1995     1.93945     1.99374  0.00206424
        1996      1.9424     1.99371  0.00206337
        1997     1.96037     1.99369   0.0020624
        1998     1.95122     1.99367  0.00206148
        1999     1.96788     1.99366  0.00206049
        2000     1.96288     1.99365  0.00205951
