#     BLOCK:   ACTUAL_KE:    KE_AVE:      ERROR:
           1     3.10935     3.10935           0
           2     3.20182     3.15558   0.0326944
           3     3.22166     3.17761   0.0282578
           4     3.26436      3.1993   0.0283187
           5     3.28434     3.21631   0.0272883
           6     3.16221     3.20729   0.0241839
           7     3.12628     3.19572   0.0233343
           8     3.03958      3.1762   0.0273891
           9     2.89737     3.14522   0.0380248
          10     2.81683     3.11238   0.0462789
          11     2.79515     3.08354   0.0502605
          12       2.661     3.04833   0.0570892
          13      2.6664     3.01895   0.0597814
          14     2.60962     2.98971   0.0622519
          15     2.56058      2.9611   0.0643407
          16     2.55403     2.93566   0.0651558
          17     2.50722     2.91046   0.0660176
          18     2.45994     2.88543   0.0669265
          19     2.44057     2.86202   0.0673752
          20     2.42791     2.84031    0.067412
          21     2.37393      2.8181   0.0677615
          22     2.32123     2.79552   0.0683418
          23     2.34162     2.77578   0.0681602
          24     2.27326     2.75484   0.0684609
          25     2.29006     2.73625   0.0682001
          26     2.28321     2.71883   0.0677664
          27     2.23179     2.70079   0.0676147
          28     2.23227     2.68406   0.0672386
          29      2.2227     2.66815   0.0667755
          30     2.20683     2.65277   0.0662966
          31     2.14265     2.63632   0.0661687
          32     2.18369     2.62217   0.0655953
          33     2.14137      2.6076   0.0652056
          34     2.14387     2.59396   0.0646985
          35     2.15357     2.58138   0.0640618
          36     2.13175     2.56889   0.0634881
          37     2.18085      2.5584   0.0626325
          38     2.17613     2.54834   0.0617869
          39     2.15745     2.53832   0.0610101
          40     2.15772      2.5288   0.0602222
          41     2.15743     2.51975   0.0594307
          42     2.14263     2.51077     0.05869
          43     2.17705     2.50301    0.057836
          44     2.19393     2.49598   0.0569465
          45      2.1922     2.48923   0.0560798
          46     2.21388     2.48325   0.0551792
          47     2.23062     2.47787   0.0542663
          48     2.17654     2.47159   0.0534976
          49     2.20539     2.46616    0.052681
          50     2.17026     2.46024   0.0519587
          51     2.13235     2.45381   0.0513361
          52     2.11789     2.44735   0.0507537
          53     2.09479      2.4407   0.0502301
          54     2.08631     2.43414   0.0497268
          55     2.08136     2.42772   0.0492346
          56     2.09024      2.4217   0.0487229
          57     2.06775     2.41549   0.0482622
          58     2.09723        2.41    0.047741
          59     2.09401     2.40464   0.0472313
          60     2.08079     2.39925   0.0467515
          61     2.07201     2.39388   0.0462918
          62     2.07817     2.38879   0.0458244
          63     2.08233     2.38393   0.0453545
          64     2.10223     2.37952   0.0448589
          65     2.06942     2.37475   0.0444217
          66     2.15159     2.37137   0.0438772
          67     2.13412     2.36783    0.043365
          68     2.14933     2.36462   0.0428461
          69      2.1392     2.36135   0.0423495
          70      2.1473     2.35829   0.0418548
          71     2.11637     2.35489   0.0414038
          72     2.13089     2.35177   0.0409454
          73     2.14927       2.349   0.0404784
          74     2.14053     2.34618   0.0400293
          75     2.18868     2.34408   0.0395506
          76      2.2003     2.34219   0.0390754
          77     2.20009     2.34035   0.0386115
          78      2.1921     2.33845   0.0381633
          79     2.19788     2.33667   0.0377216
          80     2.19868     2.33494   0.0372895
          81     2.19677     2.33324   0.0368682
          82     2.16934     2.33124   0.0364727
          83      2.1712     2.32931   0.0360842
          84     2.16631     2.32737   0.0357067
          85     2.14246     2.32519   0.0353529
          86     2.12341     2.32285   0.0350196
          87     2.13275     2.32066   0.0346851
          88     2.11717     2.31835    0.034368
          89     2.19554     2.31697   0.0340095
          90     2.17676     2.31541   0.0336673
          91      2.1948     2.31409   0.0333234
          92     2.21965     2.31306    0.032977
          93     2.19009     2.31174   0.0326489
          94     2.15501     2.31007   0.0323441
          95     2.19425     2.30885   0.0320266
          96     2.14583     2.30715    0.031738
          97     2.13052     2.30533    0.031463
          98     2.13333     2.30358   0.0311909
          99     2.10988     2.30162   0.0309371
         100     2.08889     2.29949   0.0307008
         101     2.11789     2.29769   0.0304494
         102     2.09056     2.29566   0.0302186
         103     2.07316      2.2935   0.0300023
         104     2.06019     2.29126   0.0297976
         105     2.07316     2.28918   0.0295861
         106     2.05618     2.28698   0.0293885
         107     2.04303      2.2847   0.0292022
         108     2.03891     2.28243   0.0290203
         109     2.02062     2.28003   0.0288533
         110     2.04129     2.27786   0.0286725
         111     2.03451     2.27566   0.0284979
         112     2.04031     2.27356   0.0283208
         113     2.02702     2.27138   0.0281541
         114     2.04778     2.26942   0.0279754
         115     2.06724     2.26766   0.0277873
         116     2.04887     2.26578   0.0276117
         117     2.11819     2.26451   0.0274045
         118     2.11234     2.26322   0.0272026
         119     2.09061     2.26177   0.0270126
         120     2.09937     2.26042   0.0268214
         121     2.09275     2.25903   0.0266355
         122     2.09051     2.25765    0.026453
         123     2.11584      2.2565    0.026263
         124     2.13333     2.25551     0.02607
         125     2.13081     2.25451   0.0258805
         126     2.12909     2.25351   0.0256943
         127     2.13667     2.25259   0.0255084
         128     2.12283     2.25158   0.0253293
         129     2.12864     2.25063   0.0251508
         130     2.10837     2.24953   0.0249812
         131     2.09676     2.24837   0.0248177
         132     2.05714     2.24692   0.0246719
         133     2.08491      2.2457   0.0245165
         134     2.07566     2.24443   0.0243663
         135      2.0855     2.24325   0.0242143
         136     2.08806     2.24211   0.0240631
         137     2.10044     2.24108   0.0239097
         138     2.16106      2.2405   0.0237434
         139     2.11337     2.23958   0.0235902
         140     2.15883     2.23901   0.0234288
         141     2.11624     2.23814   0.0232788
         142     2.09188     2.23711   0.0231376
         143     2.09164     2.23609   0.0229982
         144      2.0864     2.23505   0.0228619
         145     2.05491     2.23381    0.022738
         146     2.09801     2.23288   0.0226013
         147     2.07577     2.23181   0.0224728
         148       2.086     2.23082   0.0223425
         149     2.08471     2.22984   0.0222141
         150     2.08247     2.22886   0.0220877
         151     2.05509     2.22771   0.0219714
         152     2.05415     2.22657   0.0218565
         153     2.04041     2.22535   0.0217475
         154     2.03613     2.22412   0.0216409
         155      2.0661      2.2231   0.0215253
         156     2.06678      2.2221   0.0214106
         157     2.08293     2.22121   0.0212926
         158      2.0663     2.22023   0.0211804
         159     2.05099     2.21917   0.0210739
         160     2.05962     2.21817   0.0209658
         161     2.02885       2.217   0.0208685
         162     2.04369     2.21593   0.0207671
         163     1.98807     2.21453   0.0206867
         164     2.02489     2.21337   0.0205929
         165     2.02382     2.21222   0.0205001
         166     2.02411     2.21109   0.0204079
         167      1.9913     2.20977   0.0203281
         168     2.03235     2.20872   0.0202345
         169     2.02272     2.20762   0.0201447
         170     2.01056     2.20646   0.0200595
         171     2.02916     2.20542    0.019969
         172     2.02367     2.20436   0.0198808
         173     2.01163     2.20325   0.0197971
         174      1.9897     2.20202   0.0197213
         175      1.9759     2.20073   0.0196509
         176     1.95762     2.19935   0.0195877
         177     1.94643     2.19792   0.0195291
         178     1.95443     2.19655   0.0194672
         179      1.9625     2.19525   0.0194024
         180      1.9649     2.19397   0.0193367
         181     1.98571     2.19282   0.0192641
         182     1.97926     2.19164   0.0191939
         183     1.99126     2.19055   0.0191203
         184     2.00174     2.18952   0.0190439
         185     2.01729     2.18859   0.0189637
         186     2.00712     2.18761   0.0188868
         187     1.99024     2.18656   0.0188153
         188      1.9682      2.1854    0.018751
         189     1.94834     2.18414   0.0186937
         190     1.94027     2.18286   0.0186393
         191     1.95073     2.18164   0.0185813
         192     1.96307     2.18051   0.0185194
         193     1.95699     2.17935   0.0184596
         194     1.91209     2.17797   0.0184158
         195     1.93601     2.17673   0.0183631
         196     1.90465     2.17534   0.0183218
         197     1.89273     2.17391   0.0182849
         198     1.91489      2.1726   0.0182392
         199     1.92605     2.17136   0.0181896
         200     1.88335     2.16992   0.0181556
         201     1.92852     2.16872   0.0181049
         202     1.93098     2.16754   0.0180535
         203     1.97059     2.16657   0.0179906
         204     1.96685     2.16559   0.0179291
         205     1.97881     2.16468   0.0178647
         206     1.99583     2.16386   0.0177968
         207     1.95574     2.16286   0.0177392
         208     1.95781     2.16187   0.0176813
         209     1.91737      2.1607   0.0176354
         210     1.91558     2.15953     0.01759
         211     1.92087      2.1584   0.0175429
         212     1.90862     2.15722   0.0174997
         213     1.89999     2.15602   0.0174592
         214     1.92462     2.15493    0.017411
         215     1.91407     2.15381   0.0173661
         216     1.92672     2.15276   0.0173175
         217     1.94583     2.15181   0.0172639
         218     1.96582     2.15096   0.0172058
         219     1.96095     2.15009   0.0171491
         220     1.92871     2.14908   0.0171006
         221     1.94508     2.14816   0.0170481
         222     1.95358     2.14728   0.0169939
         223      1.9468     2.14638   0.0169414
         224     1.97479     2.14562   0.0168831
         225     1.97381     2.14485   0.0168253
         226     1.97591     2.14411   0.0167675
         227     1.95641     2.14328    0.016714
         228     1.98495     2.14259   0.0166551
         229     1.96914     2.14183   0.0165996
         230     1.98279     2.14114   0.0165418
         231     1.96581     2.14038   0.0164876
         232     1.98009     2.13969    0.016431
         233     1.96156     2.13892   0.0163782
         234     2.00571     2.13835   0.0163181
         235     2.00355     2.13778   0.0162588
         236     2.01597     2.13726   0.0161981
         237     2.01509     2.13675   0.0161379
         238      2.0052     2.13619   0.0160796
         239     2.00228     2.13563   0.0160221
         240     1.97287     2.13496   0.0159697
         241     1.98138     2.13432   0.0159161
         242     1.95794     2.13359    0.015867
         243     1.96881     2.13291   0.0158162
         244     1.93449      2.1321   0.0157723
         245     1.94694     2.13134    0.015726
         246     1.95179     2.13061    0.015679
         247     1.92206     2.12977   0.0156382
         248     1.95479     2.12906   0.0155911
         249     1.92246     2.12823   0.0155505
         250     1.94784     2.12751   0.0155051
         251     1.94324     2.12678   0.0154607
         252     1.94524     2.12606   0.0154161
         253     1.94397     2.12534   0.0153719
         254     1.94788     2.12464   0.0153273
         255     1.96681     2.12402   0.0152797
         256     1.95468     2.12336   0.0152343
         257     1.97929      2.1228   0.0151853
         258     1.95803     2.12216   0.0151399
         259     1.94764     2.12149   0.0150964
         260     1.93892     2.12078   0.0150547
         261       1.927     2.12004   0.0150153
         262        1.94     2.11935   0.0149737
         263     1.95745     2.11874   0.0149294
         264     1.97527     2.11819   0.0148828
         265     1.98318     2.11769   0.0148353
         266     1.97118     2.11713   0.0147898
         267     1.99183     2.11667   0.0147418
         268     1.96686     2.11611   0.0146974
         269     1.97131     2.11557   0.0146526
         270     1.99435     2.11512   0.0146052
         271     1.99582     2.11468    0.014558
         272     1.96744     2.11414   0.0145145
         273     1.94888     2.11353    0.014474
         274     1.94159      2.1129   0.0144347
         275     1.92652     2.11223   0.0143981
         276     1.92309     2.11154   0.0143623
         277     1.93457      2.1109   0.0143246
         278     1.95708     2.11035   0.0142838
         279     1.96254     2.10982   0.0142424
         280     1.97714     2.10935   0.0141994
         281     1.96476     2.10883   0.0141582
         282     2.00498     2.10846   0.0141128
         283     2.00259     2.10809   0.0140679
         284     2.01259     2.10775   0.0140224
         285     1.99033     2.10734   0.0139792
         286     2.04149     2.10711   0.0139322
         287     1.99993     2.10674   0.0138887
         288     2.02759     2.10646   0.0138432
         289     2.02649     2.10619   0.0137981
         290     2.02013     2.10589   0.0137537
         291     2.01004     2.10556   0.0137103
         292     2.00551     2.10522   0.0136677
         293     1.97205     2.10476   0.0136286
         294     1.97954     2.10434   0.0135889
         295     1.98229     2.10392   0.0135491
         296     1.97777      2.1035     0.01351
         297      1.9757     2.10307   0.0134714
         298     1.96607     2.10261    0.013434
         299      1.9738     2.10218    0.013396
         300      1.9467     2.10166   0.0133614
         301     1.99813     2.10131   0.0133214
         302     1.95266     2.10082   0.0132864
         303     1.97117     2.10039   0.0132494
         304     1.95429     2.09991   0.0132146
         305     1.98741     2.09954   0.0131764
         306     1.97339     2.09913   0.0131398
         307     1.98498     2.09876   0.0131022
         308     1.98391     2.09839    0.013065
         309     2.01273     2.09811   0.0130257
         310     1.99195     2.09777   0.0129881
         311     1.98789     2.09741   0.0129512
         312     2.02538     2.09718   0.0129117
         313     2.00419     2.09689   0.0128739
         314      2.0358     2.09669   0.0128344
         315     2.04642     2.09653   0.0127946
         316     2.05031     2.09639    0.012755
         317     2.06659     2.09629   0.0127151
         318     2.02814     2.09608   0.0126769
         319     2.07393     2.09601   0.0126373
         320     2.00376     2.09572   0.0126011
         321     2.02651      2.0955   0.0125637
         322     1.98305     2.09515   0.0125296
         323      1.9883     2.09482   0.0124951
         324     1.99543     2.09452   0.0124603
         325     1.98047     2.09417   0.0124269
         326     1.98963     2.09385    0.012393
         327     1.99268     2.09354   0.0123589
         328      1.9948     2.09324   0.0123249
         329     2.00598     2.09297   0.0122903
         330     2.00429      2.0927    0.012256
         331      2.0291     2.09251   0.0122205
         332      1.9976     2.09222    0.012187
         333     2.02607     2.09202    0.012152
         334     2.01278     2.09179    0.012118
         335     2.02543     2.09159   0.0120834
         336     1.98006     2.09126    0.012052
         337     2.01714     2.09104   0.0120182
         338     2.02594     2.09084   0.0119842
         339     2.03517     2.09068     0.01195
         340     2.03739     2.09052   0.0119159
         341     2.05609     2.09042   0.0118814
         342     2.10476     2.09046   0.0118467
         343     2.07428     2.09042   0.0118123
         344     2.08078     2.09039   0.0117779
         345      2.0566     2.09029   0.0117442
         346     2.03094     2.09012   0.0117115
         347     2.01124     2.08989     0.01168
         348     1.97468     2.08956   0.0116511
         349     2.01527     2.08935   0.0116197
         350      1.9947     2.08908   0.0115896
         351     2.03975     2.08894   0.0115574
         352     2.03908      2.0888   0.0115255
         353     2.02633     2.08862   0.0114942
         354      2.0552     2.08852   0.0114621
         355     2.02368     2.08834   0.0114313
         356     2.02841     2.08817   0.0114004
         357     2.04557     2.08805   0.0113691
         358     2.07159     2.08801   0.0113374
         359     2.07027     2.08796    0.011306
         360     2.06309     2.08789   0.0112748
         361     2.04197     2.08776   0.0112442
         362      2.0373     2.08762   0.0112141
         363     2.01086     2.08741   0.0111852
         364     2.02165     2.08723   0.0111559
         365     2.02573     2.08706   0.0111266
         366     2.03863     2.08693    0.011097
         367     2.04717     2.08682   0.0110673
         368     2.06275     2.08676   0.0110374
         369     2.05917     2.08668   0.0110077
         370     2.07161     2.08664   0.0109781
         371     2.08141     2.08663   0.0109485
         372     2.07604      2.0866   0.0109191
         373     2.06516     2.08654     0.01089
         374     2.04414     2.08643   0.0108614
         375     2.01183     2.08623   0.0108343
         376      2.0043     2.08601   0.0108077
         377     1.99607     2.08577   0.0107816
         378     1.99639     2.08554   0.0107557
         379     1.98848     2.08528   0.0107304
         380     1.99492     2.08504   0.0107048
         381     2.02477     2.08488   0.0106778
         382     2.01186     2.08469   0.0106516
         383     2.03189     2.08455   0.0106247
         384      2.0077     2.08435   0.0105989
         385     2.01427     2.08417   0.0105729
         386      2.0145     2.08399   0.0105471
         387     1.96993      2.0837   0.0105239
         388       2.003     2.08349   0.0104989
         389     1.98733     2.08324   0.0104748
         390     1.97875     2.08297   0.0104514
         391      1.9875     2.08273   0.0104275
         392     1.99376      2.0825   0.0104034
         393     2.01216     2.08232   0.0103784
         394     2.02499     2.08218   0.0103531
         395     2.01442     2.08201   0.0103283
         396     2.07959       2.082   0.0103022
         397     2.06029     2.08195   0.0102764
         398     2.06307      2.0819   0.0102507
         399     2.05844     2.08184   0.0102252
         400     2.04007     2.08174   0.0102002
         401      2.0269      2.0816   0.0101756
         402     2.03284     2.08148   0.0101511
         403      2.0238     2.08133   0.0101269
         404     2.01678     2.08117   0.0101031
         405     1.98128     2.08093   0.0100811
         406     1.99426     2.08071   0.0100586
         407     1.96424     2.08043   0.0100379
         408      1.9591     2.08013   0.0100177
         409      1.9586     2.07983  0.00999763
         410     1.93282     2.07948  0.00997967
         411     1.93702     2.07913  0.00996141
         412     1.93426     2.07878  0.00994344
         413      1.9179     2.07839  0.00992699
         414     1.91878       2.078  0.00991049
         415     1.91068      2.0776  0.00989481
         416     1.90914     2.07719  0.00987931
         417     1.95316      2.0769  0.00986009
         418     1.94181     2.07657   0.0098418
         419     1.98215     2.07635  0.00982089
         420     1.94973     2.07605  0.00980213
         421     1.96911     2.07579  0.00978214
         422     1.98901     2.07559  0.00976112
         423     1.96122     2.07532  0.00974179
         424     1.99518     2.07513  0.00972064
         425     1.96537     2.07487   0.0097012
         426     1.97549     2.07464  0.00968123
         427     2.00745     2.07448  0.00965984
         428     1.97643     2.07425  0.00963999
         429     2.01301     2.07411  0.00961857
         430     2.02127     2.07398  0.00959699
         431     2.01524     2.07385  0.00957569
         432     1.98807     2.07365  0.00955558
         433     1.95677     2.07338  0.00953732
         434     1.95514     2.07311  0.00951924
         435     1.93717     2.07279  0.00950248
         436      1.9327     2.07247  0.00948612
         437     1.94101     2.07217  0.00946918
         438     1.96462     2.07193  0.00945075
         439     1.93985     2.07163  0.00943401
         440     1.94145     2.07133   0.0094172
         441     1.93064     2.07101  0.00940125
         442     1.92123     2.07067  0.00938609
         443     1.91879     2.07033  0.00937116
         444     1.92957     2.07001  0.00935541
         445     1.92268     2.06968  0.00934025
         446       1.943      2.0694  0.00932362
         447      1.9395     2.06911  0.00930729
         448     1.92833     2.06879  0.00929182
         449      1.9536     2.06854  0.00927467
         450     1.95129     2.06827  0.00925771
         451     1.95294     2.06802  0.00924072
         452     1.95588     2.06777   0.0092236
         453     1.96397     2.06754  0.00920609
         454     1.92517     2.06723  0.00919115
         455     1.93125     2.06693  0.00917581
         456      1.9139     2.06659  0.00916182
         457     1.92925     2.06629   0.0091467
         458     1.95762     2.06606  0.00912981
         459     1.96335     2.06583  0.00911266
         460     1.95401     2.06559  0.00909609
         461     1.96395     2.06537  0.00907903
         462     1.95381     2.06513  0.00906259
         463     1.94909     2.06488  0.00904648
         464     1.96038     2.06465  0.00902979
         465     1.95092     2.06441  0.00901368
         466     1.99749     2.06426  0.00899548
         467     2.04494     2.06422  0.00897631
         468     2.04887     2.06419  0.00895719
         469     2.04327     2.06414  0.00893821
         470     2.05905     2.06413  0.00891919
         471     2.04471     2.06409  0.00890035
         472     2.03895     2.06404  0.00888166
         473     2.01407     2.06393  0.00886351
         474     1.98125     2.06376  0.00884652
         475     1.94572     2.06351  0.00883139
         476     1.93152     2.06323  0.00881719
         477     1.93018     2.06295  0.00880311
         478     1.92624     2.06267  0.00878934
         479     1.92213     2.06237  0.00877589
         480     1.93903     2.06212  0.00876137
         481     1.94408     2.06187  0.00874659
         482     1.93657     2.06161   0.0087323
         483     1.95738      2.0614  0.00871689
         484     1.95314     2.06117  0.00870175
         485     1.95091     2.06095  0.00868678
         486     1.97164     2.06076  0.00867085
         487     1.96119     2.06056  0.00865545
         488     1.95766     2.06035  0.00864028
         489     1.92952     2.06008  0.00862676
         490      1.9172     2.05979  0.00861408
         491     1.91097     2.05948  0.00860186
         492     1.88864     2.05914  0.00859139
         493     1.92937     2.05887  0.00857799
         494     1.92624     2.05861  0.00856483
         495     1.92652     2.05834  0.00855168
         496     1.93238     2.05808  0.00853821
         497     1.91089     2.05779  0.00852616
         498     1.92649     2.05752  0.00851312
         499     1.92081     2.05725  0.00850047
         500     1.89204     2.05692  0.00848988
         501     1.92052     2.05665   0.0084773
         502     1.93415      2.0564  0.00846393
         503     1.93059     2.05615   0.0084508
         504     1.91449     2.05587   0.0084387
         505     1.98124     2.05573  0.00842328
         506     1.98511     2.05559  0.00840779
         507     1.98767     2.05545  0.00839228
         508     1.98595     2.05531  0.00837687
         509     1.98471     2.05518  0.00836156
         510      1.9692     2.05501  0.00834687
         511     1.93222     2.05477  0.00833399
         512     1.93381     2.05453  0.00832106
         513     1.90834     2.05425  0.00830972
         514     1.89487     2.05394  0.00829934
         515     1.89085     2.05362  0.00828926
         516     1.91773     2.05336  0.00827738
         517     1.92039      2.0531  0.00826536
         518     1.94211     2.05288  0.00825218
         519     1.97085     2.05273   0.0082378
         520     1.94728     2.05252  0.00822445
         521     1.96316     2.05235  0.00821045
         522     1.94261     2.05214  0.00819741
         523     1.96786     2.05198  0.00818332
         524     1.93638     2.05176  0.00817068
         525     1.96843      2.0516  0.00815666
         526     1.96602     2.05144  0.00814277
         527     1.93702     2.05122  0.00813022
         528     1.96963     2.05107  0.00811629
         529     2.00276     2.05098  0.00810146
         530      1.9789     2.05084  0.00808731
         531     2.01041     2.05076  0.00807244
         532     1.98753     2.05064  0.00805814
         533     1.99559     2.05054  0.00804369
         534     1.95413     2.05036  0.00803065
         535     1.95031     2.05017  0.00801782
         536     1.95303     2.04999  0.00800491
         537     1.96004     2.04983  0.00799175
         538     1.98778     2.04971  0.00797773
         539     2.00348     2.04962  0.00796339
         540     2.00448     2.04954  0.00794908
         541     1.99078     2.04943  0.00793513
         542      1.9699     2.04929  0.00792185
         543     1.96988     2.04914  0.00790861
         544     1.97139       2.049  0.00789536
         545     1.97027     2.04885  0.00788219
         546     1.94655     2.04866  0.00786998
         547     1.97793     2.04853  0.00785666
         548     1.97976     2.04841  0.00784332
         549     1.99057      2.0483  0.00782974
         550     1.99466     2.04821  0.00781612
         551     2.01512     2.04815  0.00780216
         552      2.0111     2.04808  0.00778832
         553     2.02603     2.04804  0.00777433
         554     2.02377       2.048  0.00776042
         555     2.01164     2.04793  0.00774672
         556     2.03265      2.0479  0.00773283
         557     2.02169     2.04786  0.00771909
         558     2.04482     2.04785  0.00770526
         559     2.02282     2.04781  0.00769161
         560     2.00834     2.04773   0.0076782
         561      2.0065     2.04766  0.00766486
         562     1.97077     2.04752  0.00765244
         563     1.97435     2.04739  0.00763996
         564     1.98447     2.04728  0.00762722
         565     1.99413     2.04719   0.0076143
         566     1.99933      2.0471  0.00760132
         567     2.00221     2.04703  0.00758833
         568     2.01666     2.04697  0.00757516
         569     1.98036     2.04685  0.00756275
         570     1.98859     2.04675  0.00755017
         571     1.98202     2.04664   0.0075378
         572     1.97354     2.04651   0.0075257
         573     2.00948     2.04645  0.00751285
         574     1.99058     2.04635  0.00750039
         575     2.01228     2.04629  0.00748758
         576     2.01678     2.04624  0.00747475
         577     1.98407     2.04613  0.00746258
         578     1.94987     2.04596  0.00745152
         579      1.9638     2.04582  0.00744001
         580     1.93979     2.04564  0.00742942
         581     1.93394     2.04545  0.00741912
         582     1.94223     2.04527   0.0074085
         583     1.92596     2.04507  0.00739861
         584     1.94317     2.04489    0.007388
         585     1.96701     2.04476  0.00737657
         586     1.95725     2.04461   0.0073655
         587     1.96404     2.04447  0.00735423
         588     1.95803     2.04432  0.00734319
         589     1.98657     2.04423  0.00733138
         590     2.00068     2.04415  0.00731932
         591     1.99764     2.04407  0.00730736
         592     2.03083     2.04405  0.00729505
         593     2.01429       2.044  0.00728292
         594      2.0248     2.04397  0.00727073
         595     2.01282     2.04392   0.0072587
         596     2.00615     2.04385   0.0072468
         597     2.00599     2.04379  0.00723494
         598        1.98     2.04368  0.00722362
         599     1.98065     2.04358  0.00721233
         600     2.00426     2.04351  0.00720061
         601     1.96372     2.04338  0.00718985
         602     1.98506     2.04328  0.00717856
         603     2.00385     2.04322  0.00716695
         604     2.00827     2.04316  0.00715532
         605      2.0065      2.0431  0.00714375
         606     1.99878     2.04303  0.00713234
         607     1.97648     2.04292  0.00712143
         608     1.98467     2.04282  0.00711036
         609     1.97887     2.04272  0.00709946
         610     1.99888     2.04264  0.00708819
         611     2.00661     2.04258  0.00707683
         612     2.03195     2.04257  0.00706529
         613     1.98418     2.04247  0.00705441
         614     2.00981     2.04242  0.00704312
         615     2.04141     2.04242  0.00703166
         616     2.02887     2.04239  0.00702028
         617     2.02879     2.04237  0.00700894
         618      2.0262     2.04235  0.00699765
         619     2.03641     2.04234  0.00698635
         620     2.00769     2.04228   0.0069753
         621     2.02276     2.04225  0.00696414
         622     2.00835      2.0422  0.00695316
         623     2.01125     2.04215  0.00694218
         624      1.9935     2.04207  0.00693149
         625     1.99292     2.04199  0.00692084
         626     2.00893     2.04194  0.00690999
         627     1.97178     2.04182  0.00689988
         628     1.97915     2.04172  0.00688961
         629     1.97004     2.04161   0.0068796
         630     2.00629     2.04155  0.00686891
         631     1.97246     2.04145  0.00685889
         632     1.97553     2.04134  0.00684884
         633     1.97891     2.04124  0.00683873
         634     1.94096     2.04108  0.00682977
         635     1.95716     2.04095  0.00682029
         636     1.95295     2.04081  0.00681097
         637     1.97037      2.0407  0.00680118
         638     1.96502     2.04058  0.00679155
         639     1.99019     2.04051  0.00678138
         640     1.98283     2.04042  0.00677138
         641     1.96878      2.0403  0.00676174
         642     1.96718     2.04019  0.00675217
         643     1.97473     2.04009  0.00674243
         644     1.96533     2.03997  0.00673296
         645      1.9256     2.03979  0.00672486
         646     1.96458     2.03968  0.00671546
         647       1.962     2.03956  0.00670615
         648     1.94819     2.03942  0.00669729
         649     1.92428     2.03924  0.00668931
         650     1.94483     2.03909   0.0066806
         651     1.91799     2.03891  0.00667293
         652     1.91922     2.03872  0.00666522
         653      1.9297     2.03856   0.0066571
         654     1.94601     2.03842  0.00664843
         655     1.94945     2.03828  0.00663966
         656     1.96435     2.03817   0.0066305
         657     1.93904     2.03802  0.00662212
         658     1.96324      2.0379  0.00661303
         659     1.95671     2.03778  0.00660415
         660     1.92999     2.03762  0.00659616
         661     1.94441     2.03748  0.00658769
         662     1.94334     2.03733  0.00657927
         663     1.94557      2.0372   0.0065708
         664     1.95397     2.03707   0.0065621
         665     1.96626     2.03696   0.0065531
         666     1.97099     2.03686  0.00654401
         667     1.98273     2.03678   0.0065347
         668     1.96773     2.03668  0.00652573
         669     1.99422     2.03662  0.00651629
         670     1.99481     2.03655  0.00650686
         671     1.97816     2.03647  0.00649775
         672     1.99183      2.0364  0.00648842
         673     2.01384     2.03637  0.00647886
         674     2.02076     2.03634  0.00646929
         675     2.01532     2.03631  0.00645978
         676     2.02939      2.0363  0.00645023
         677      2.0258     2.03629  0.00644072
         678     2.03045     2.03628  0.00643123
         679     2.02605     2.03626  0.00642178
         680     2.03021     2.03625  0.00641234
         681     1.98624     2.03618  0.00640334
         682     1.99611     2.03612  0.00639422
         683     1.99088     2.03606  0.00638521
         684     1.95639     2.03594  0.00637693
         685     1.98093     2.03586  0.00636813
         686     2.00241     2.03581  0.00635903
         687     1.98176     2.03573  0.00635026
         688     1.97269     2.03564  0.00634169
         689     2.01187     2.03561  0.00633258
         690     1.99559     2.03555  0.00632367
         691     1.98772     2.03548   0.0063149
         692     1.99805     2.03542    0.006306
         693     1.99769     2.03537  0.00629714
         694     2.01802     2.03534  0.00628812
         695     2.01297     2.03531  0.00627915
         696     1.97324     2.03522  0.00627076
         697     1.98911     2.03516  0.00626211
         698     1.98098     2.03508  0.00625362
         699     1.94043     2.03494  0.00624614
         700      1.9328      2.0348  0.00623892
         701     1.95171     2.03468  0.00623115
         702     1.96286     2.03458  0.00622311
         703      1.9801      2.0345  0.00621474
         704     2.01348     2.03447  0.00620599
         705     1.99925     2.03442  0.00619739
         706      2.0068     2.03438  0.00618873
         707     2.00965     2.03435  0.00618008
         708     1.99938      2.0343  0.00617155
         709     1.97667     2.03422  0.00616338
         710     1.97082     2.03413  0.00615534
         711     1.96916     2.03403  0.00614736
         712     1.94637     2.03391  0.00613996
         713     1.94208     2.03378   0.0061327
         714     1.95219     2.03367  0.00612518
         715     1.96547     2.03357  0.00611735
         716     1.99235     2.03352  0.00610908
         717     1.98667     2.03345  0.00610091
         718     2.00001      2.0334  0.00609259
         719     2.02002     2.03338  0.00608414
         720     2.04116      2.0334   0.0060757
         721     2.01747     2.03337  0.00606732
         722     2.05938     2.03341  0.00605902
         723     2.08538     2.03348  0.00605107
         724     2.04888      2.0335  0.00604275
         725     2.06079     2.03354  0.00603453
         726     2.04861     2.03356  0.00602625
         727     2.00596     2.03352  0.00601808
         728     1.99928     2.03348     0.00601
         729     1.97645      2.0334  0.00600226
         730     1.96181      2.0333  0.00599484
         731     1.95037     2.03319  0.00598772
         732     1.96672      2.0331  0.00598022
         733     1.96657       2.033  0.00597275
         734     1.97247     2.03292  0.00596519
         735     1.94475      2.0328  0.00595828
         736     1.94908     2.03269  0.00595127
         737     1.96011     2.03259  0.00594401
         738      1.9555     2.03249  0.00593687
         739     1.97015      2.0324  0.00592944
         740     1.98935     2.03234  0.00592171
         741      2.0138     2.03232  0.00591377
         742     2.02526     2.03231  0.00590581
         743     2.04845     2.03233   0.0058979
         744      2.0536     2.03236  0.00589004
         745     2.05303     2.03239   0.0058822
         746     2.05332     2.03241  0.00587438
         747     2.01981      2.0324  0.00586654
         748     2.01852     2.03238  0.00585873
         749     1.99889     2.03233  0.00585108
         750     2.00017     2.03229  0.00584343
         751     1.99308     2.03224  0.00583588
         752     1.99653     2.03219  0.00582832
         753     2.01306     2.03217  0.00582063
         754     1.98474      2.0321  0.00581325
         755     1.99559     2.03206  0.00580575
         756     1.99667     2.03201  0.00579826
         757     1.99346     2.03196  0.00579083
         758     2.01336     2.03193  0.00578324
         759     1.98702     2.03187  0.00577592
         760     1.98496     2.03181  0.00576865
         761     1.97535     2.03174  0.00576155
         762     1.98905     2.03168  0.00575426
         763     1.96174     2.03159  0.00574745
         764     1.96612      2.0315  0.00574057
         765     1.96082     2.03141  0.00573381
         766     1.94834      2.0313  0.00572735
         767     1.97908     2.03124  0.00572028
         768     2.00396      2.0312  0.00571294
         769     2.00428     2.03117  0.00570562
         770     2.01113     2.03114  0.00569827
         771     2.04613     2.03116  0.00569091
         772     2.03857     2.03117  0.00568355
         773     2.04206     2.03118  0.00567622
         774     2.00509     2.03115  0.00566898
         775     2.01288     2.03113  0.00566172
         776     1.95082     2.03102  0.00565537
         777     1.95468     2.03092  0.00564894
         778     1.91647     2.03078   0.0056436
         779     1.91423     2.03063  0.00563833
         780     1.89835     2.03046  0.00563366
         781     1.89985     2.03029  0.00562892
         782     1.90337     2.03013  0.00562406
         783     1.89207     2.02995  0.00561964
         784     1.90547     2.02979  0.00561472
         785     1.91924     2.02965  0.00560933
         786     1.92424     2.02952   0.0056038
         787     1.93497      2.0294  0.00559797
         788     1.89823     2.02923  0.00559334
         789     1.94433     2.02912  0.00558728
         790     1.94598     2.02902   0.0055812
         791     1.91299     2.02887  0.00557607
         792     1.96239     2.02879  0.00556966
         793     1.95738      2.0287  0.00556337
         794     1.98069     2.02864  0.00555669
         795     1.98308     2.02858     0.00555
         796     2.00153     2.02855  0.00554313
         797     1.99042      2.0285  0.00553638
         798     1.98859     2.02845  0.00552967
         799     2.00085     2.02841  0.00552285
         800     2.00641     2.02839  0.00551602
         801     2.03845      2.0284  0.00550915
         802     2.01683     2.02838   0.0055023
         803     2.03273     2.02839  0.00549545
         804     2.01302     2.02837  0.00548864
         805     2.03131     2.02837  0.00548183
         806     2.02996     2.02838  0.00547503
         807     2.04748      2.0284  0.00546829
         808      2.0722     2.02845  0.00546179
         809      2.0559     2.02849  0.00545515
         810     2.07323     2.02854  0.00544869
         811     2.08787     2.02862  0.00544247
         812     2.08302     2.02868  0.00543618
         813     2.10759     2.02878  0.00543036
         814     2.04975     2.02881  0.00542375
         815     2.08117     2.02887  0.00541747
         816     2.03105     2.02887  0.00541083
         817     2.02326     2.02887  0.00540421
         818     2.01215     2.02885  0.00539765
         819      1.9603     2.02876   0.0053917
         820     1.98422     2.02871   0.0053854
         821     1.98317     2.02865  0.00537913
         822     1.96318     2.02857  0.00537318
         823     2.00405     2.02854  0.00536673
         824     1.97349     2.02848  0.00536063
         825     1.99886     2.02844  0.00535425
         826     1.98755     2.02839    0.005348
         827     1.95602      2.0283  0.00534225
         828     1.96393     2.02822  0.00533636
         829     1.96462     2.02815  0.00533048
         830     1.95448     2.02806   0.0053248
         831     1.96623     2.02799  0.00531891
         832     1.96299     2.02791  0.00531309
         833     1.96079     2.02783  0.00530732
         834     1.96282     2.02775  0.00530153
         835     1.94166     2.02765  0.00529618
         836     1.97045     2.02758  0.00529029
         837     1.98669     2.02753  0.00528419
         838     1.99804     2.02749  0.00527801
         839     1.99438     2.02745  0.00527186
         840     2.03383     2.02746  0.00526559
         841     2.01809     2.02745  0.00525934
         842     2.02381     2.02745   0.0052531
         843     2.01234     2.02743   0.0052469
         844       1.986     2.02738  0.00524091
         845     1.95528     2.02729   0.0052354
         846     1.96152     2.02722  0.00522979
         847     1.97446     2.02715  0.00522399
         848     1.98261      2.0271  0.00521809
         849     1.99753     2.02707  0.00521206
         850     2.00441     2.02704    0.005206
         851     2.02635     2.02704  0.00519988
         852     2.02806     2.02704  0.00519378
         853     2.01127     2.02702  0.00518772
         854     2.01557     2.02701  0.00518166
         855     2.01402     2.02699  0.00517563
         856       1.999     2.02696  0.00516968
         857     1.99381     2.02692   0.0051638
         858     1.97801     2.02686  0.00515809
         859     1.97683     2.02681  0.00515242
         860     1.96705     2.02674  0.00514689
         861      1.9879     2.02669  0.00514111
         862     1.98838     2.02665  0.00513534
         863      2.0059     2.02662  0.00512945
         864     1.99929     2.02659  0.00512361
         865     2.02283     2.02659  0.00511769
         866     1.98275     2.02654  0.00511203
         867     2.00314     2.02651   0.0051062
         868     1.98133     2.02646  0.00510058
         869     1.96691     2.02639  0.00509517
         870     1.97408     2.02633  0.00508967
         871      1.9411     2.02623  0.00508477
         872     1.94477     2.02614   0.0050798
         873      1.9501     2.02605  0.00507472
         874     1.93009     2.02594  0.00507011
         875     1.93634     2.02584  0.00506535
         876     1.98203     2.02579  0.00505981
         877     1.98758     2.02574  0.00505423
         878     1.99606     2.02571  0.00504858
         879     2.03031     2.02572  0.00504284
         880     2.00931      2.0257  0.00503715
         881      1.9926     2.02566  0.00503157
         882     1.99541     2.02563  0.00502598
         883      2.0097     2.02561  0.00502032
         884     1.97603     2.02555  0.00501496
         885     2.01926     2.02554   0.0050093
         886     1.98555      2.0255  0.00500384
         887      1.9946     2.02546  0.00499832
         888     1.98979     2.02542  0.00499286
         889     1.97128     2.02536  0.00498761
         890     1.95501     2.02528  0.00498264
         891      1.9407     2.02519  0.00497795
         892     1.94898      2.0251   0.0049731
         893     1.93664       2.025  0.00496852
         894     1.95045     2.02492  0.00496366
         895     1.94052     2.02483  0.00495901
         896      1.9754     2.02477  0.00495378
         897     1.99282     2.02474  0.00494839
         898     1.99385      2.0247    0.004943
         899       2.014     2.02469  0.00493751
         900     1.98977     2.02465  0.00493218
         901     1.97481      2.0246  0.00492701
         902     1.96399     2.02453  0.00492201
         903     1.96788     2.02447  0.00491696
         904     1.95183     2.02439  0.00491218
         905     1.92992     2.02428  0.00490786
         906      1.9649     2.02422  0.00490288
         907       1.922      2.0241  0.00489877
         908     1.96581     2.02404  0.00489379
         909     1.93464     2.02394   0.0048894
         910     1.95563     2.02387   0.0048846
         911     1.95433     2.02379  0.00487984
         912     1.90872     2.02366  0.00487612
         913     1.94453     2.02358  0.00487155
         914     1.95059      2.0235  0.00486687
         915      1.9677     2.02344  0.00486193
         916     1.99166      2.0234  0.00485675
         917     1.98577     2.02336  0.00485163
         918     1.99368     2.02333  0.00484645
         919     2.00044      2.0233  0.00484124
         920     1.99296     2.02327  0.00483609
         921     1.96705     2.02321  0.00483122
         922     1.96628     2.02315  0.00482638
         923     1.92715     2.02304  0.00482227
         924     1.93638     2.02295  0.00481796
         925     1.91268     2.02283  0.00481423
         926     1.91108     2.02271  0.00481054
         927      1.9072     2.02258  0.00480697
         928     1.91849     2.02247  0.00480309
         929     1.93123     2.02237  0.00479893
         930     1.92159     2.02227  0.00479499
         931     1.93833     2.02218  0.00479069
         932     1.93412     2.02208  0.00478648
         933     1.94834       2.022    0.004782
         934     1.91696     2.02189   0.0047782
         935     1.89997     2.02176  0.00477487
         936     1.89067     2.02162  0.00477183
         937     1.91339      2.0215  0.00476813
         938     1.90496     2.02138  0.00476467
         939     1.93818     2.02129  0.00476042
         940     1.97581     2.02124   0.0047556
         941     1.99412     2.02121  0.00475063
         942     1.98512     2.02117  0.00474574
         943     1.97998     2.02113  0.00474091
         944     1.95529     2.02106   0.0047364
         945     1.96016       2.021  0.00473183
         946     1.93225      2.0209  0.00472776
         947     1.94823     2.02083  0.00472339
         948     1.95596     2.02076   0.0047189
         949     1.96846      2.0207  0.00471425
         950     1.97596     2.02066  0.00470952
         951     1.94606     2.02058  0.00470522
         952     1.94549      2.0205  0.00470094
         953      1.9276      2.0204  0.00469702
         954     1.91957      2.0203  0.00469328
         955     1.90068     2.02017  0.00469004
         956     1.94532     2.02009  0.00468579
         957     1.95481     2.02002  0.00468139
         958     1.92596     2.01993  0.00467753
         959     1.93204     2.01983  0.00467355
         960     1.92958     2.01974  0.00466963
         961      1.9014     2.01962  0.00466639
         962     1.91446     2.01951  0.00466282
         963     1.92849     2.01941  0.00465894
         964     1.91871     2.01931  0.00465528
         965     1.93483     2.01922  0.00465127
         966     1.99026     2.01919  0.00464656
         967      1.9801     2.01915  0.00464193
         968     1.96253     2.01909   0.0046375
         969     1.98726     2.01906  0.00463283
         970     2.00231     2.01904  0.00462809
         971     1.96726     2.01899  0.00462363
         972     2.04797     2.01902  0.00461897
         973     2.05368     2.01905  0.00461436
         974     2.03516     2.01907  0.00460965
         975     2.05227      2.0191  0.00460505
         976     2.03976     2.01913  0.00460038
         977     2.02401     2.01913  0.00459567
         978     2.00309     2.01911    0.004591
         979     1.94446     2.01904  0.00458695
         980     1.98067       2.019  0.00458243
         981     1.98696     2.01897  0.00457788
         982       2.011     2.01896  0.00457322
         983      2.0043     2.01894  0.00456859
         984     2.04519     2.01897  0.00456403
         985     2.01972     2.01897   0.0045594
         986     2.03127     2.01898  0.00455479
         987     2.02884     2.01899  0.00455019
         988     2.02302       2.019  0.00454558
         989     2.01305     2.01899  0.00454099
         990      1.9793     2.01895  0.00453658
         991     2.00842     2.01894  0.00453201
         992     2.01005     2.01893  0.00452745
         993     1.97194     2.01888  0.00452314
         994     1.99809     2.01886  0.00451864
         995     1.99843     2.01884  0.00451415
         996     1.99755     2.01882  0.00450966
         997     2.01032     2.01881  0.00450515
         998      2.0243     2.01882  0.00450064
         999     1.99773      2.0188  0.00449618
        1000     2.00584     2.01878  0.00449171
        1001     2.01041     2.01878  0.00448723
        1002     2.01003     2.01877  0.00448276
        1003     2.03189     2.01878  0.00447831
        1004     2.02139     2.01878  0.00447385
        1005     2.02773     2.01879   0.0044694
        1006     2.00921     2.01878  0.00446497
        1007     1.98983     2.01875  0.00446063
        1008     1.99107     2.01873  0.00445629
        1009     1.93708     2.01864  0.00445261
        1010     1.94825     2.01858  0.00444874
        1011     1.96026     2.01852  0.00444472
        1012     1.97171     2.01847  0.00444057
        1013     1.98361     2.01844  0.00443632
        1014     2.00947     2.01843  0.00443195
        1015      2.0218     2.01843  0.00442758
        1016       2.031     2.01844  0.00442324
        1017     2.00916     2.01843   0.0044189
        1018     2.03129     2.01845  0.00441458
        1019     2.02261     2.01845  0.00441025
        1020     1.97164     2.01841  0.00440617
        1021     1.96363     2.01835  0.00440218
        1022      1.9576     2.01829  0.00439827
        1023     1.96127     2.01824  0.00439432
        1024     1.96971     2.01819  0.00439029
        1025     1.95063     2.01812   0.0043865
        1026     1.94813     2.01806  0.00438275
        1027     1.96036       2.018  0.00437885
        1028     1.93345     2.01792  0.00437536
        1029     1.93426     2.01784  0.00437186
        1030       1.945     2.01776  0.00436819
        1031     1.93212     2.01768  0.00436474
        1032     1.95129     2.01762  0.00436099
        1033     1.94367     2.01755  0.00435735
        1034      1.8957     2.01743  0.00435473
        1035     1.93838     2.01735   0.0043512
        1036     1.92306     2.01726  0.00434795
        1037     1.91882     2.01717  0.00434479
        1038     1.92893     2.01708  0.00434144
        1039     1.93996     2.01701  0.00433789
        1040     1.94294     2.01694  0.00433431
        1041     1.94812     2.01687  0.00433065
        1042     1.93565     2.01679  0.00432719
        1043     1.94331     2.01672  0.00432362
        1044     1.94405     2.01665  0.00432004
        1045     1.96367      2.0166   0.0043162
        1046      1.9545     2.01654  0.00431248
        1047     1.94917     2.01648  0.00430884
        1048     1.96215     2.01642  0.00430504
        1049     1.95186     2.01636  0.00430138
        1050     1.97223     2.01632  0.00429749
        1051     1.95481     2.01626   0.0042938
        1052     1.96799     2.01622  0.00428996
        1053     1.98962     2.01619  0.00428596
        1054     1.97458     2.01615  0.00428208
        1055     1.97372     2.01611  0.00427821
        1056     1.98685     2.01608  0.00427424
        1057     2.00175     2.01607  0.00427022
        1058     1.98894     2.01604  0.00426626
        1059     2.00849     2.01604  0.00426224
        1060     1.98954     2.01601  0.00425829
        1061     1.99159     2.01599  0.00425434
        1062     2.01185     2.01599  0.00425034
        1063      2.0265       2.016  0.00424635
        1064     2.03201     2.01601  0.00424239
        1065     2.05639     2.01605  0.00423857
        1066     2.03816     2.01607  0.00423465
        1067     2.04171     2.01609  0.00423075
        1068     2.05132     2.01613  0.00422691
        1069     2.02057     2.01613  0.00422296
        1070     2.02924     2.01614  0.00421903
        1071     2.03363     2.01616  0.00421512
        1072      2.0072     2.01615   0.0042112
        1073     2.02193     2.01616  0.00420728
        1074     2.00018     2.01614  0.00420339
        1075     1.93669     2.01607  0.00420013
        1076     1.97254     2.01603  0.00419642
        1077     1.97094     2.01599  0.00419273
        1078     1.96766     2.01594  0.00418908
        1079     1.97709      2.0159  0.00418535
        1080     2.00195     2.01589   0.0041815
        1081     2.02719      2.0159  0.00417764
        1082      2.0349     2.01592  0.00417382
        1083     2.05921     2.01596  0.00417016
        1084     2.05295     2.01599  0.00416645
        1085     2.02688       2.016  0.00416262
        1086     1.99721     2.01599  0.00415883
        1087     1.97765     2.01595  0.00415515
        1088     1.98909     2.01593   0.0041514
        1089     1.97818     2.01589  0.00414774
        1090      1.9615     2.01584  0.00414423
        1091     1.97988     2.01581  0.00414056
        1092     1.95344     2.01575  0.00413717
        1093     1.95685      2.0157  0.00413373
        1094     1.93754     2.01563  0.00413057
        1095     1.95302     2.01557  0.00412719
        1096     1.93604      2.0155  0.00412407
        1097     1.95238     2.01544  0.00412071
        1098     1.95844     2.01539  0.00411728
        1099     1.98003     2.01535  0.00411366
        1100      2.0046     2.01535  0.00410993
        1101     2.01703     2.01535   0.0041062
        1102     2.05973     2.01539  0.00410267
        1103     2.08012     2.01545  0.00409937
        1104      2.0764      2.0155  0.00409603
        1105     2.09354     2.01557  0.00409293
        1106     2.10617     2.01565  0.00409005
        1107     2.10289     2.01573  0.00408712
        1108     2.09655     2.01581  0.00408408
        1109      2.0949     2.01588  0.00408102
        1110     2.07801     2.01593  0.00407772
        1111     2.03906     2.01595  0.00407411
        1112     2.06064     2.01599  0.00407064
        1113     2.02527       2.016  0.00406699
        1114     2.06241     2.01604  0.00406356
        1115     2.03434     2.01606  0.00405994
        1116     2.05591      2.0161  0.00405646
        1117     2.03271     2.01611  0.00405286
        1118     2.03054     2.01612  0.00404925
        1119     1.99808     2.01611  0.00404567
        1120     2.00076     2.01609  0.00404208
        1121     2.00429     2.01608  0.00403849
        1122     1.99994     2.01607  0.00403491
        1123     2.01591     2.01607  0.00403132
        1124     1.98991     2.01605   0.0040278
        1125     1.99837     2.01603  0.00402425
        1126     2.01207     2.01603  0.00402068
        1127     2.00742     2.01602  0.00401712
        1128     2.03204     2.01603  0.00401358
        1129     2.06999     2.01608  0.00401031
        1130     2.06502     2.01612    0.004007
        1131     2.04798     2.01615  0.00400355
        1132     2.01615     2.01615  0.00400002
        1133     2.02976     2.01616   0.0039965
        1134     2.00353     2.01615  0.00399299
        1135     1.99156     2.01613  0.00398954
        1136      1.9818      2.0161  0.00398614
        1137     1.98128     2.01607  0.00398275
        1138       1.975     2.01603  0.00397941
        1139     1.95878     2.01598  0.00397624
        1140     1.94516     2.01592  0.00397323
        1141     1.94676     2.01586  0.00397021
        1142     1.95683     2.01581  0.00396707
        1143     1.99212     2.01579  0.00396366
        1144     2.02351      2.0158   0.0039602
        1145      2.0358     2.01581  0.00395678
        1146     1.98683     2.01579  0.00395341
        1147     2.01414     2.01579  0.00394996
        1148     1.94923     2.01573  0.00394695
        1149     1.92862     2.01565  0.00394424
        1150     1.95169      2.0156   0.0039412
        1151     1.95074     2.01554  0.00393818
        1152     1.96298     2.01549  0.00393503
        1153     1.97818     2.01546  0.00393175
        1154     1.97979     2.01543  0.00392846
        1155     1.99399     2.01541   0.0039251
        1156     1.99272     2.01539  0.00392176
        1157     2.01891      2.0154  0.00391837
        1158     2.01529      2.0154  0.00391498
        1159     2.02421      2.0154  0.00391161
        1160     2.02523     2.01541  0.00390825
        1161     2.00635      2.0154  0.00390489
        1162     2.01986     2.01541  0.00390153
        1163     1.98592     2.01538  0.00389826
        1164     2.00695     2.01538  0.00389492
        1165     2.00472     2.01537  0.00389159
        1166     1.99479     2.01535  0.00388829
        1167     1.98694     2.01532  0.00388503
        1168     1.96628     2.01528  0.00388193
        1169     1.97672     2.01525  0.00387875
        1170     1.97308     2.01521  0.00387561
        1171     1.98685     2.01519  0.00387237
        1172     1.97215     2.01515  0.00386924
        1173      1.9901     2.01513    0.003866
        1174     2.01382     2.01513  0.00386271
        1175     2.02035     2.01513  0.00385942
        1176     2.04671     2.01516  0.00385624
        1177      2.0406     2.01518  0.00385302
        1178     2.02957      2.0152  0.00384977
        1179     1.99132     2.01517  0.00384656
        1180     1.96404     2.01513  0.00384354
        1181     1.97676      2.0151  0.00384042
        1182      1.9509     2.01504  0.00383756
        1183     1.97997     2.01502  0.00383443
        1184      1.9923       2.015  0.00383124
        1185     2.02147       2.015  0.00382801
        1186     2.00589     2.01499  0.00382479
        1187     2.02443       2.015  0.00382158
        1188     2.02133     2.01501  0.00381836
        1189     2.02908     2.01502  0.00381517
        1190     2.02444     2.01503  0.00381197
        1191     1.99272     2.01501  0.00380882
        1192      1.9878     2.01499  0.00380569
        1193     1.97782     2.01495  0.00380263
        1194     1.95298      2.0149   0.0037998
        1195     1.95035     2.01485    0.003797
        1196     1.93608     2.01478   0.0037944
        1197     1.91252      2.0147  0.00379219
        1198     1.92458     2.01462  0.00378977
        1199     1.91449     2.01454  0.00378753
        1200     1.92837     2.01447  0.00378505
        1201     1.90713     2.01438  0.00378296
        1202     1.90607     2.01429  0.00378088
        1203     1.90569      2.0142  0.00377882
        1204       1.915     2.01411  0.00377658
        1205     1.94392     2.01406  0.00377389
        1206     1.96441     2.01401  0.00377099
        1207     1.93244     2.01395  0.00376847
        1208     1.97299     2.01391   0.0037655
        1209     1.96229     2.01387  0.00376263
        1210      1.9553     2.01382  0.00375983
        1211     1.93483     2.01376  0.00375729
        1212     1.98124     2.01373  0.00375429
        1213     1.96473     2.01369  0.00375141
        1214     1.97812     2.01366  0.00374843
        1215     1.99625     2.01365  0.00374538
        1216     1.99779     2.01363  0.00374232
        1217     1.99527     2.01362  0.00373927
        1218     1.99439      2.0136  0.00373624
        1219     1.99609     2.01359   0.0037332
        1220      1.9786     2.01356  0.00373025
        1221     1.99711     2.01355  0.00372722
        1222     1.98853     2.01353  0.00372423
        1223     2.00748     2.01352  0.00372118
        1224     2.00435     2.01351  0.00371815
        1225     2.02907     2.01353  0.00371514
        1226     2.00965     2.01352  0.00371211
        1227     2.03524     2.01354  0.00370913
        1228     2.03048     2.01355  0.00370613
        1229      2.0232     2.01356  0.00370312
        1230     2.03408     2.01358  0.00370015
        1231      2.0224     2.01359  0.00369715
        1232     2.02882      2.0136  0.00369417
        1233     2.03729     2.01362  0.00369123
        1234     2.06037     2.01365  0.00368843
        1235     2.03752     2.01367  0.00368549
        1236     2.04901      2.0137  0.00368262
        1237     2.02777     2.01371  0.00367966
        1238     2.00739     2.01371  0.00367669
        1239      2.0202     2.01371  0.00367373
        1240     2.00118      2.0137  0.00367078
        1241     2.02066     2.01371  0.00366783
        1242     2.01912     2.01371  0.00366488
        1243     2.02709     2.01372  0.00366194
        1244     2.03754     2.01374  0.00365905
        1245      2.0449     2.01377   0.0036562
        1246      2.0405     2.01379  0.00365333
        1247       2.031      2.0138  0.00365042
        1248     2.07127     2.01385  0.00364779
        1249     2.06439     2.01389  0.00364509
        1250     2.07979     2.01394  0.00364256
        1251     2.10151     2.01401  0.00364032
        1252     2.07866     2.01407  0.00363778
        1253     2.07464     2.01411  0.00363519
        1254     2.08028     2.01417  0.00363268
        1255     2.07443     2.01421   0.0036301
        1256     2.03494     2.01423  0.00362725
        1257     2.00379     2.01422  0.00362437
        1258     1.98096      2.0142  0.00362159
        1259     1.96444     2.01416  0.00361893
        1260     1.96682     2.01412  0.00361625
        1261     1.96399     2.01408   0.0036136
        1262     1.96146     2.01404  0.00361098
        1263     1.98709     2.01402  0.00360818
        1264     1.99162       2.014  0.00360537
        1265     1.98896     2.01398  0.00360257
        1266     2.02364     2.01399  0.00359974
        1267     2.01656     2.01399   0.0035969
        1268     2.00713     2.01398  0.00359406
        1269     1.99298     2.01397  0.00359127
        1270     2.00672     2.01396  0.00358845
        1271     1.98324     2.01394   0.0035857
        1272     1.99061     2.01392  0.00358293
        1273     1.96029     2.01388  0.00358036
        1274     1.95257     2.01383  0.00357788
        1275     1.95945     2.01379  0.00357533
        1276     1.95781     2.01374  0.00357279
        1277     1.98632     2.01372  0.00357006
        1278     1.97163     2.01369  0.00356742
        1279     1.97722     2.01366  0.00356474
        1280     1.97167     2.01363  0.00356211
        1281     1.97297     2.01359  0.00355947
        1282     1.97099     2.01356  0.00355685
        1283      1.9587     2.01352  0.00355433
        1284     1.96828     2.01348  0.00355174
        1285     1.96219     2.01344   0.0035492
        1286     1.96727     2.01341  0.00354662
        1287     1.96711     2.01337  0.00354405
        1288     1.98594     2.01335  0.00354136
        1289     1.95009      2.0133  0.00353895
        1290     1.94616     2.01325  0.00353659
        1291     1.93873     2.01319  0.00353432
        1292      1.9405     2.01313  0.00353204
        1293      1.9175     2.01306  0.00353008
        1294     1.91276     2.01298   0.0035282
        1295     1.92916     2.01292  0.00352607
        1296     1.94844     2.01287   0.0035237
        1297       1.938     2.01281  0.00352146
        1298     2.00314      2.0128  0.00351875
        1299     1.97968     2.01278  0.00351614
        1300     1.98736     2.01276  0.00351349
        1301     1.98338     2.01274  0.00351086
        1302     2.00969     2.01273  0.00350816
        1303     2.02071     2.01274  0.00350547
        1304     2.01482     2.01274  0.00350279
        1305     2.00906     2.01274   0.0035001
        1306     1.98254     2.01272   0.0034975
        1307      1.9855     2.01269  0.00349489
        1308     1.94974     2.01265  0.00349255
        1309     1.96655     2.01261  0.00349005
        1310     1.96184     2.01257  0.00348761
        1311     1.95121     2.01253  0.00348526
        1312     1.96003     2.01249  0.00348283
        1313     1.98014     2.01246  0.00348027
        1314     1.97637     2.01243  0.00347773
        1315     1.98862     2.01242  0.00347513
        1316     2.02048     2.01242  0.00347249
        1317     2.01025     2.01242  0.00346986
        1318     2.01127     2.01242  0.00346723
        1319       2.021     2.01243   0.0034646
        1320     2.03199     2.01244  0.00346201
        1321       2.009     2.01244  0.00345939
        1322     2.00529     2.01243  0.00345678
        1323     1.98305     2.01241  0.00345424
        1324      1.9654     2.01237  0.00345181
        1325     1.94378     2.01232  0.00344959
        1326     1.96642     2.01229  0.00344717
        1327     1.97577     2.01226  0.00344468
        1328     1.99725     2.01225   0.0034421
        1329     2.01992     2.01226  0.00343952
        1330     2.01028     2.01225  0.00343693
        1331     2.04496     2.01228  0.00343444
        1332     2.02719     2.01229  0.00343188
        1333     2.02435      2.0123  0.00342931
        1334      2.0181      2.0123  0.00342675
        1335     2.01907     2.01231  0.00342418
        1336     1.99486     2.01229  0.00342164
        1337     2.00691     2.01229  0.00341909
        1338     1.97915     2.01227  0.00341662
        1339     1.97909     2.01224  0.00341416
        1340      1.9966     2.01223  0.00341163
        1341     1.97928      2.0122  0.00340918
        1342     2.00272      2.0122  0.00340664
        1343     1.98671     2.01218  0.00340416
        1344     2.00957     2.01218  0.00340163
        1345     1.99441     2.01216  0.00339912
        1346     2.01976     2.01217   0.0033966
        1347     1.99497     2.01216  0.00339411
        1348     2.01818     2.01216  0.00339159
        1349     2.01253     2.01216  0.00338908
        1350     2.01757     2.01217  0.00338657
        1351     2.02091     2.01217  0.00338407
        1352     2.04353      2.0122  0.00338164
        1353     2.04349     2.01222  0.00337922
        1354     2.04996     2.01225  0.00337684
        1355     2.04464     2.01227  0.00337444
        1356     2.02977     2.01228  0.00337197
        1357     2.02964      2.0123  0.00336951
        1358     1.98697     2.01228  0.00336708
        1359     2.03403     2.01229  0.00336464
        1360     1.99661     2.01228  0.00336219
        1361     2.04518     2.01231   0.0033598
        1362     1.98692     2.01229  0.00335739
        1363     1.98224     2.01226    0.003355
        1364     1.97153     2.01224  0.00335267
        1365     1.93872     2.01218  0.00335065
        1366     1.94234     2.01213  0.00334859
        1367     1.94207     2.01208  0.00334653
        1368     1.95442     2.01204  0.00334435
        1369     1.97328     2.01201  0.00334202
        1370     1.96698     2.01198  0.00333975
        1371     1.98729     2.01196  0.00333736
        1372     1.99025     2.01194  0.00333496
        1373     1.98525     2.01192  0.00333259
        1374     1.97395     2.01189  0.00333028
        1375     2.00942     2.01189  0.00332786
        1376     2.00016     2.01188  0.00332545
        1377     1.97921     2.01186  0.00332312
        1378     1.96627     2.01183  0.00332087
        1379     1.97623      2.0118  0.00331857
        1380     1.98608     2.01178  0.00331621
        1381     1.97478     2.01176  0.00331392
        1382     1.96684     2.01172  0.00331168
        1383     1.94746     2.01168  0.00330961
        1384     1.94579     2.01163  0.00330757
        1385     1.95229     2.01159  0.00330545
        1386     1.95133     2.01154  0.00330336
        1387     1.93429     2.01149  0.00330144
        1388     1.93231     2.01143  0.00329956
        1389       1.938     2.01138  0.00329761
        1390     1.91937     2.01131   0.0032959
        1391     1.91175     2.01124   0.0032943
        1392     1.93634     2.01119  0.00329238
        1393     1.92474     2.01112   0.0032906
        1394     1.96851     2.01109  0.00328838
        1395     1.97907     2.01107   0.0032861
        1396     1.97272     2.01104  0.00328386
        1397      2.0052     2.01104  0.00328152
        1398     1.99121     2.01102   0.0032792
        1399     1.99851     2.01102  0.00327687
        1400     1.99257       2.011  0.00327455
        1401      2.0135       2.011  0.00327222
        1402     1.97668     2.01098  0.00326997
        1403     2.02088     2.01099  0.00326765
        1404     2.02133     2.01099  0.00326533
        1405     2.03582     2.01101  0.00326306
        1406     2.02948     2.01103  0.00326076
        1407     2.00016     2.01102  0.00325845
        1408     1.97576     2.01099  0.00325624
        1409     1.95728     2.01095  0.00325415
        1410     1.96223     2.01092  0.00325202
        1411     1.96228     2.01089   0.0032499
        1412     1.96549     2.01085  0.00324776
        1413      1.9682     2.01082   0.0032456
        1414     1.98407      2.0108  0.00324336
        1415     1.97559     2.01078  0.00324116
        1416      2.0149     2.01078  0.00323888
        1417     2.02237     2.01079   0.0032366
        1418     2.04114     2.01081  0.00323439
        1419     2.04328     2.01083  0.00323219
        1420      2.0206     2.01084  0.00322992
        1421     1.98875     2.01083  0.00322769
        1422     1.98596     2.01081  0.00322546
        1423     1.97549     2.01078  0.00322329
        1424     1.96258     2.01075  0.00322121
        1425     1.93752      2.0107  0.00321936
        1426      1.9669     2.01067  0.00321724
        1427     1.99174     2.01065  0.00321502
        1428     1.99501     2.01064  0.00321278
        1429     1.96138     2.01061  0.00321072
        1430     1.99901      2.0106  0.00320849
        1431      1.9743     2.01058  0.00320634
        1432     1.95639     2.01054  0.00320433
        1433     1.96929     2.01051  0.00320222
        1434      1.9791     2.01049  0.00320006
        1435     1.96293     2.01045  0.00319801
        1436     1.97844     2.01043  0.00319586
        1437     1.96316      2.0104   0.0031938
        1438     1.94888     2.01036  0.00319187
        1439      1.9801     2.01033  0.00318972
        1440     1.97268     2.01031  0.00318761
        1441     1.98731     2.01029  0.00318544
        1442     1.99192     2.01028  0.00318325
        1443     2.01811     2.01029  0.00318105
        1444     2.03944     2.01031  0.00317891
        1445     2.02135     2.01031  0.00317672
        1446     2.02696     2.01032  0.00317455
        1447     1.99754     2.01032  0.00317237
        1448     1.99818     2.01031  0.00317019
        1449     1.95967     2.01027  0.00316819
        1450     1.98439     2.01025  0.00316606
        1451     1.97978     2.01023  0.00316394
        1452     1.97827     2.01021  0.00316184
        1453     1.99259      2.0102  0.00315969
        1454     1.99434     2.01019  0.00315753
        1455     1.98118     2.01017  0.00315543
        1456     2.02002     2.01018  0.00315327
        1457     2.02189     2.01018  0.00315111
        1458     2.05571     2.01021  0.00314911
        1459     2.04334     2.01024  0.00314703
        1460     2.04143     2.01026  0.00314495
        1461     2.02741     2.01027  0.00314282
        1462      2.0166     2.01027  0.00314067
        1463      1.9832     2.01026  0.00313858
        1464     1.98417     2.01024  0.00313648
        1465     1.98737     2.01022  0.00313438
        1466     1.98631     2.01021  0.00313229
        1467     1.96607     2.01018   0.0031303
        1468     1.95452     2.01014  0.00312839
        1469     1.92975     2.01008  0.00312674
        1470     1.93537     2.01003  0.00312503
        1471     1.94841     2.00999  0.00312318
        1472     1.95793     2.00996  0.00312126
        1473     2.00719     2.00995  0.00311914
        1474     1.98152     2.00993  0.00311709
        1475     2.02578     2.00995  0.00311499
        1476     2.00605     2.00994  0.00311288
        1477     2.03261     2.00996  0.00311081
        1478     2.00655     2.00996  0.00310871
        1479     1.99753     2.00995  0.00310662
        1480     2.00383     2.00994  0.00310452
        1481     2.03882     2.00996  0.00310249
        1482     2.02311     2.00997  0.00310041
        1483     2.00939     2.00997  0.00309832
        1484     2.00478     2.00997  0.00309623
        1485     1.99781     2.00996  0.00309416
        1486     1.98447     2.00994  0.00309212
        1487     1.96662     2.00991  0.00309018
        1488     1.95461     2.00988  0.00308833
        1489     1.94349     2.00983  0.00308657
        1490     1.96832      2.0098  0.00308463
        1491     1.98842     2.00979  0.00308259
        1492     1.98684     2.00977  0.00308057
        1493     2.00663     2.00977   0.0030785
        1494     1.99043     2.00976  0.00307647
        1495     1.96978     2.00973  0.00307453
        1496     1.98862     2.00972  0.00307251
        1497     1.99774     2.00971  0.00307046
        1498     1.95489     2.00967  0.00306863
        1499     2.01327     2.00968  0.00306659
        1500      1.9872     2.00966  0.00306458
        1501     1.98391     2.00964  0.00306258
        1502     1.96306     2.00961   0.0030607
        1503     1.98588      2.0096  0.00305871
        1504     1.97704     2.00958  0.00305675
        1505     1.99397     2.00956  0.00305474
        1506     2.03259     2.00958  0.00305275
        1507     2.01521     2.00958  0.00305072
        1508     2.01223     2.00959   0.0030487
        1509     1.97014     2.00956  0.00304679
        1510     1.96128     2.00953  0.00304494
        1511     1.94866     2.00949  0.00304319
        1512     1.92995     2.00943  0.00304163
        1513     1.95765      2.0094  0.00303982
        1514     1.94336     2.00936  0.00303812
        1515     1.93245     2.00931  0.00303654
        1516     1.96356     2.00928  0.00303469
        1517     1.95512     2.00924   0.0030329
        1518     1.94809      2.0092  0.00303117
        1519     1.96213     2.00917  0.00302933
        1520     1.94107     2.00912  0.00302767
        1521     1.93465     2.00908  0.00302607
        1522     1.95596     2.00904  0.00302429
        1523     1.96374     2.00901  0.00302245
        1524     1.96111     2.00898  0.00302063
        1525     1.98433     2.00896  0.00301869
        1526     1.97136     2.00894  0.00301681
        1527     1.97274     2.00891  0.00301493
        1528     1.98799      2.0089  0.00301299
        1529     1.98018     2.00888  0.00301108
        1530     2.01603     2.00889  0.00300911
        1531     2.01983     2.00889  0.00300715
        1532     2.00337     2.00889  0.00300519
        1533     2.00644     2.00889  0.00300323
        1534     1.99756     2.00888  0.00300128
        1535     1.98746     2.00887  0.00299936
        1536     1.98008     2.00885  0.00299747
        1537     1.95916     2.00882  0.00299569
        1538     1.94677     2.00878  0.00299402
        1539     1.95333     2.00874  0.00299229
        1540     1.96807     2.00871  0.00299046
        1541     1.96574     2.00869  0.00298865
        1542     1.94243     2.00864  0.00298702
        1543     1.96936     2.00862  0.00298519
        1544     1.94319     2.00857  0.00298356
        1545     1.91893     2.00852  0.00298219
        1546     1.92023     2.00846  0.00298081
        1547     1.91399      2.0084  0.00297951
        1548      1.9152     2.00834  0.00297819
        1549     1.88148     2.00826   0.0029774
        1550     1.93602     2.00821  0.00297584
        1551     1.91878     2.00815  0.00297448
        1552     1.93361      2.0081  0.00297295
        1553     1.91818     2.00805   0.0029716
        1554      1.9504     2.00801  0.00296992
        1555     1.93279     2.00796   0.0029684
        1556     1.95135     2.00792  0.00296672
        1557     1.97741      2.0079  0.00296488
        1558     1.99297      2.0079  0.00296299
        1559     2.02426     2.00791  0.00296111
        1560     2.01688     2.00791  0.00295922
        1561     2.02893     2.00792  0.00295735
        1562     2.02273     2.00793  0.00295547
        1563     2.00634     2.00793  0.00295358
        1564     1.98052     2.00792  0.00295175
        1565     2.01517     2.00792  0.00294986
        1566     2.01958     2.00793  0.00294799
        1567      2.0123     2.00793  0.00294611
        1568     2.00265     2.00793  0.00294423
        1569      2.0291     2.00794  0.00294239
        1570     2.02282     2.00795  0.00294053
        1571     2.05215     2.00798  0.00293879
        1572     2.00628     2.00798  0.00293692
        1573      2.0209     2.00799  0.00293507
        1574     2.07954     2.00803  0.00293355
        1575     2.03508     2.00805  0.00293174
        1576     2.06902     2.00809  0.00293014
        1577     2.06241     2.00812  0.00292848
        1578     2.02631     2.00813  0.00292665
        1579     1.97714     2.00811  0.00292486
        1580     1.98381      2.0081  0.00292305
        1581     1.99155     2.00809  0.00292122
        1582     2.00251     2.00808  0.00291937
        1583     2.02244     2.00809  0.00291754
        1584     2.05032     2.00812  0.00291582
        1585     2.01292     2.00812  0.00291399
        1586     2.01526     2.00813  0.00291215
        1587     2.02751     2.00814  0.00291034
        1588     2.00683     2.00814  0.00290851
        1589     1.97331     2.00812  0.00290676
        1590     2.05523     2.00815  0.00290509
        1591     2.05347     2.00817   0.0029034
        1592     2.01517     2.00818  0.00290158
        1593     2.05432     2.00821   0.0028999
        1594     2.02587     2.00822   0.0028981
        1595     2.02226     2.00823   0.0028963
        1596     2.01066     2.00823  0.00289449
        1597     2.02095     2.00824  0.00289268
        1598     1.99207     2.00823  0.00289089
        1599     2.01777     2.00823  0.00288909
        1600     2.00158     2.00823  0.00288729
        1601     1.99893     2.00822  0.00288549
        1602      2.0054     2.00822  0.00288369
        1603     1.96552     2.00819  0.00288201
        1604     2.00106     2.00819  0.00288022
        1605     2.01048     2.00819  0.00287843
        1606     1.95926     2.00816  0.00287679
        1607      2.0316     2.00818  0.00287504
        1608     2.03361     2.00819   0.0028733
        1609     2.04385     2.00821   0.0028716
        1610     2.08441     2.00826   0.0028702
        1611     2.06784      2.0083  0.00286866
        1612     2.06419     2.00833  0.00286709
        1613     2.04519     2.00836   0.0028654
        1614     2.04747     2.00838  0.00286373
        1615     2.01816     2.00839  0.00286196
        1616     2.02171     2.00839   0.0028602
        1617     1.99247     2.00838  0.00285845
        1618     1.99507     2.00838   0.0028567
        1619     1.96443     2.00835  0.00285506
        1620     1.96516     2.00832  0.00285342
        1621     1.98434     2.00831   0.0028517
        1622     1.97495     2.00829  0.00285002
        1623     1.99738     2.00828  0.00284827
        1624     2.01764     2.00829  0.00284652
        1625     2.00241     2.00828  0.00284477
        1626     1.98936     2.00827  0.00284305
        1627     1.99595     2.00826  0.00284131
        1628     1.95114     2.00823  0.00283978
        1629     1.95841      2.0082   0.0028382
        1630     1.95463     2.00816  0.00283665
        1631      1.9847     2.00815  0.00283495
        1632     2.00026     2.00815  0.00283322
        1633     2.00581     2.00814  0.00283148
        1634     2.04397     2.00817  0.00282983
        1635       2.018     2.00817  0.00282811
        1636     2.00028     2.00817  0.00282638
        1637     1.96858     2.00814  0.00282476
        1638     1.96933     2.00812  0.00282314
        1639     1.95305     2.00809  0.00282161
        1640     1.97047     2.00806  0.00281999
        1641     1.95834     2.00803  0.00281843
        1642      1.9876     2.00802  0.00281674
        1643     1.95986     2.00799  0.00281518
        1644     1.97028     2.00797  0.00281356
        1645      2.0001     2.00796  0.00281185
        1646     2.00054     2.00796  0.00281015
        1647     2.02737     2.00797  0.00280847
        1648     2.01357     2.00797  0.00280677
        1649     2.01665     2.00798  0.00280507
        1650      2.0303     2.00799   0.0028034
        1651     1.99931     2.00799  0.00280171
        1652     1.95497     2.00796   0.0028002
        1653     1.96252     2.00793  0.00279864
        1654     1.98541     2.00791  0.00279698
        1655     1.99516     2.00791   0.0027953
        1656     2.01953     2.00791  0.00279362
        1657     2.02523     2.00792  0.00279195
        1658     2.01391     2.00793  0.00279027
        1659     2.02481     2.00794  0.00278861
        1660     2.03522     2.00795  0.00278698
        1661     2.02663     2.00797  0.00278532
        1662     2.05472     2.00799  0.00278379
        1663     2.06408     2.00803  0.00278232
        1664     2.04918     2.00805  0.00278076
        1665     2.03834     2.00807  0.00277915
        1666     2.04118     2.00809  0.00277755
        1667     1.99784     2.00808  0.00277589
        1668     1.99657     2.00808  0.00277423
        1669     2.01349     2.00808  0.00277257
        1670     2.00231     2.00808  0.00277092
        1671     1.97216     2.00806  0.00276934
        1672     1.98878     2.00804  0.00276771
        1673     1.95892     2.00801  0.00276621
        1674     1.99605     2.00801  0.00276457
        1675     1.98155     2.00799  0.00276296
        1676     2.01953       2.008  0.00276132
        1677     1.98051     2.00798  0.00275972
        1678     2.03624       2.008  0.00275813
        1679     2.04245     2.00802  0.00275656
        1680     1.99397     2.00801  0.00275493
        1681     2.02072     2.00802  0.00275331
        1682     1.99955     2.00801  0.00275167
        1683     1.97281     2.00799  0.00275012
        1684     1.97354     2.00797  0.00274856
        1685      1.9749     2.00795    0.002747
        1686     1.96819     2.00793  0.00274547
        1687     1.97473     2.00791  0.00274392
        1688     1.97607     2.00789  0.00274235
        1689     1.98241     2.00788  0.00274077
        1690     1.97689     2.00786  0.00273921
        1691     1.98826     2.00785  0.00273762
        1692     1.97352     2.00782  0.00273607
        1693     1.99922     2.00782  0.00273446
        1694     1.97871      2.0078   0.0027329
        1695     2.00664      2.0078  0.00273129
        1696      1.9943     2.00779  0.00272969
        1697     2.03155     2.00781  0.00272812
        1698     2.00737     2.00781  0.00272651
        1699     2.01145     2.00781  0.00272491
        1700     1.99905      2.0078  0.00272331
        1701     2.00191      2.0078  0.00272171
        1702      2.0086      2.0078  0.00272011
        1703     2.00159      2.0078  0.00271852
        1704     1.98078     2.00778  0.00271697
        1705     2.02248     2.00779  0.00271539
        1706     1.94507     2.00775  0.00271405
        1707     1.96389     2.00773  0.00271258
        1708     1.91063     2.00767  0.00271158
        1709     1.91405     2.00762  0.00271055
        1710     1.91568     2.00756   0.0027095
        1711     1.93419     2.00752  0.00270826
        1712     1.93081     2.00748  0.00270704
        1713     1.95332     2.00744  0.00270565
        1714     1.96348     2.00742  0.00270419
        1715     1.97561      2.0074  0.00270268
        1716     1.96526     2.00738  0.00270121
        1717     1.96066     2.00735  0.00269978
        1718     1.97428     2.00733  0.00269828
        1719     1.95944      2.0073  0.00269685
        1720     1.95836     2.00727  0.00269543
        1721      1.9414     2.00723  0.00269414
        1722     1.96369     2.00721  0.00269269
        1723     1.97588     2.00719  0.00269119
        1724     1.95689     2.00716  0.00268979
        1725     1.96551     2.00714  0.00268834
        1726     1.97227     2.00712  0.00268685
        1727     1.94524     2.00708  0.00268554
        1728     1.97445     2.00706  0.00268405
        1729     1.95426     2.00703  0.00268267
        1730     1.99048     2.00702  0.00268114
        1731     2.03358     2.00704  0.00267963
        1732     2.03562     2.00705  0.00267814
        1733     2.03983     2.00707  0.00267666
        1734     2.05795      2.0071  0.00267528
        1735     2.02997     2.00712  0.00267377
        1736      2.0176     2.00712  0.00267223
        1737      1.9979     2.00712   0.0026707
        1738     1.97273      2.0071  0.00266924
        1739     1.97858     2.00708  0.00266775
        1740      1.9847     2.00707  0.00266625
        1741     1.98794     2.00706  0.00266474
        1742     2.02473     2.00707  0.00266323
        1743     1.99824     2.00706  0.00266171
        1744     2.04183     2.00708  0.00266026
        1745     2.02731     2.00709  0.00265876
        1746     2.02584      2.0071  0.00265725
        1747     2.00762      2.0071  0.00265573
        1748     1.96971     2.00708   0.0026543
        1749     1.98984     2.00707   0.0026528
        1750     1.99051     2.00706   0.0026513
        1751     1.99099     2.00705   0.0026498
        1752     1.96877     2.00703  0.00264838
        1753     1.98198     2.00702  0.00264691
        1754     2.00117     2.00701   0.0026454
        1755     1.98913       2.007  0.00264391
        1756     2.00088       2.007  0.00264241
        1757     2.02054     2.00701  0.00264092
        1758     2.00283     2.00701  0.00263942
        1759      2.0333     2.00702  0.00263796
        1760     2.01569     2.00703  0.00263647
        1761     2.01768     2.00703  0.00263498
        1762     2.01763     2.00704  0.00263349
        1763     1.99596     2.00703    0.002632
        1764     2.01338     2.00704  0.00263051
        1765      2.0083     2.00704  0.00262902
        1766     2.03055     2.00705  0.00262757
        1767     2.04597     2.00707  0.00262617
        1768     2.03863     2.00709  0.00262475
        1769     2.03205      2.0071   0.0026233
        1770     2.04337     2.00712   0.0026219
        1771     2.06422     2.00716  0.00262062
        1772     2.07926      2.0072  0.00261945
        1773     2.04494     2.00722  0.00261806
        1774     2.05605     2.00725  0.00261673
        1775     2.03991     2.00726  0.00261532
        1776     2.02389     2.00727  0.00261387
        1777     1.96519     2.00725   0.0026125
        1778     1.97088     2.00723  0.00261111
        1779     1.95788      2.0072  0.00260979
        1780     1.93586     2.00716  0.00260863
        1781     1.96498     2.00714  0.00260728
        1782     1.93556      2.0071  0.00260612
        1783      1.9806     2.00708   0.0026047
        1784     1.99783     2.00708  0.00260325
        1785     1.95863     2.00705  0.00260193
        1786     2.02713     2.00706   0.0026005
        1787     1.99948     2.00706  0.00259905
        1788     2.03415     2.00707  0.00259764
        1789     2.02776     2.00708  0.00259621
        1790     2.03571      2.0071  0.00259481
        1791     1.98541     2.00709  0.00259339
        1792     2.00192     2.00709  0.00259194
        1793      1.9978     2.00708   0.0025905
        1794     2.00053     2.00708  0.00258906
        1795     1.99061     2.00707  0.00258764
        1796     1.99181     2.00706  0.00258621
        1797     2.01386     2.00706  0.00258477
        1798     2.03382     2.00708  0.00258338
        1799      2.0257     2.00709  0.00258196
        1800     2.01262     2.00709  0.00258053
        1801     2.03537     2.00711  0.00257915
        1802     2.02933     2.00712  0.00257774
        1803     2.00186     2.00712  0.00257632
        1804     1.99587     2.00711   0.0025749
        1805     1.96503     2.00709  0.00257357
        1806     1.95032     2.00705  0.00257234
        1807     1.95706     2.00703  0.00257107
        1808     1.94578     2.00699  0.00256987
        1809     1.92676     2.00695  0.00256883
        1810     1.92532      2.0069  0.00256781
        1811     1.89405     2.00684  0.00256714
        1812     1.89156     2.00678  0.00256652
        1813     1.88633     2.00671  0.00256596
        1814      1.8672     2.00663   0.0025657
        1815     1.87081     2.00656  0.00256538
        1816     1.87754     2.00649  0.00256495
        1817     1.88466     2.00642  0.00256441
        1818     1.88495     2.00635  0.00256387
        1819     1.89472     2.00629   0.0025632
        1820     1.93324     2.00625   0.0025621
        1821      1.9468     2.00622   0.0025609
        1822     1.99762     2.00622   0.0025595
        1823       2.033     2.00623  0.00255814
        1824     2.01232     2.00623  0.00255674
        1825     1.99523     2.00623  0.00255535
        1826     1.95712      2.0062  0.00255409
        1827      1.9375     2.00616  0.00255297
        1828     1.93612     2.00613  0.00255186
        1829     1.92513     2.00608  0.00255085
        1830     1.93033     2.00604  0.00254979
        1831     1.89985     2.00598  0.00254905
        1832     1.93964     2.00595  0.00254792
        1833     1.93522     2.00591  0.00254682
        1834     1.96004     2.00588  0.00254556
        1835     1.92433     2.00584  0.00254456
        1836     1.94891     2.00581  0.00254336
        1837     1.94607     2.00577  0.00254218
        1838     1.94072     2.00574  0.00254105
        1839     1.97058     2.00572  0.00253974
        1840     1.96405      2.0057  0.00253846
        1841     1.95144     2.00567  0.00253725
        1842     1.93024     2.00563   0.0025362
        1843     1.93373     2.00559  0.00253513
        1844       1.912     2.00554  0.00253426
        1845     1.91762     2.00549  0.00253333
        1846     1.91357     2.00544  0.00253245
        1847     1.91882     2.00539  0.00253151
        1848     1.94886     2.00536  0.00253033
        1849     1.93098     2.00532  0.00252928
        1850     1.95504     2.00529  0.00252806
        1851     1.95167     2.00526  0.00252686
        1852      1.9652     2.00524  0.00252559
        1853     1.95918     2.00522  0.00252435
        1854     1.95285     2.00519  0.00252314
        1855     1.96802     2.00517  0.00252186
        1856     1.96434     2.00515   0.0025206
        1857      1.9714     2.00513  0.00251931
        1858     1.99689     2.00513  0.00251796
        1859     2.00365     2.00512   0.0025166
        1860     1.98472     2.00511  0.00251527
        1861     1.99036     2.00511  0.00251393
        1862     2.01113     2.00511  0.00251259
        1863     2.00192     2.00511  0.00251124
        1864     2.00107     2.00511  0.00250989
        1865     2.00466      2.0051  0.00250855
        1866     1.99017      2.0051  0.00250721
        1867     1.97217     2.00508  0.00250593
        1868     1.94594     2.00505  0.00250479
        1869     1.94084     2.00501  0.00250369
        1870     1.92012     2.00497  0.00250276
        1871      1.9617     2.00494  0.00250153
        1872     1.96829     2.00493  0.00250027
        1873     1.98001     2.00491  0.00249897
        1874     2.00803     2.00491  0.00249764
        1875     1.97751      2.0049  0.00249635
        1876     1.96963     2.00488  0.00249509
        1877     1.98916     2.00487  0.00249377
        1878     1.97595     2.00486  0.00249249
        1879     1.95452     2.00483  0.00249131
        1880     1.97402     2.00481  0.00249004
        1881     1.96549     2.00479   0.0024888
        1882     1.98033     2.00478  0.00248751
        1883     1.96673     2.00476  0.00248627
        1884     1.99733     2.00476  0.00248496
        1885      2.0388     2.00477  0.00248371
        1886     1.98856     2.00476   0.0024824
        1887     2.02082     2.00477   0.0024811
        1888     2.01371     2.00478  0.00247979
        1889     1.99123     2.00477  0.00247849
        1890     1.97827     2.00476  0.00247722
        1891     2.00386     2.00476  0.00247591
        1892     1.99984     2.00475   0.0024746
        1893     1.98533     2.00474  0.00247332
        1894     2.00153     2.00474  0.00247201
        1895     1.98551     2.00473  0.00247073
        1896     2.05123     2.00476  0.00246955
        1897     2.03304     2.00477  0.00246829
        1898     2.04793     2.00479  0.00246709
        1899     2.01729      2.0048   0.0024658
        1900     2.00739      2.0048  0.00246451
        1901     2.02914     2.00481  0.00246324
        1902      2.0279     2.00483  0.00246198
        1903      2.0067     2.00483  0.00246068
        1904     2.02411     2.00484  0.00245941
        1905     1.97385     2.00482  0.00245817
        1906     2.00214     2.00482  0.00245689
        1907     1.94257     2.00479  0.00245581
        1908     1.91337     2.00474  0.00245499
        1909     1.91428     2.00469  0.00245417
        1910     1.89298     2.00463  0.00245358
        1911     1.88987     2.00457  0.00245303
        1912     1.86319      2.0045  0.00245286
        1913     1.90083     2.00445  0.00245218
        1914     1.89707     2.00439  0.00245154
        1915      1.9159     2.00434  0.00245069
        1916     1.91471      2.0043  0.00244986
        1917     1.92069     2.00425  0.00244897
        1918     1.97426     2.00424  0.00244774
        1919     1.96408     2.00422  0.00244656
        1920     2.00562     2.00422  0.00244528
        1921     1.97565      2.0042  0.00244405
        1922     2.02439     2.00421  0.00244281
        1923      2.0144     2.00422  0.00244154
        1924     1.98789     2.00421  0.00244029
        1925     2.01571     2.00422  0.00243903
        1926     2.04634     2.00424  0.00243786
        1927     2.02343     2.00425  0.00243661
        1928     2.05151     2.00427  0.00243547
        1929     2.05366      2.0043  0.00243434
        1930     2.01829      2.0043  0.00243309
        1931     2.04421     2.00433  0.00243192
        1932     2.01847     2.00433  0.00243067
        1933     2.02849     2.00434  0.00242945
        1934     2.01053     2.00435  0.00242819
        1935     2.01388     2.00435  0.00242694
        1936     2.00423     2.00435  0.00242569
        1937     1.97121     2.00434   0.0024245
        1938     2.02855     2.00435  0.00242328
        1939     1.99859     2.00435  0.00242203
        1940     2.01725     2.00435  0.00242079
        1941     1.98985     2.00434  0.00241956
        1942     2.01287     2.00435  0.00241832
        1943     2.01178     2.00435  0.00241707
        1944      1.9954     2.00435  0.00241583
        1945     1.97344     2.00433  0.00241465
        1946     1.97657     2.00432  0.00241345
        1947     1.95253     2.00429  0.00241235
        1948     1.95663     2.00427  0.00241124
        1949     1.96105     2.00424   0.0024101
        1950     1.94914     2.00422  0.00240903
        1951     1.92965     2.00418   0.0024081
        1952     1.94547     2.00415  0.00240706
        1953     1.94351     2.00412  0.00240602
        1954     1.94808     2.00409  0.00240496
        1955     1.92257     2.00405  0.00240409
        1956     1.94662     2.00402  0.00240304
        1957     1.93705     2.00398  0.00240206
        1958     1.95122     2.00396  0.00240098
        1959     1.96879     2.00394  0.00239983
        1960     1.96556     2.00392  0.00239868
        1961     2.01125     2.00392  0.00239746
        1962      1.9811     2.00391  0.00239627
        1963     2.01056     2.00391  0.00239505
        1964     2.01813     2.00392  0.00239384
        1965     1.99841     2.00392  0.00239262
        1966     2.01046     2.00392  0.00239141
        1967     2.01845     2.00393  0.00239021
        1968      2.0417     2.00395  0.00238907
        1969     1.99131     2.00394  0.00238786
        1970     2.04594     2.00396  0.00238675
        1971     2.01375     2.00397  0.00238554
        1972     2.02291     2.00398  0.00238435
        1973     2.01621     2.00398  0.00238315
        1974     2.00362     2.00398  0.00238194
        1975     1.95555     2.00396  0.00238086
        1976     1.93637     2.00393   0.0023799
        1977     1.95421      2.0039  0.00237883
        1978     1.94132     2.00387  0.00237784
        1979      1.9575     2.00385  0.00237675
        1980     1.95208     2.00382   0.0023757
        1981     1.97843     2.00381  0.00237453
        1982     1.99301      2.0038  0.00237334
        1983     1.98142     2.00379  0.00237217
        1984     1.98394     2.00378    0.002371
        1985     1.99149     2.00377  0.00236981
        1986     1.97552     2.00376  0.00236866
        1987     1.98484     2.00375  0.00236749
        1988     1.96367     2.00373  0.00236638
        1989     1.96397     2.00371  0.00236528
        1990     1.95275     2.00368  0.00236423
        1991     1.99598     2.00368  0.00236304
        1992     1.98109     2.00367  0.00236188
        1993       2.009     2.00367   0.0023607
        1994     1.98777     2.00366  0.00235953
        1995      1.9742     2.00365  0.00235839
        1996     1.95979     2.00363  0.00235731
        1997     1.96644     2.00361  0.00235621
        1998     1.94405     2.00358  0.00235522
        1999     1.92891     2.00354  0.00235433
        2000     1.90232     2.00349   0.0023537
