#     BLOCK:  ACTUAL_PE:     PE_AVE:      ERROR:
           1    -1.52842    -1.52842           0
           2    -1.44196    -1.48519   0.0305669
           3    -1.65437    -1.54158   0.0503525
           4    -1.62669    -1.56286   0.0420206
           5    -1.46982    -1.54425    0.037511
           6    -1.48231    -1.53393   0.0326488
           7    -1.38493    -1.51264   0.0342268
           8    -1.25305    -1.48019   0.0426411
           9    -1.13521    -1.44186    0.052371
          10    -1.08429     -1.4061   0.0580719
          11   -0.967325    -1.36621   0.0650656
          12   -0.944371    -1.33106   0.0684846
          13   -0.879699    -1.29634   0.0714779
          14   -0.844923     -1.2641   0.0732851
          15    -0.79157    -1.23259   0.0748645
          16   -0.751774    -1.20254   0.0759778
          17   -0.709673    -1.17355   0.0768413
          18   -0.692765    -1.14684    0.077075
          19   -0.650877    -1.12074   0.0773124
          20    -0.62546    -1.09597   0.0773112
          21   -0.603295    -1.07251   0.0771073
          22   -0.592781    -1.05071   0.0766238
          23   -0.614231    -1.03173   0.0756058
          24    -0.62905    -1.01495   0.0742939
          25   -0.663127    -1.00088   0.0726428
          26   -0.652179   -0.987467   0.0710761
          27   -0.648147   -0.974899   0.0695459
          28   -0.690818   -0.964753   0.0677981
          29   -0.649033   -0.953867   0.0663286
          30   -0.643732   -0.943529   0.0649182
          31   -0.693441   -0.935461   0.0633234
          32   -0.660271   -0.926862   0.0619257
          33   -0.640107   -0.918172   0.0606558
          34   -0.608011    -0.90905   0.0595538
          35    -0.58702   -0.899849   0.0585587
          36   -0.561904   -0.890462   0.0576796
          37   -0.562707   -0.881603   0.0567968
          38    -0.59372   -0.874027   0.0558052
          39   -0.601912    -0.86705   0.0548087
          40   -0.612188   -0.860679   0.0538076
          41   -0.575477   -0.853722   0.0529429
          42   -0.614341   -0.848023   0.0519883
          43   -0.561217   -0.841353   0.0512053
          44   -0.556236   -0.834873   0.0504499
          45   -0.540771   -0.828337   0.0497503
          46   -0.535498   -0.821971   0.0490744
          47   -0.508911   -0.815311   0.0484802
          48   -0.506184    -0.80887    0.047896
          49   -0.530014   -0.803179   0.0472554
          50   -0.508045   -0.797277   0.0466775
          51   -0.529038   -0.792017   0.0460577
          52   -0.495673   -0.786318   0.0455231
          53   -0.483753   -0.780609   0.0450207
          54   -0.498332   -0.775382   0.0444895
          55   -0.444516   -0.769366   0.0440854
          56   -0.467483   -0.763976   0.0436265
          57   -0.450741    -0.75848   0.0432059
          58   -0.456935   -0.753281   0.0427726
          59    -0.47642   -0.748589   0.0423043
          60   -0.452579   -0.743655   0.0418859
          61   -0.503111   -0.739712   0.0413844
          62   -0.485364   -0.735609   0.0409198
          63   -0.493094    -0.73176   0.0404509
          64   -0.447209   -0.727314   0.0400625
          65   -0.454188   -0.723112   0.0396659
          66   -0.451185   -0.718992   0.0392783
          67    -0.47782   -0.715392   0.0388566
          68   -0.474418   -0.711849   0.0384464
          69   -0.490671   -0.708643   0.0380226
          70   -0.460415   -0.705097   0.0376445
          71   -0.465072   -0.701716   0.0372657
          72   -0.496802    -0.69887   0.0368567
          73   -0.443237   -0.695368   0.0365178
          74   -0.454188   -0.692109   0.0361694
          75   -0.449598   -0.688876   0.0358314
          76   -0.440751   -0.685611   0.0355084
          77   -0.412839   -0.682068   0.0352235
          78   -0.424159   -0.678762   0.0349268
          79   -0.395381   -0.675175   0.0346684
          80   -0.405165     -0.6718   0.0343989
          81     -0.3954   -0.668387   0.0341431
          82   -0.382484   -0.664901   0.0339042
          83   -0.371672   -0.661368   0.0336793
          84   -0.385937   -0.658089   0.0334376
          85   -0.408777   -0.655156   0.0331726
          86   -0.408176   -0.652284    0.032911
          87   -0.427703   -0.649703   0.0326338
          88   -0.428209   -0.647186   0.0323598
          89    -0.43479   -0.644799   0.0320841
          90   -0.407158   -0.642159   0.0318361
          91   -0.427115   -0.639796   0.0315738
          92   -0.419835   -0.637405    0.031321
          93   -0.427004   -0.635142   0.0310658
          94    -0.38056   -0.632434   0.0308532
          95    -0.43153   -0.630319   0.0306008
          96   -0.417741   -0.628105   0.0303621
          97   -0.396649   -0.625719   0.0301427
          98   -0.380126   -0.623213   0.0299391
          99   -0.354877   -0.620502   0.0297591
         100   -0.349683   -0.617794   0.0295845
         101   -0.338626    -0.61503   0.0294204
         102   -0.324429   -0.612181   0.0292696
         103   -0.341004   -0.609548   0.0291036
         104   -0.334072   -0.606899    0.028944
         105   -0.346249   -0.604417   0.0287746
         106   -0.361381   -0.602124   0.0285944
         107   -0.373899   -0.599991   0.0284066
         108    -0.35364    -0.59771    0.028235
         109   -0.398796   -0.595885   0.0280349
         110   -0.399509     -0.5941   0.0278368
         111   -0.416657   -0.592501   0.0276319
         112   -0.399469   -0.590778   0.0274389
         113   -0.412175   -0.589197   0.0272415
         114   -0.413598   -0.587657   0.0270461
         115   -0.388081   -0.585922   0.0268665
         116   -0.404152   -0.584355   0.0266806
         117    -0.39104   -0.582702   0.0265036
         118   -0.393988   -0.581103   0.0263272
         119   -0.380233   -0.579415   0.0261601
         120   -0.389538   -0.577833   0.0259899
         121   -0.377938   -0.576181   0.0258275
         122   -0.394701   -0.574693   0.0256586
         123   -0.406054   -0.573322   0.0254866
         124   -0.412988   -0.572029   0.0253139
         125   -0.404797   -0.570691   0.0251467
         126   -0.449745   -0.569731   0.0249654
         127   -0.395914   -0.568363   0.0248063
         128   -0.396099   -0.567017    0.024649
         129   -0.397768   -0.565705   0.0244928
         130   -0.406661   -0.564482   0.0243349
         131   -0.391314    -0.56316   0.0241851
         132   -0.416574   -0.562049   0.0240273
         133   -0.404543   -0.560865   0.0238758
         134   -0.357407   -0.559347   0.0237459
         135   -0.368408   -0.557932   0.0236121
         136    -0.36196   -0.556491   0.0234824
         137   -0.386085   -0.555247   0.0233439
         138   -0.375446   -0.553944   0.0232111
         139   -0.358894   -0.552541   0.0230865
         140   -0.349758   -0.551093    0.022967
         141   -0.349112    -0.54966   0.0228487
         142   -0.329142   -0.548107   0.0227405
         143   -0.344786   -0.546686   0.0226259
         144   -0.337157    -0.54523   0.0225155
         145   -0.342147    -0.54383   0.0224037
         146   -0.370628   -0.542644   0.0222817
         147   -0.356018   -0.541374   0.0221662
         148   -0.386616   -0.540328   0.0220411
         149   -0.379666    -0.53925   0.0219195
         150   -0.367986   -0.538108   0.0218031
         151   -0.367792    -0.53698   0.0216879
         152   -0.374216    -0.53591   0.0215716
         153   -0.382834   -0.534909   0.0214538
         154   -0.382912   -0.533922   0.0213372
         155   -0.414058   -0.533149   0.0212136
         156   -0.384836   -0.532198   0.0210989
         157   -0.402305   -0.531371   0.0209807
         158   -0.397848   -0.530526   0.0208649
         159   -0.383088   -0.529598   0.0207543
         160   -0.385128   -0.528695   0.0206442
         161   -0.407893   -0.527945   0.0205296
         162    -0.41374    -0.52724    0.020415
         163    -0.43064   -0.526647   0.0202983
         164   -0.379719   -0.525752   0.0201943
         165   -0.385308     -0.5249   0.0200899
         166   -0.384388   -0.524054   0.0199867
         167   -0.365936   -0.523107   0.0198894
         168     -0.3729   -0.522213   0.0197911
         169   -0.367578   -0.521298   0.0196951
         170   -0.399647   -0.520582   0.0195923
         171   -0.363879   -0.519666   0.0194991
         172   -0.371395   -0.518804   0.0194048
         173   -0.357572   -0.517872    0.019315
         174   -0.368448   -0.517013   0.0192231
         175   -0.363144   -0.516134   0.0191333
         176   -0.364562   -0.515273    0.019044
         177   -0.348373    -0.51433   0.0189597
         178   -0.339625   -0.513348   0.0188786
         179   -0.373433   -0.512567   0.0187893
         180   -0.350535   -0.511667   0.0187065
         181   -0.381036   -0.510945    0.018617
         182   -0.348639   -0.510053   0.0185361
         183   -0.385032    -0.50937   0.0184474
         184   -0.353354   -0.508522   0.0183666
         185   -0.367477    -0.50776   0.0182831
         186   -0.419156   -0.507283   0.0181911
         187   -0.399532   -0.506707   0.0181029
         188   -0.389618   -0.506084   0.0180173
         189   -0.405814   -0.505554   0.0179298
         190   -0.408023    -0.50504   0.0178428
         191   -0.399745   -0.504489   0.0177579
         192   -0.353469   -0.503703   0.0176828
         193   -0.402819    -0.50318   0.0175989
         194   -0.377486   -0.502532   0.0175201
         195    -0.36963    -0.50185   0.0174435
         196   -0.413309   -0.501399   0.0173604
         197   -0.435752   -0.501065   0.0172754
         198   -0.424979   -0.500681   0.0171925
         199   -0.426468   -0.500308   0.0171101
         200   -0.400319   -0.499808   0.0170319
         201   -0.429755    -0.49946   0.0169507
         202   -0.396989   -0.498952   0.0168744
         203   -0.429972   -0.498613   0.0167947
         204   -0.421925   -0.498237   0.0167165
         205   -0.452402   -0.498013   0.0166365
         206   -0.422501   -0.497647   0.0165598
         207   -0.433124   -0.497335   0.0164827
         208   -0.445199   -0.497084   0.0164054
         209   -0.458765   -0.496901   0.0163279
         210   -0.424815   -0.496558   0.0162538
         211   -0.430101   -0.496243   0.0161798
         212   -0.408818    -0.49583   0.0161087
         213   -0.378413   -0.495279   0.0160425
         214   -0.396481   -0.494817   0.0159742
         215   -0.348254   -0.494136   0.0159144
         216    -0.35028    -0.49347   0.0158547
         217   -0.346661   -0.492793    0.015796
         218    -0.36444   -0.492204   0.0157346
         219   -0.364924   -0.491623   0.0156734
         220   -0.390368   -0.491163   0.0156089
         221   -0.405095   -0.490773   0.0155432
         222   -0.371183   -0.490235   0.0154825
         223   -0.374218   -0.489714   0.0154218
         224   -0.327089   -0.488988     0.01537
         225   -0.301688   -0.488156   0.0153243
         226   -0.290519   -0.487282   0.0152814
         227    -0.27829   -0.486361   0.0152418
         228   -0.324183    -0.48565   0.0151915
         229   -0.316536   -0.484911   0.0151431
         230   -0.339243   -0.484278   0.0150905
         231   -0.367648   -0.483773   0.0150336
         232   -0.329054   -0.483106   0.0149836
         233   -0.361662   -0.482585   0.0149284
         234   -0.367654   -0.482094   0.0148726
         235   -0.348086   -0.481523   0.0148203
         236   -0.324393   -0.480858   0.0147724
         237   -0.337946   -0.480255   0.0147224
         238   -0.330255   -0.479624    0.014674
         239    -0.32938   -0.478996   0.0146261
         240   -0.321452   -0.478339   0.0145799
         241   -0.318544   -0.477676   0.0145344
         242   -0.348698   -0.477143   0.0144842
         243   -0.321758   -0.476504   0.0144387
         244   -0.320055   -0.475863   0.0143937
         245   -0.329485   -0.475265   0.0143474
         246   -0.321384    -0.47464   0.0143027
         247   -0.331479    -0.47406   0.0142565
         248    -0.34861   -0.473554    0.014208
         249    -0.34705   -0.473046     0.01416
         250   -0.359614   -0.472592   0.0141106
         251   -0.392459   -0.472273    0.014058
         252    -0.37858   -0.471901   0.0140072
         253   -0.412712   -0.471667   0.0139537
         254     -0.4128   -0.471436   0.0139007
         255   -0.452134    -0.47136   0.0138464
         256    -0.49441    -0.47145   0.0137926
         257    -0.52108   -0.471643   0.0137403
         258   -0.535251    -0.47189   0.0136893
         259   -0.536249   -0.472138   0.0136387
         260   -0.518336   -0.472316   0.0135874
         261     -0.4947   -0.472402   0.0135356
         262   -0.510215   -0.472546   0.0134847
         263   -0.469406   -0.472534   0.0134334
         264   -0.471589    -0.47253   0.0133825
         265   -0.473532   -0.472534    0.013332
         266   -0.468726    -0.47252   0.0132819
         267   -0.476436   -0.472534   0.0132322
         268    -0.44415   -0.472429   0.0131832
         269   -0.475975   -0.472442   0.0131342
         270   -0.466979   -0.472421   0.0130856
         271   -0.452936    -0.47235   0.0130375
         272   -0.446253   -0.472254   0.0129899
         273    -0.44749   -0.472163   0.0129427
         274   -0.412644   -0.471946   0.0128973
         275   -0.439555   -0.471828   0.0128509
         276   -0.420837   -0.471643   0.0128057
         277   -0.456256   -0.471588   0.0127596
         278   -0.438357   -0.471468   0.0127142
         279   -0.477882   -0.471491   0.0126687
         280   -0.450256   -0.471415   0.0126236
         281   -0.466152   -0.471397   0.0125787
         282    -0.43675   -0.471274   0.0125347
         283   -0.402859   -0.471032   0.0124928
         284   -0.420236   -0.470853   0.0124501
         285   -0.422049   -0.470682   0.0124076
         286    -0.40274   -0.470444   0.0123664
         287   -0.455338   -0.470392   0.0123235
         288   -0.450849   -0.470324   0.0122809
         289   -0.435671   -0.470204    0.012239
         290   -0.469314   -0.470201   0.0121968
         291   -0.440075   -0.470097   0.0121553
         292   -0.413217   -0.469902   0.0121152
         293   -0.427518   -0.469758   0.0120747
         294   -0.420711   -0.469591   0.0120348
         295   -0.438452   -0.469485   0.0119945
         296   -0.390592   -0.469219   0.0119569
         297   -0.424705   -0.469069   0.0119176
         298   -0.449275   -0.469003   0.0118778
         299   -0.439443   -0.468904   0.0118385
         300   -0.442488   -0.468816   0.0117993
         301   -0.457095   -0.468777   0.0117602
         302   -0.439183   -0.468679   0.0117217
         303   -0.425092   -0.468535   0.0116839
         304   -0.423701   -0.468387   0.0116464
         305   -0.439752   -0.468294   0.0116086
         306   -0.456824   -0.468256   0.0115707
         307   -0.442396   -0.468172   0.0115333
         308   -0.439691   -0.468079   0.0114962
         309   -0.469856   -0.468085    0.011459
         310    -0.44147   -0.467999   0.0114224
         311     -0.4553   -0.467958   0.0113857
         312   -0.457043   -0.467923   0.0113493
         313   -0.462449   -0.467906    0.011313
         314   -0.457728   -0.467874   0.0112771
         315   -0.412001   -0.467696   0.0112427
         316   -0.434455   -0.467591   0.0112076
         317   -0.416512    -0.46743   0.0111734
         318    -0.34452   -0.467043   0.0111449
         319   -0.359458   -0.466706   0.0111151
         320   -0.332271   -0.466286   0.0110883
         321   -0.340491   -0.465894   0.0110607
         322    -0.32178   -0.465446   0.0110354
         323   -0.358173   -0.465114   0.0110062
         324   -0.362198   -0.464797   0.0109768
         325   -0.349593   -0.464442   0.0109488
         326   -0.383706   -0.464195    0.010918
         327   -0.385768   -0.463955   0.0108872
         328   -0.357367    -0.46363   0.0108589
         329   -0.394946   -0.463421   0.0108279
         330    -0.37446   -0.463151   0.0107984
         331   -0.353942   -0.462822   0.0107708
         332   -0.380187   -0.462573   0.0107413
         333   -0.396462   -0.462374   0.0107108
         334   -0.369024   -0.462095   0.0106824
         335   -0.399027   -0.461906   0.0106522
         336   -0.385682   -0.461679   0.0106229
         337   -0.404828   -0.461511   0.0105927
         338   -0.430005   -0.461418   0.0105618
         339   -0.470966   -0.461446   0.0105307
         340   -0.454087   -0.461424   0.0104997
         341   -0.433439   -0.461342   0.0104693
         342   -0.427515   -0.461243   0.0104391
         343   -0.387075   -0.461027   0.0104109
         344   -0.383292   -0.460801   0.0103831
         345   -0.388865   -0.460592   0.0103551
         346   -0.443475   -0.460543   0.0103253
         347   -0.409624   -0.460396   0.0102966
         348   -0.458394    -0.46039    0.010267
         349   -0.438009   -0.460326   0.0102378
         350   -0.445804   -0.460285   0.0102086
         351   -0.430277   -0.460199   0.0101799
         352   -0.411808   -0.460062   0.0101519
         353   -0.440565   -0.460007   0.0101233
         354   -0.470679   -0.460037   0.0100947
         355   -0.465668   -0.460053   0.0100663
         356   -0.480413    -0.46011   0.0100382
         357   -0.471397   -0.460141   0.0100101
         358   -0.449805   -0.460113   0.0099822
         359    -0.42198   -0.460006  0.00995496
         360   -0.401113   -0.459843  0.00992866
         361   -0.378829   -0.459618  0.00990369
         362   -0.375343   -0.459386  0.00987907
         363   -0.381302    -0.45917  0.00985419
         364   -0.374563   -0.458938  0.00982986
         365   -0.365241   -0.458681  0.00980628
         366   -0.374742   -0.458452  0.00978217
         367   -0.368461   -0.458207  0.00975859
         368   -0.352935   -0.457921  0.00973626
         369   -0.355961   -0.457644   0.0097138
         370   -0.331481   -0.457303  0.00969353
         371   -0.316374   -0.456924  0.00967484
         372   -0.308678   -0.456525  0.00965703
         373   -0.317945   -0.456153  0.00963829
         374   -0.324162   -0.455801  0.00961898
         375   -0.331367   -0.455469  0.00959905
         376   -0.365976   -0.455231  0.00957647
         377   -0.367656   -0.454998  0.00955388
         378   -0.416276   -0.454896  0.00952916
         379   -0.404114   -0.454762  0.00950496
         380   -0.448592   -0.454746  0.00947996
         381   -0.435932   -0.454696   0.0094552
         382   -0.431317   -0.454635  0.00943065
         383   -0.459961   -0.454649  0.00940604
         384   -0.428122    -0.45458   0.0093818
         385    -0.41356   -0.454473  0.00935803
         386   -0.425833   -0.454399  0.00933408
         387   -0.394043   -0.454243  0.00931127
         388   -0.401602   -0.454108  0.00928826
         389   -0.377685   -0.453911  0.00926646
         390   -0.376218   -0.453712  0.00924484
         391   -0.373505   -0.453507  0.00922347
         392    -0.35131   -0.453246  0.00920363
         393   -0.339609   -0.452957  0.00918475
         394   -0.329495   -0.452644  0.00916678
         395   -0.318992   -0.452305  0.00914982
         396   -0.354702   -0.452059  0.00913003
         397   -0.339386   -0.451775  0.00911144
         398   -0.366922   -0.451562  0.00909104
         399   -0.371627   -0.451361  0.00907046
         400   -0.350917    -0.45111  0.00905126
         401   -0.407086   -0.451001  0.00902936
         402   -0.364095   -0.450784  0.00900948
         403   -0.392916   -0.450641  0.00898827
         404    -0.31725   -0.450311  0.00897209
         405   -0.348948    -0.45006  0.00895342
         406    -0.32602   -0.449755  0.00893658
         407   -0.316001   -0.449426  0.00892067
         408   -0.302589   -0.449066  0.00890606
         409   -0.306945   -0.448719  0.00889106
         410   -0.290654   -0.448333  0.00887773
         411   -0.275318   -0.447912   0.0088661
         412    -0.28688   -0.447521  0.00885319
         413   -0.304013   -0.447174  0.00883857
         414   -0.302505   -0.446825  0.00882413
         415   -0.360494   -0.446616  0.00880532
         416   -0.298685   -0.446261  0.00879133
         417   -0.357309   -0.446048  0.00877283
         418   -0.373336   -0.445874  0.00875357
         419   -0.374951   -0.445704  0.00873432
         420   -0.382793   -0.445555   0.0087148
         421   -0.423886   -0.445503  0.00869426
         422   -0.449976   -0.445514  0.00867366
         423   -0.456985   -0.445541   0.0086532
         424   -0.501762   -0.445673   0.0086338
         425   -0.500927   -0.445803  0.00861447
         426   -0.449361   -0.445812  0.00859425
         427   -0.458732   -0.445842  0.00857418
         428    -0.43464   -0.445816  0.00855418
         429   -0.421575   -0.445759  0.00853443
         430   -0.409678   -0.445675    0.008515
         431   -0.421242   -0.445619  0.00849543
         432   -0.397594   -0.445508  0.00847649
         433   -0.419256   -0.445447  0.00845713
         434   -0.399939   -0.445342  0.00843829
         435   -0.379481   -0.445191  0.00842025
         436   -0.405898   -0.445101  0.00840142
         437   -0.413698   -0.445029  0.00838251
         438    -0.41297   -0.444956  0.00836369
         439   -0.424482   -0.444909  0.00834477
         440   -0.416838   -0.444845  0.00832604
         441   -0.423911   -0.444798   0.0083073
         442   -0.416032   -0.444733  0.00828876
         443   -0.406918   -0.444647  0.00827049
         444   -0.396373   -0.444538  0.00825258
         445   -0.404486   -0.444448  0.00823452
         446   -0.396793   -0.444342  0.00821675
         447   -0.367912   -0.444171  0.00820015
         448   -0.370712   -0.444007  0.00818348
         449   -0.334122   -0.443762  0.00816892
         450   -0.333317   -0.443516  0.00815445
         451   -0.363937    -0.44334  0.00813828
         452   -0.364408   -0.443165  0.00812215
         453    -0.33486   -0.442926  0.00810773
         454   -0.359698   -0.442743  0.00809195
         455   -0.342057   -0.442522  0.00807719
         456   -0.330135   -0.442275  0.00806324
         457   -0.347873   -0.442069  0.00804824
         458   -0.383357    -0.44194  0.00803169
         459   -0.391397    -0.44183  0.00801494
         460   -0.398556   -0.441736  0.00799807
         461   -0.403717   -0.441654  0.00798115
         462   -0.393233   -0.441549  0.00796456
         463   -0.373803   -0.441403   0.0079487
         464   -0.384327    -0.44128  0.00793252
         465   -0.355258   -0.441095  0.00791762
         466   -0.384417   -0.440973  0.00790156
         467   -0.359845   -0.440799  0.00788655
         468   -0.343993   -0.440592  0.00787241
         469   -0.340358   -0.440379  0.00785853
         470   -0.357872   -0.440203  0.00784377
         471   -0.363538    -0.44004   0.0078288
         472   -0.341697   -0.439832  0.00781499
         473   -0.357461   -0.439658  0.00780041
         474   -0.364559     -0.4395  0.00778556
         475    -0.37129   -0.439356  0.00777049
         476   -0.412973     -0.4393  0.00775437
         477   -0.410969   -0.439241  0.00773834
         478   -0.428354   -0.439218  0.00772218
         479   -0.418373   -0.439175  0.00770618
         480   -0.394692   -0.439082  0.00769068
         481   -0.396872   -0.438994   0.0076752
         482    -0.42252    -0.43896  0.00765935
         483   -0.447257   -0.438977  0.00764351
         484   -0.434926   -0.438969  0.00762772
         485    -0.45223   -0.438996  0.00761204
         486   -0.470908   -0.439062  0.00759666
         487   -0.472407    -0.43913  0.00758137
         488   -0.464994   -0.439183  0.00756602
         489    -0.46265   -0.439231   0.0075507
         490   -0.466193   -0.439286  0.00753549
         491   -0.504554   -0.439419  0.00752132
         492   -0.457435   -0.439456  0.00750612
         493    -0.46055   -0.439499  0.00749102
         494   -0.456903   -0.439534  0.00747594
         495   -0.489958   -0.439636  0.00746153
         496   -0.496146    -0.43975  0.00744735
         497   -0.517818   -0.439907  0.00743403
         498   -0.517239   -0.440062  0.00742072
         499   -0.562725   -0.440308  0.00740992
         500   -0.482719   -0.440393  0.00739559
         501   -0.512026   -0.440536  0.00738221
         502   -0.467138   -0.440589  0.00736769
         503   -0.467708   -0.440643  0.00735324
         504   -0.468551   -0.440698  0.00733886
         505   -0.452745   -0.440722  0.00732437
         506   -0.450341   -0.440741  0.00730991
         507   -0.451263   -0.440762  0.00729553
         508   -0.442296   -0.440765  0.00728117
         509   -0.392027   -0.440669  0.00726749
         510   -0.382557   -0.440555  0.00725413
         511   -0.373616   -0.440424  0.00724112
         512   -0.373267   -0.440293  0.00722817
         513   -0.362977   -0.440142  0.00721565
         514   -0.370086   -0.440006   0.0072029
         515   -0.402916   -0.439934  0.00718927
         516   -0.409233   -0.439874  0.00717558
         517   -0.430486   -0.439856  0.00716173
         518   -0.419548   -0.439817  0.00714801
         519   -0.428077   -0.439794  0.00713427
         520   -0.429053   -0.439774  0.00712058
         521   -0.425815   -0.439747  0.00710696
         522   -0.436916   -0.439742  0.00709335
         523   -0.427712   -0.439719  0.00707983
         524   -0.452004   -0.439742  0.00706635
         525   -0.464356   -0.439789  0.00705305
         526   -0.433266   -0.439776  0.00703965
         527   -0.444834   -0.439786   0.0070263
         528   -0.454871   -0.439815  0.00701305
         529   -0.449068   -0.439832  0.00699982
         530    -0.46571   -0.439881  0.00698678
         531   -0.441714   -0.439884  0.00697362
         532   -0.436154   -0.439877  0.00696052
         533   -0.372921   -0.439752  0.00694859
         534   -0.395801   -0.439669  0.00693607
         535     -0.3828   -0.439563  0.00692392
         536   -0.368112    -0.43943  0.00691228
         537   -0.379343   -0.439318  0.00690032
         538   -0.386189   -0.439219   0.0068882
         539   -0.389945   -0.439128  0.00687602
         540   -0.416962   -0.439087  0.00686341
         541   -0.444011   -0.439096  0.00685073
         542   -0.379118   -0.438985  0.00683899
         543     -0.3932   -0.438901  0.00682691
         544   -0.396149   -0.438822  0.00681481
         545   -0.359698   -0.438677  0.00680386
         546   -0.376842   -0.438564  0.00679234
         547   -0.359305   -0.438419  0.00678146
         548   -0.377125   -0.438307  0.00677001
         549   -0.370844   -0.438184   0.0067588
         550   -0.362054   -0.438046  0.00674792
         551   -0.377174   -0.437935  0.00673658
         552   -0.378011   -0.437827  0.00672525
         553   -0.411731    -0.43778  0.00671326
         554    -0.42733   -0.437761  0.00670117
         555   -0.383718   -0.437663   0.0066898
         556   -0.405964   -0.437606  0.00667801
         557   -0.413306   -0.437563  0.00666616
         558   -0.370962   -0.437443  0.00665528
         559    -0.40319   -0.437382  0.00664366
         560   -0.399039   -0.437314  0.00663215
         561   -0.414945   -0.437274  0.00662045
         562   -0.426782   -0.437255  0.00660869
         563   -0.431023   -0.437244  0.00659696
         564   -0.406037   -0.437189   0.0065855
         565     -0.3873     -0.4371  0.00657444
         566   -0.405139   -0.437044  0.00656306
         567   -0.374267   -0.436933  0.00655242
         568   -0.414886   -0.436894    0.006541
         569   -0.396136   -0.436823   0.0065299
         570   -0.399848   -0.436758  0.00651876
         571   -0.396394   -0.436687  0.00650773
         572   -0.356283   -0.436547  0.00649787
         573   -0.364088    -0.43642  0.00648776
         574   -0.350656   -0.436271  0.00647818
         575    -0.35316   -0.436126  0.00646853
         576   -0.364688   -0.436002  0.00645848
         577   -0.366617   -0.435882  0.00644841
         578   -0.392358   -0.435807  0.00643769
         579   -0.395002   -0.435736  0.00642696
         580   -0.414533     -0.4357  0.00641598
         581    -0.44162    -0.43571  0.00640495
         582   -0.408145   -0.435662  0.00639412
         583    -0.41431   -0.435626  0.00638326
         584   -0.379157   -0.435529  0.00637306
         585   -0.343605   -0.435372   0.0063641
         586   -0.378969   -0.435276  0.00635397
         587   -0.357947   -0.435144  0.00634451
         588    -0.33368   -0.434971  0.00633607
         589   -0.378717   -0.434876  0.00632603
         590   -0.349055    -0.43473  0.00631698
         591   -0.365989   -0.434614  0.00630736
         592   -0.373603   -0.434511  0.00629755
         593   -0.326033   -0.434328  0.00628958
         594   -0.379657   -0.434236  0.00627967
         595   -0.347804   -0.434091   0.0062708
         596   -0.343266   -0.433938  0.00626212
         597   -0.343639   -0.433787  0.00625346
         598   -0.334545   -0.433621  0.00624521
         599   -0.331393   -0.433451  0.00623711
         600   -0.325037    -0.43327  0.00622933
         601   -0.306402   -0.433059  0.00622254
         602   -0.327482   -0.432883  0.00621468
         603   -0.330264   -0.432713   0.0062067
         604   -0.324601   -0.432534  0.00619901
         605   -0.330149   -0.432365  0.00619107
         606   -0.339276   -0.432211  0.00618276
         607   -0.373583   -0.432115  0.00617333
         608   -0.392763    -0.43205  0.00616351
         609   -0.419349   -0.432029  0.00615343
         610    -0.38445   -0.431951  0.00614383
         611    -0.39361   -0.431888   0.0061341
         612   -0.375078   -0.431796  0.00612478
         613   -0.356482   -0.431673  0.00611602
         614   -0.358892   -0.431554  0.00610721
         615   -0.369233   -0.431453  0.00609812
         616   -0.365728   -0.431346  0.00608915
         617    -0.34051   -0.431199  0.00608106
         618   -0.369314   -0.431099  0.00607205
         619   -0.359906   -0.430984  0.00606333
         620   -0.338698   -0.430835  0.00605537
         621   -0.358747   -0.430719  0.00604673
         622   -0.390222   -0.430654  0.00603736
         623   -0.376702   -0.430567  0.00602829
         624   -0.368121   -0.430467  0.00601946
         625    -0.38402   -0.430393  0.00601029
         626   -0.339841   -0.430248  0.00600243
         627   -0.331778   -0.430091  0.00599491
         628   -0.342711   -0.429952  0.00598698
         629   -0.322904   -0.429782  0.00597988
         630   -0.339332   -0.429638  0.00597211
         631   -0.370873   -0.429545  0.00596337
         632   -0.380949   -0.429468  0.00595443
         633   -0.408492   -0.429435  0.00594512
         634    -0.40006   -0.429389  0.00593592
         635   -0.428681   -0.429388  0.00592657
         636   -0.408811   -0.429355  0.00591734
         637    -0.42014   -0.429341  0.00590807
         638   -0.393424   -0.429284  0.00589908
         639   -0.421302   -0.429272  0.00588986
         640   -0.405291   -0.429235  0.00588078
         641   -0.361613   -0.429129  0.00587255
         642   -0.356857   -0.429016  0.00586448
         643   -0.358592   -0.428907  0.00585638
         644   -0.325128   -0.428746  0.00584951
         645   -0.333613   -0.428598   0.0058423
         646   -0.330994   -0.428447  0.00583521
         647   -0.362392   -0.428345  0.00582708
         648   -0.329092   -0.428192   0.0058201
         649   -0.352175   -0.428075  0.00581231
         650   -0.363059   -0.427975  0.00580423
         651     -0.3681   -0.427883  0.00579604
         652   -0.385053   -0.427817  0.00578753
         653    -0.40497   -0.427782  0.00577877
         654   -0.404704   -0.427747  0.00577004
         655   -0.378711   -0.427672  0.00576172
         656   -0.406354   -0.427639  0.00575303
         657   -0.360317   -0.427537  0.00574518
         658   -0.358748   -0.427432   0.0057374
         659   -0.334549   -0.427292  0.00573043
         660   -0.337891   -0.427156  0.00572334
         661    -0.34113   -0.427026  0.00571616
         662   -0.328427   -0.426877  0.00570947
         663   -0.344557   -0.426753  0.00570221
         664   -0.370435   -0.426668  0.00569425
         665   -0.386765   -0.426608  0.00568601
         666   -0.366841   -0.426518  0.00567818
         667   -0.390322   -0.426464  0.00566992
         668    -0.38987   -0.426409   0.0056617
         669   -0.367142   -0.426321  0.00565393
         670    -0.37913    -0.42625  0.00564593
         671   -0.376713   -0.426176    0.005638
         672   -0.366743   -0.426088   0.0056303
         673   -0.386402   -0.426029  0.00562224
         674   -0.361643   -0.425933  0.00561471
         675   -0.338399   -0.425804  0.00560789
         676   -0.361581   -0.425709   0.0056004
         677   -0.376864   -0.425637  0.00559259
         678   -0.363181   -0.425544   0.0055851
         679   -0.345428   -0.425426  0.00557813
         680   -0.366207   -0.425339   0.0055706
         681   -0.331064   -0.425201  0.00556414
         682   -0.331243   -0.425063  0.00555769
         683   -0.356541   -0.424963  0.00555046
         684   -0.333837    -0.42483  0.00554394
         685   -0.375668   -0.424758  0.00553631
         686     -0.3992   -0.424721  0.00552837
         687   -0.444814    -0.42475   0.0055204
         688    -0.44614   -0.424781  0.00551246
         689   -0.471338   -0.424849  0.00550487
         690   -0.462381   -0.424903  0.00549716
         691   -0.460218   -0.424954  0.00548945
         692   -0.431105   -0.424963  0.00548152
         693   -0.457903    -0.42501  0.00547382
         694   -0.439313   -0.425031  0.00546597
         695   -0.436584   -0.425048  0.00545813
         696   -0.426753    -0.42505  0.00545029
         697   -0.384179   -0.424991  0.00544278
         698   -0.411696   -0.424972  0.00543502
         699   -0.369552   -0.424893  0.00542782
         700   -0.367733   -0.424811  0.00542068
         701   -0.346176   -0.424699  0.00541411
         702   -0.368743    -0.42462  0.00540698
         703   -0.353543   -0.424518  0.00540024
         704   -0.359952   -0.424427  0.00539335
         705   -0.372931   -0.424354  0.00538619
         706   -0.358218    -0.42426  0.00537938
         707   -0.351701   -0.424157  0.00537275
         708   -0.381722   -0.424097  0.00536549
         709   -0.350304   -0.423993  0.00535893
         710   -0.371169   -0.423919   0.0053519
         711   -0.343257   -0.423806  0.00534558
         712   -0.341676    -0.42369  0.00533931
         713   -0.339026   -0.423571  0.00533315
         714    -0.32731   -0.423437  0.00532738
         715   -0.347614   -0.423331  0.00532098
         716    -0.37216   -0.423259  0.00531403
         717   -0.391133   -0.423214  0.00530681
         718   -0.346882   -0.423108  0.00530048
         719   -0.385567   -0.423056  0.00529337
         720   -0.363252   -0.422973  0.00528667
         721   -0.384196   -0.422919  0.00527961
         722    -0.39318   -0.422878  0.00527246
         723   -0.408899   -0.422858   0.0052652
         724   -0.438486    -0.42288  0.00525797
         725   -0.397907   -0.422846  0.00525083
         726   -0.444256   -0.422875  0.00524368
         727   -0.418384   -0.422869  0.00523648
         728   -0.384604   -0.422816  0.00522955
         729   -0.419601   -0.422812  0.00522237
         730   -0.412648   -0.422798  0.00521524
         731   -0.428318   -0.422806  0.00520811
         732    -0.42452   -0.422808    0.005201
         733    -0.44969   -0.422845  0.00519403
         734   -0.409193   -0.422826  0.00518699
         735    -0.41888   -0.422821  0.00517993
         736   -0.418177   -0.422814   0.0051729
         737   -0.420631   -0.422811  0.00516588
         738   -0.374153   -0.422745   0.0051593
         739    -0.39169   -0.422703  0.00515249
         740   -0.365404   -0.422626  0.00514611
         741   -0.359095    -0.42254  0.00513988
         742   -0.352085   -0.422445  0.00513383
         743   -0.396661   -0.422411  0.00512704
         744   -0.372874   -0.422344  0.00512058
         745    -0.38233    -0.42229  0.00511399
         746   -0.405605   -0.422268  0.00510718
         747   -0.392392   -0.422228   0.0051005
         748   -0.393063   -0.422189  0.00509383
         749   -0.413302   -0.422177  0.00508704
         750   -0.381096   -0.422122  0.00508055
         751   -0.413784   -0.422111   0.0050738
         752   -0.410601   -0.422096  0.00506708
         753   -0.435863   -0.422114  0.00506038
         754   -0.404146    -0.42209  0.00505373
         755   -0.423285   -0.422092  0.00504703
         756   -0.381857   -0.422039  0.00504064
         757   -0.353748   -0.421948  0.00503479
         758   -0.334622   -0.421833  0.00502946
         759   -0.317108   -0.421695  0.00502473
         760    -0.36093   -0.421615  0.00501875
         761   -0.353074   -0.421525  0.00501297
         762   -0.374114   -0.421463  0.00500677
         763   -0.392762   -0.421425  0.00500035
         764   -0.402229     -0.4214  0.00499387
         765   -0.405057   -0.421379  0.00498739
         766   -0.413246   -0.421368  0.00498089
         767    -0.38142   -0.421316  0.00497467
         768   -0.351626   -0.421225  0.00496902
         769   -0.362987    -0.42115  0.00496313
         770   -0.365648   -0.421078  0.00495721
         771   -0.361462      -0.421  0.00495138
         772   -0.385083   -0.420954  0.00494519
         773   -0.378081   -0.420898   0.0049391
         774   -0.369867   -0.420832  0.00493316
         775   -0.330683   -0.420716  0.00492817
         776   -0.357339   -0.420634  0.00492249
         777      -0.315   -0.420498  0.00491803
         778   -0.350124   -0.420408  0.00491254
         779   -0.337871   -0.420302  0.00490738
         780   -0.329178   -0.420185  0.00490248
         781   -0.342152   -0.420085  0.00489722
         782   -0.337534    -0.41998   0.0048921
         783   -0.341137   -0.419879  0.00488688
         784   -0.325875   -0.419759  0.00488212
         785   -0.338663   -0.419656    0.004877
         786   -0.341424   -0.419556  0.00487181
         787   -0.352149   -0.419471  0.00486637
         788   -0.349272   -0.419382  0.00486101
         789   -0.352068   -0.419296   0.0048556
         790   -0.366768    -0.41923   0.0048499
         791   -0.358799   -0.419153  0.00484437
         792   -0.350947   -0.419067  0.00483902
         793   -0.401933   -0.419046  0.00483297
         794   -0.397549   -0.419019  0.00482696
         795   -0.434686   -0.419038  0.00482093
         796   -0.446305   -0.419073  0.00481499
         797   -0.464961    -0.41913   0.0048093
         798   -0.454218   -0.419174  0.00480347
         799   -0.457665   -0.419222   0.0047977
         800   -0.430055   -0.419236  0.00479172
         801   -0.438132   -0.419259   0.0047858
         802   -0.464395   -0.419316  0.00478016
         803   -0.452759   -0.419357  0.00477439
         804   -0.452793   -0.419399  0.00476863
         805   -0.436065    -0.41942  0.00476275
         806    -0.42153   -0.419422  0.00475684
         807   -0.405267   -0.419405  0.00475098
         808   -0.373194   -0.419348  0.00474545
         809   -0.363261   -0.419278  0.00474009
         810    -0.36066   -0.419206  0.00473479
         811   -0.381574   -0.419159  0.00472918
         812    -0.35997   -0.419087  0.00472391
         813    -0.36336   -0.419018   0.0047186
         814   -0.355956    -0.41894  0.00471344
         815   -0.342934   -0.418847  0.00470858
         816   -0.342528   -0.418754  0.00470374
         817   -0.332463   -0.418648  0.00469917
         818   -0.325204   -0.418534  0.00469481
         819   -0.328836   -0.418424  0.00469036
         820   -0.359311   -0.418352  0.00468519
         821    -0.33122   -0.418246  0.00468068
         822   -0.384386   -0.418205  0.00467517
         823   -0.339293   -0.418109  0.00467047
         824   -0.365141   -0.418045  0.00466525
         825    -0.36963   -0.417986  0.00465996
         826   -0.369113   -0.417927   0.0046547
         827   -0.364626   -0.417862  0.00464951
         828   -0.380313   -0.417817  0.00464412
         829   -0.377032   -0.417768  0.00463878
         830   -0.358525   -0.417697  0.00463374
         831   -0.364992   -0.417633   0.0046286
         832   -0.362183   -0.417566  0.00462351
         833   -0.353008   -0.417489  0.00461861
         834   -0.345822   -0.417403  0.00461387
         835   -0.376413   -0.417354  0.00460861
         836   -0.375355   -0.417304  0.00460337
         837   -0.353968   -0.417228  0.00459849
         838   -0.354477   -0.417153  0.00459361
         839   -0.348331   -0.417071  0.00458887
         840   -0.326925   -0.416964  0.00458466
         841   -0.332253   -0.416863  0.00458032
         842    -0.35445   -0.416789  0.00457548
         843   -0.354265   -0.416715  0.00457065
         844   -0.346635   -0.416632  0.00456599
         845   -0.349582   -0.416552  0.00456128
         846   -0.334899   -0.416456  0.00455691
         847    -0.34273   -0.416369  0.00455236
         848   -0.350248   -0.416291  0.00454766
         849   -0.334629   -0.416195  0.00454332
         850   -0.366418   -0.416136  0.00453835
         851   -0.374964   -0.416088  0.00453327
         852   -0.393755   -0.416062  0.00452803
         853   -0.428949   -0.416077  0.00452275
         854    -0.41401   -0.416074  0.00451745
         855   -0.447253   -0.416111  0.00451231
         856   -0.478454   -0.416184  0.00450763
         857   -0.466631   -0.416242  0.00450276
         858   -0.479997   -0.416317  0.00449812
         859   -0.474073   -0.416384  0.00449339
         860   -0.468747   -0.416445  0.00448857
         861   -0.483385   -0.416523  0.00448403
         862   -0.455205   -0.416567  0.00447906
         863   -0.473248   -0.416633  0.00447435
         864   -0.465388    -0.41669  0.00446953
         865   -0.441906   -0.416719  0.00446445
         866   -0.410081   -0.416711   0.0044593
         867    -0.42314   -0.416718  0.00445417
         868   -0.344991   -0.416636   0.0044498
         869   -0.416368   -0.416635  0.00444468
         870   -0.411911    -0.41663  0.00443958
         871   -0.417644   -0.416631  0.00443448
         872   -0.430794   -0.416647  0.00442942
         873   -0.461262   -0.416699  0.00442464
         874   -0.458982   -0.416747  0.00441985
         875   -0.446605   -0.416781  0.00441493
         876   -0.455319   -0.416825  0.00441011
         877   -0.449032   -0.416862  0.00440523
         878   -0.473377   -0.416926  0.00440068
         879   -0.492321   -0.417012  0.00439651
         880   -0.491201   -0.417096  0.00439233
         881   -0.480978   -0.417169  0.00438794
         882   -0.530425   -0.417297  0.00438484
         883   -0.530088   -0.417425  0.00438174
         884   -0.496019   -0.417514  0.00437768
         885   -0.503789   -0.417611  0.00437382
         886   -0.479479   -0.417681  0.00436944
         887   -0.460624    -0.41773  0.00436478
         888   -0.454375   -0.417771  0.00436006
         889    -0.44262   -0.417799  0.00435525
         890    -0.42405   -0.417806  0.00435036
         891   -0.421638    -0.41781  0.00434548
         892   -0.408088   -0.417799  0.00434062
         893   -0.416548   -0.417798  0.00433576
         894   -0.416638   -0.417796  0.00433091
         895   -0.384798    -0.41776  0.00432623
         896   -0.421727   -0.417764   0.0043214
         897   -0.432222    -0.41778  0.00431662
         898   -0.379023   -0.417737  0.00431202
         899   -0.442899   -0.417765  0.00430732
         900   -0.460868   -0.417813   0.0043028
         901   -0.430079   -0.417826  0.00429805
         902   -0.460639   -0.417874  0.00429354
         903   -0.434981   -0.417893  0.00428883
         904   -0.402881   -0.417876  0.00428412
         905   -0.382222   -0.417837  0.00427956
         906    -0.32903   -0.417739  0.00427596
         907   -0.348283   -0.417662  0.00427193
         908   -0.333944    -0.41757  0.00426822
         909   -0.353705     -0.4175  0.00426411
         910   -0.368073   -0.417446  0.00425977
         911   -0.363553   -0.417386   0.0042555
         912   -0.405527   -0.417373  0.00425086
         913   -0.380242   -0.417333  0.00424639
         914   -0.427558   -0.417344  0.00424176
         915   -0.422218   -0.417349  0.00423713
         916   -0.427145    -0.41736  0.00423252
         917   -0.410728   -0.417353  0.00422791
         918   -0.437407   -0.417375  0.00422336
         919   -0.403935    -0.41736  0.00421879
         920   -0.408292    -0.41735  0.00421422
         921   -0.376729   -0.417306  0.00420987
         922   -0.352355   -0.417235  0.00420589
         923   -0.365879    -0.41718  0.00420171
         924   -0.345992   -0.417103  0.00419786
         925   -0.340847    -0.41702  0.00419414
         926   -0.328728   -0.416925  0.00419069
         927   -0.341992   -0.416844  0.00418695
         928   -0.342737   -0.416764   0.0041832
         929   -0.335688   -0.416677  0.00417961
         930   -0.345924   -0.416601   0.0041758
         931   -0.354954   -0.416535  0.00417184
         932   -0.369785   -0.416485  0.00416767
         933   -0.383503   -0.416449  0.00416335
         934   -0.427197   -0.416461  0.00415891
         935   -0.409864   -0.416454  0.00415447
         936   -0.402683   -0.416439  0.00415006
         937   -0.427352   -0.416451  0.00414564
         938   -0.411362   -0.416445  0.00414123
         939   -0.402115    -0.41643  0.00413684
         940   -0.395224   -0.416407  0.00413251
         941   -0.406517   -0.416397  0.00412813
         942   -0.389903   -0.416369  0.00412384
         943   -0.365548   -0.416315  0.00411982
         944   -0.332101   -0.416226  0.00411642
         945   -0.339685   -0.416145  0.00411286
         946   -0.319233   -0.416042  0.00410979
         947   -0.327607   -0.415949  0.00410651
         948   -0.340915    -0.41587  0.00410294
         949   -0.344365   -0.415794  0.00409931
         950   -0.350485   -0.415726  0.00409557
         951    -0.36315    -0.41567  0.00409164
         952   -0.359952   -0.415612  0.00408776
         953   -0.368247   -0.415562  0.00408377
         954    -0.37371   -0.415518  0.00407973
         955   -0.369661    -0.41547  0.00407574
         956   -0.343763   -0.415395  0.00407216
         957   -0.332024   -0.415308  0.00406884
         958   -0.348816   -0.415239  0.00406519
         959    -0.34601   -0.415166  0.00406159
         960   -0.353524   -0.415102  0.00405786
         961   -0.337185   -0.415021  0.00405445
         962   -0.397184   -0.415003  0.00405028
         963   -0.409011   -0.414996  0.00404608
         964   -0.359084   -0.414938   0.0040423
         965   -0.414297   -0.414938  0.00403811
         966   -0.353648   -0.414874  0.00403443
         967    -0.32707   -0.414783  0.00403128
         968   -0.356471   -0.414723  0.00402756
         969   -0.380056   -0.414687  0.00402356
         970   -0.372108   -0.414644  0.00401965
         971   -0.417241   -0.414646  0.00401552
         972   -0.426904   -0.414659   0.0040114
         973   -0.402128   -0.414646   0.0040073
         974   -0.389317    -0.41462  0.00400327
         975   -0.390373   -0.414595  0.00399924
         976   -0.380836   -0.414561   0.0039953
         977    -0.35162   -0.414496  0.00399173
         978   -0.373861   -0.414455  0.00398786
         979   -0.368643   -0.414408  0.00398406
         980   -0.346838   -0.414339  0.00398059
         981   -0.357806   -0.414281  0.00397695
         982   -0.347332   -0.414213  0.00397349
         983   -0.345196   -0.414143  0.00397007
         984   -0.367768   -0.414096  0.00396631
         985   -0.380393   -0.414061  0.00396243
         986   -0.397236   -0.414044  0.00395845
         987   -0.410805   -0.414041  0.00395444
         988   -0.422109   -0.414049  0.00395045
         989   -0.412738   -0.414048  0.00394645
         990   -0.403909   -0.414038  0.00394248
         991   -0.404213   -0.414028  0.00393851
         992   -0.373385   -0.413987  0.00393476
         993   -0.384279   -0.413957  0.00393091
         994   -0.359242   -0.413902  0.00392734
         995   -0.358278   -0.413846  0.00392379
         996    -0.40409   -0.413836  0.00391986
         997   -0.423655   -0.413846  0.00391594
         998   -0.417699    -0.41385  0.00391202
         999   -0.436577   -0.413873  0.00390817
        1000   -0.428455   -0.413887  0.00390429
        1001   -0.421307   -0.413895   0.0039004
        1002   -0.429502    -0.41391  0.00389653
        1003   -0.432359   -0.413929  0.00389269
        1004    -0.44545    -0.41396  0.00388894
        1005   -0.446825   -0.413993  0.00388521
        1006   -0.477898   -0.414056  0.00388187
        1007    -0.44955   -0.414091  0.00387817
        1008   -0.439498   -0.414117  0.00387441
        1009   -0.410222   -0.414113  0.00387057
        1010   -0.384561   -0.414084  0.00386685
        1011   -0.354894   -0.414025  0.00386347
        1012   -0.354056   -0.413966   0.0038601
        1013   -0.345436   -0.413898  0.00385688
        1014   -0.378679   -0.413863  0.00385324
        1015   -0.387538   -0.413837  0.00384953
        1016   -0.408387   -0.413832  0.00384574
        1017   -0.411335    -0.41383  0.00384196
        1018   -0.408474   -0.413824  0.00383819
        1019   -0.405071   -0.413816  0.00383444
        1020   -0.399457   -0.413802   0.0038307
        1021   -0.388117   -0.413777  0.00382703
        1022   -0.362973   -0.413727  0.00382361
        1023   -0.367703   -0.413682  0.00382014
        1024    -0.33981    -0.41361  0.00381709
        1025   -0.349532   -0.413547  0.00381388
        1026   -0.351442   -0.413487  0.00381064
        1027   -0.357995   -0.413433  0.00380731
        1028   -0.368858   -0.413389  0.00380386
        1029   -0.373189    -0.41335  0.00380036
        1030   -0.382608    -0.41332  0.00379679
        1031   -0.416654   -0.413324  0.00379311
        1032   -0.407392   -0.413318  0.00378943
        1033   -0.427076   -0.413331  0.00378579
        1034   -0.442006   -0.413359  0.00378223
        1035   -0.424211   -0.413369  0.00377859
        1036   -0.402975   -0.413359  0.00377496
        1037   -0.403382    -0.41335  0.00377133
        1038   -0.431208   -0.413367  0.00376773
        1039   -0.440396   -0.413393   0.0037642
        1040    -0.45923   -0.413437  0.00376084
        1041   -0.461786   -0.413483  0.00375751
        1042   -0.460152   -0.413528  0.00375417
        1043   -0.449599   -0.413563  0.00375073
        1044    -0.45318   -0.413601  0.00374733
        1045    -0.44198   -0.413628  0.00374384
        1046   -0.429702   -0.413643  0.00374029
        1047   -0.416784   -0.413646  0.00373672
        1048   -0.390698   -0.413624  0.00373322
        1049   -0.390697   -0.413603  0.00372973
        1050    -0.38397   -0.413574  0.00372628
        1051   -0.389512   -0.413551  0.00372281
        1052   -0.403422   -0.413542  0.00371928
        1053   -0.377125   -0.413507  0.00371591
        1054   -0.409878   -0.413504  0.00371239
        1055   -0.420539    -0.41351  0.00370887
        1056     -0.3885   -0.413487  0.00370544
        1057   -0.403255   -0.413477  0.00370194
        1058   -0.370309   -0.413436  0.00369867
        1059   -0.349056   -0.413375  0.00369568
        1060   -0.385344   -0.413349  0.00369228
        1061   -0.362798   -0.413301  0.00368911
        1062   -0.361356   -0.413252  0.00368596
        1063   -0.371976   -0.413214   0.0036827
        1064   -0.391048   -0.413193   0.0036793
        1065   -0.379796   -0.413161  0.00367598
        1066   -0.383038   -0.413133  0.00367264
        1067   -0.360361   -0.413084  0.00366953
        1068   -0.352137   -0.413027  0.00366653
        1069   -0.329861   -0.412949  0.00366393
        1070   -0.348788   -0.412889    0.003661
        1071   -0.348036   -0.412828  0.00365808
        1072   -0.359696   -0.412779    0.003655
        1073    -0.38288   -0.412751   0.0036517
        1074   -0.425503   -0.412763  0.00364832
        1075    -0.43185   -0.412781  0.00364497
        1076   -0.419287   -0.412787  0.00364159
        1077   -0.426675   -0.412799  0.00363823
        1078   -0.407264   -0.412794  0.00363486
        1079   -0.394399   -0.412777  0.00363153
        1080   -0.403153   -0.412768  0.00362818
        1081   -0.405497   -0.412762  0.00362483
        1082   -0.402748   -0.412752  0.00362149
        1083   -0.380862   -0.412723  0.00361827
        1084   -0.412284   -0.412723  0.00361493
        1085   -0.396896   -0.412708  0.00361163
        1086   -0.390711   -0.412688  0.00360836
        1087   -0.398919   -0.412675  0.00360506
        1088   -0.415902   -0.412678  0.00360175
        1089   -0.382173    -0.41265  0.00359855
        1090   -0.407551   -0.412645  0.00359525
        1091    -0.41552   -0.412648  0.00359196
        1092   -0.401847   -0.412638  0.00358868
        1093   -0.384994   -0.412613  0.00358549
        1094   -0.405487   -0.412606  0.00358221
        1095   -0.358013   -0.412556  0.00357929
        1096    -0.36688   -0.412515  0.00357627
        1097   -0.345439   -0.412454  0.00357353
        1098   -0.364138    -0.41241  0.00357055
        1099   -0.323299   -0.412328  0.00356822
        1100   -0.374044   -0.412294  0.00356514
        1101   -0.388257   -0.412272  0.00356197
        1102   -0.398583   -0.412259  0.00355876
        1103   -0.402636   -0.412251  0.00355555
        1104   -0.413098   -0.412251  0.00355232
        1105     -0.4062   -0.412246  0.00354911
        1106   -0.400217   -0.412235  0.00354592
        1107   -0.394832   -0.412219  0.00354275
        1108   -0.373891   -0.412185  0.00353973
        1109   -0.391951   -0.412167  0.00353658
        1110    -0.37711   -0.412135  0.00353354
        1111   -0.363923   -0.412092  0.00353062
        1112   -0.339226   -0.412026  0.00352805
        1113   -0.349662    -0.41197  0.00352533
        1114   -0.356623    -0.41192  0.00352251
        1115   -0.326809   -0.411844  0.00352018
        1116   -0.345356   -0.411784  0.00351753
        1117    -0.34018    -0.41172  0.00351497
        1118   -0.343128   -0.411659  0.00351236
        1119   -0.331576   -0.411587  0.00350995
        1120   -0.313701     -0.4115   0.0035079
        1121   -0.311221   -0.411411  0.00350591
        1122   -0.307579   -0.411318  0.00350401
        1123   -0.305496   -0.411224  0.00350216
        1124   -0.337039   -0.411158  0.00349966
        1125   -0.299119   -0.411058  0.00349797
        1126   -0.361952   -0.411015  0.00349513
        1127   -0.352437   -0.410963  0.00349242
        1128   -0.365093   -0.410922  0.00348956
        1129   -0.353118   -0.410871  0.00348684
        1130   -0.360855   -0.410826  0.00348404
        1131   -0.364849   -0.410786   0.0034812
        1132   -0.352218   -0.410734  0.00347851
        1133   -0.360041   -0.410689  0.00347572
        1134   -0.381151   -0.410663  0.00347276
        1135   -0.386802   -0.410642  0.00346976
        1136   -0.361713   -0.410599  0.00346697
        1137   -0.363893   -0.410558  0.00346417
        1138   -0.364832   -0.410518  0.00346136
        1139   -0.347118   -0.410462  0.00345876
        1140   -0.356852   -0.410415  0.00345605
        1141   -0.336317    -0.41035  0.00345363
        1142   -0.348945   -0.410297  0.00345103
        1143   -0.340848   -0.410236  0.00344854
        1144   -0.343897   -0.410178  0.00344601
        1145   -0.373941   -0.410146  0.00344315
        1146   -0.362402   -0.410104   0.0034404
        1147   -0.348041    -0.41005  0.00343782
        1148    -0.34634   -0.409995  0.00343528
        1149   -0.343927   -0.409937  0.00343277
        1150   -0.321928   -0.409861  0.00343064
        1151   -0.306701   -0.409771  0.00342883
        1152   -0.334449   -0.409706  0.00342647
        1153   -0.325593   -0.409633  0.00342428
        1154   -0.288238   -0.409528  0.00342293
        1155   -0.316391   -0.409447  0.00342091
        1156   -0.322419   -0.409372  0.00341878
        1157   -0.309742   -0.409286  0.00341691
        1158   -0.335487   -0.409222  0.00341455
        1159   -0.352397   -0.409173  0.00341196
        1160   -0.347694    -0.40912  0.00340943
        1161   -0.344302   -0.409064  0.00340695
        1162   -0.352574   -0.409015  0.00340437
        1163   -0.324819   -0.408943  0.00340221
        1164   -0.302615   -0.408852  0.00340051
        1165   -0.357583   -0.408808  0.00339788
        1166   -0.329588    -0.40874  0.00339564
        1167   -0.338643    -0.40868  0.00339326
        1168   -0.353111   -0.408632  0.00339069
        1169   -0.356021   -0.408587  0.00338809
        1170   -0.351065   -0.408538  0.00338555
        1171   -0.357692   -0.408495  0.00338294
        1172   -0.376885   -0.408468  0.00338016
        1173   -0.363354   -0.408429   0.0033775
        1174   -0.365049   -0.408392  0.00337482
        1175    -0.37108    -0.40836   0.0033721
        1176   -0.332466   -0.408296  0.00336985
        1177   -0.332931   -0.408232  0.00336759
        1178   -0.301581   -0.408141  0.00336595
        1179   -0.314962   -0.408062  0.00336403
        1180   -0.298604    -0.40797  0.00336245
        1181   -0.307714   -0.407885  0.00336068
        1182   -0.336971   -0.407825  0.00335837
        1183   -0.305444   -0.407738  0.00335665
        1184   -0.346183   -0.407686  0.00335421
        1185   -0.331569   -0.407622    0.003352
        1186   -0.357829    -0.40758  0.00334943
        1187   -0.340779   -0.407524  0.00334709
        1188    -0.33317   -0.407461  0.00334485
        1189   -0.354537   -0.407416  0.00334234
        1190   -0.349215   -0.407368  0.00333988
        1191   -0.368654   -0.407335  0.00333724
        1192   -0.364362   -0.407299  0.00333463
        1193    -0.38336   -0.407279   0.0033319
        1194   -0.376198   -0.407253  0.00332921
        1195   -0.397607   -0.407245  0.00332643
        1196   -0.385613   -0.407227   0.0033237
        1197   -0.397834   -0.407219  0.00332093
        1198   -0.421797   -0.407231  0.00331818
        1199   -0.427147   -0.407248  0.00331546
        1200   -0.425672   -0.407263  0.00331273
        1201   -0.409442   -0.407265  0.00330997
        1202   -0.403453   -0.407262  0.00330722
        1203   -0.383898   -0.407242  0.00330453
        1204   -0.404343    -0.40724  0.00330179
        1205   -0.387528   -0.407224  0.00329909
        1206   -0.393654   -0.407212  0.00329637
        1207   -0.407512   -0.407213  0.00329364
        1208   -0.397783   -0.407205  0.00329092
        1209   -0.409419   -0.407207   0.0032882
        1210   -0.398319   -0.407199  0.00328549
        1211   -0.375377   -0.407173  0.00328288
        1212   -0.382736   -0.407153  0.00328024
        1213   -0.349983   -0.407106  0.00327787
        1214   -0.356123   -0.407064  0.00327544
        1215   -0.330928   -0.407001  0.00327334
        1216   -0.348049   -0.406952  0.00327101
        1217   -0.342339   -0.406899  0.00326875
        1218   -0.348803   -0.406852  0.00326642
        1219   -0.358658   -0.406812  0.00326398
        1220   -0.368177    -0.40678  0.00326146
        1221   -0.357896    -0.40674  0.00325903
        1222   -0.380403   -0.406719  0.00325643
        1223   -0.365968   -0.406686  0.00325394
        1224   -0.385866   -0.406669  0.00325133
        1225   -0.402337   -0.406665  0.00324868
        1226   -0.396364   -0.406657  0.00324604
        1227   -0.412693   -0.406662  0.00324339
        1228   -0.427325   -0.406678   0.0032408
        1229    -0.41547   -0.406686  0.00323817
        1230   -0.420137   -0.406696  0.00323555
        1231   -0.436039    -0.40672  0.00323301
        1232   -0.406378    -0.40672  0.00323039
        1233   -0.407555   -0.406721  0.00322777
        1234   -0.393774    -0.40671  0.00322517
        1235    -0.39904   -0.406704  0.00322257
        1236   -0.375311   -0.406679  0.00322006
        1237   -0.390723   -0.406666  0.00321748
        1238   -0.384227   -0.406648  0.00321493
        1239   -0.353191   -0.406604  0.00321263
        1240   -0.352269   -0.406561  0.00321034
        1241    -0.31479   -0.406487   0.0032086
        1242   -0.348093    -0.40644  0.00320636
        1243   -0.306956    -0.40636  0.00320478
        1244   -0.336721   -0.406304  0.00320269
        1245   -0.345843   -0.406255  0.00320049
        1246   -0.337039     -0.4062   0.0031984
        1247   -0.356295   -0.406159  0.00319609
        1248   -0.349645   -0.406114  0.00319385
        1249   -0.314585   -0.406041  0.00319213
        1250   -0.326188   -0.405977  0.00319022
        1251   -0.301759   -0.405894  0.00318875
        1252   -0.302383   -0.405811  0.00318728
        1253   -0.311777   -0.405736  0.00318562
        1254   -0.296539   -0.405649  0.00318427
        1255   -0.314774   -0.405577  0.00318255
        1256   -0.332818   -0.405519  0.00318055
        1257   -0.331206   -0.405459  0.00317857
        1258   -0.348834   -0.405414  0.00317636
        1259   -0.360156   -0.405379  0.00317404
        1260   -0.363623   -0.405345  0.00317169
        1261   -0.348625     -0.4053   0.0031695
        1262   -0.367572   -0.405271  0.00316713
        1263   -0.368537   -0.405241  0.00316475
        1264   -0.322773   -0.405176  0.00316292
        1265   -0.349377   -0.405132  0.00316073
        1266   -0.339074    -0.40508  0.00315866
        1267   -0.348433   -0.405035  0.00315649
        1268   -0.319759   -0.404968  0.00315471
        1269   -0.330943    -0.40491  0.00315277
        1270   -0.315821   -0.404839  0.00315106
        1271   -0.322419   -0.404775  0.00314925
        1272   -0.301534   -0.404693  0.00314782
        1273   -0.359676   -0.404658  0.00314555
        1274   -0.355235   -0.404619  0.00314332
        1275   -0.379107   -0.404599  0.00314092
        1276   -0.407175   -0.404601  0.00313845
        1277   -0.396528   -0.404595    0.003136
        1278   -0.404306   -0.404595  0.00313355
        1279    -0.39175   -0.404585  0.00313112
        1280   -0.400957   -0.404582  0.00312867
        1281   -0.364886   -0.404551  0.00312638
        1282   -0.345957   -0.404505  0.00312428
        1283   -0.372783    -0.40448  0.00312194
        1284   -0.349119   -0.404437  0.00311981
        1285   -0.350508   -0.404395  0.00311766
        1286   -0.345722    -0.40435  0.00311557
        1287   -0.365915    -0.40432  0.00311329
        1288   -0.349764   -0.404278  0.00311116
        1289    -0.35883   -0.404242  0.00310895
        1290   -0.389542   -0.404231  0.00310656
        1291   -0.365871   -0.404201   0.0031043
        1292   -0.388055   -0.404189  0.00310192
        1293    -0.35547   -0.404151  0.00309975
        1294   -0.350639    -0.40411  0.00309763
        1295   -0.366282    -0.40408  0.00309537
        1296   -0.382156   -0.404063  0.00309303
        1297   -0.353209   -0.404024   0.0030909
        1298   -0.378713   -0.404005  0.00308858
        1299   -0.372297    -0.40398   0.0030863
        1300   -0.356474   -0.403944  0.00308414
        1301   -0.344703   -0.403898   0.0030821
        1302   -0.326895   -0.403839   0.0030803
        1303   -0.345176   -0.403794  0.00307827
        1304   -0.337503   -0.403743  0.00307633
        1305   -0.347897     -0.4037  0.00307427
        1306   -0.349739   -0.403659  0.00307219
        1307   -0.370062   -0.403633  0.00306995
        1308   -0.359564     -0.4036  0.00306779
        1309   -0.382657   -0.403584  0.00306548
        1310   -0.396997   -0.403579  0.00306315
        1311   -0.405337    -0.40358  0.00306081
        1312   -0.436189   -0.403605  0.00305858
        1313   -0.454185   -0.403643  0.00305649
        1314   -0.451117    -0.40368  0.00305438
        1315   -0.461144   -0.403723  0.00305237
        1316   -0.404681   -0.403724  0.00305005
        1317   -0.428828   -0.403743  0.00304779
        1318   -0.417591   -0.403754   0.0030455
        1319   -0.406581   -0.403756  0.00304319
        1320   -0.395773    -0.40375  0.00304089
        1321   -0.379691   -0.403731  0.00303865
        1322   -0.361413   -0.403699  0.00303652
        1323   -0.339519   -0.403651  0.00303461
        1324   -0.319377   -0.403587  0.00303298
        1325   -0.337912   -0.403538   0.0030311
        1326   -0.321807   -0.403476  0.00302944
        1327   -0.348503   -0.403435  0.00302744
        1328   -0.334854   -0.403383   0.0030256
        1329    -0.34685    -0.40334  0.00302362
        1330   -0.359496   -0.403308  0.00302153
        1331   -0.420638   -0.403321  0.00301929
        1332   -0.383257   -0.403305  0.00301706
        1333   -0.400894   -0.403304   0.0030148
        1334   -0.388458   -0.403293  0.00301256
        1335   -0.376893   -0.403273  0.00301036
        1336    -0.37442   -0.403251  0.00300819
        1337   -0.352448   -0.403213  0.00300618
        1338   -0.343832   -0.403169  0.00300426
        1339   -0.329301   -0.403114  0.00300252
        1340   -0.317458    -0.40305  0.00300096
        1341   -0.346633   -0.403008  0.00299902
        1342   -0.317808   -0.402944  0.00299746
        1343   -0.345676   -0.402902  0.00299553
        1344   -0.363186   -0.402872  0.00299344
        1345   -0.361636   -0.402841  0.00299138
        1346   -0.350767   -0.402803   0.0029894
        1347   -0.377462   -0.402784  0.00298724
        1348   -0.336808   -0.402735  0.00298543
        1349   -0.350415   -0.402696  0.00298347
        1350   -0.356227   -0.402662  0.00298146
        1351   -0.325148   -0.402604   0.0029798
        1352   -0.330939   -0.402551  0.00297807
        1353   -0.330554   -0.402498  0.00297634
        1354   -0.322619   -0.402439  0.00297473
        1355   -0.322446    -0.40238  0.00297312
        1356   -0.318636   -0.402318  0.00297157
        1357   -0.335113   -0.402269  0.00296979
        1358   -0.334587   -0.402219  0.00296802
        1359   -0.340079   -0.402173  0.00296619
        1360   -0.352272   -0.402136  0.00296424
        1361   -0.381188   -0.402121   0.0029621
        1362   -0.377874   -0.402103  0.00295998
        1363    -0.38269   -0.402089  0.00295784
        1364   -0.385815   -0.402077   0.0029557
        1365   -0.369253   -0.402053  0.00295363
        1366   -0.384418    -0.40204  0.00295149
        1367   -0.357665   -0.402008  0.00294951
        1368   -0.397623   -0.402004  0.00294736
        1369   -0.371062   -0.401982  0.00294529
        1370    -0.39129   -0.401974  0.00294315
        1371   -0.397744   -0.401971  0.00294101
        1372    -0.38423   -0.401958  0.00293889
        1373   -0.375937   -0.401939  0.00293681
        1374   -0.354545   -0.401905  0.00293488
        1375   -0.385527   -0.401893  0.00293277
        1376   -0.381595   -0.401878  0.00293067
        1377   -0.365177   -0.401851  0.00292867
        1378   -0.390577   -0.401843  0.00292655
        1379   -0.375904   -0.401824  0.00292449
        1380   -0.398499   -0.401822  0.00292237
        1381   -0.358694   -0.401791  0.00292042
        1382   -0.388596   -0.401781  0.00291833
        1383    -0.33868   -0.401736  0.00291657
        1384   -0.385457   -0.401724  0.00291449
        1385   -0.377105   -0.401706  0.00291244
        1386   -0.369829   -0.401683  0.00291043
        1387   -0.383888    -0.40167  0.00290836
        1388   -0.399941   -0.401669  0.00290626
        1389   -0.393501   -0.401663  0.00290418
        1390   -0.416814   -0.401674  0.00290211
        1391   -0.392439   -0.401667  0.00290003
        1392   -0.428222   -0.401686  0.00289801
        1393    -0.43328   -0.401709  0.00289602
        1394   -0.447723   -0.401742  0.00289413
        1395   -0.473143   -0.401793  0.00289251
        1396   -0.449937   -0.401828  0.00289064
        1397   -0.439348   -0.401855  0.00288869
        1398   -0.418641   -0.401867  0.00288665
        1399   -0.393507   -0.401861   0.0028846
        1400   -0.418202   -0.401872  0.00288256
        1401   -0.411975   -0.401879  0.00288051
        1402   -0.429826   -0.401899  0.00287853
        1403   -0.446914   -0.401932  0.00287665
        1404   -0.389421   -0.401923  0.00287462
        1405   -0.377615   -0.401905  0.00287262
        1406   -0.379528   -0.401889  0.00287062
        1407   -0.342666   -0.401847  0.00286889
        1408   -0.325837   -0.401793  0.00286736
        1409   -0.332147   -0.401744  0.00286575
        1410   -0.356119   -0.401712   0.0028639
        1411   -0.384545   -0.401699   0.0028619
        1412   -0.400039   -0.401698  0.00285987
        1413   -0.406573   -0.401702  0.00285785
        1414    -0.41986   -0.401714  0.00285586
        1415   -0.370652   -0.401693  0.00285393
        1416   -0.367378   -0.401668  0.00285201
        1417   -0.347987    -0.40163  0.00285025
        1418   -0.369578   -0.401608  0.00284833
        1419   -0.377456   -0.401591  0.00284638
        1420   -0.353541   -0.401557  0.00284457
        1421   -0.382309   -0.401543   0.0028426
        1422   -0.368156    -0.40152   0.0028407
        1423   -0.357942   -0.401489  0.00283887
        1424   -0.349811   -0.401453  0.00283711
        1425   -0.370067   -0.401431   0.0028352
        1426    -0.37357   -0.401411  0.00283328
        1427   -0.364229   -0.401385  0.00283142
        1428   -0.368163   -0.401362  0.00282953
        1429   -0.371297   -0.401341  0.00282763
        1430   -0.365767   -0.401316  0.00282576
        1431   -0.353521   -0.401283  0.00282398
        1432    -0.36018   -0.401254  0.00282215
        1433   -0.372008   -0.401234  0.00282026
        1434   -0.352567     -0.4012   0.0028185
        1435    -0.39633   -0.401196  0.00281653
        1436   -0.390495   -0.401189  0.00281458
        1437   -0.365741   -0.401164  0.00281273
        1438    -0.36444   -0.401139  0.00281089
        1439   -0.358612   -0.401109  0.00280909
        1440   -0.361677   -0.401082  0.00280728
        1441   -0.328567   -0.401031  0.00280578
        1442    -0.33333   -0.400984  0.00280423
        1443   -0.337397    -0.40094  0.00280263
        1444   -0.353405   -0.400907  0.00280088
        1445   -0.348374   -0.400871  0.00279918
        1446    -0.37087    -0.40085  0.00279732
        1447   -0.367599   -0.400827  0.00279548
        1448   -0.380513   -0.400813  0.00279359
        1449   -0.378055   -0.400798   0.0027917
        1450     -0.3672   -0.400775  0.00278987
        1451    -0.36942   -0.400753  0.00278803
        1452    -0.38485   -0.400742  0.00278614
        1453   -0.367374   -0.400719  0.00278431
        1454   -0.404561   -0.400722   0.0027824
        1455   -0.383828    -0.40071  0.00278051
        1456   -0.405345   -0.400713   0.0027786
        1457   -0.367949   -0.400691  0.00277679
        1458   -0.397454   -0.400688  0.00277488
        1459    -0.39467   -0.400684  0.00277299
        1460   -0.398546   -0.400683  0.00277109
        1461   -0.415411   -0.400693  0.00276921
        1462    -0.35869   -0.400664  0.00276746
        1463   -0.397333   -0.400662  0.00276557
        1464   -0.342971   -0.400623  0.00276396
        1465   -0.363184   -0.400597   0.0027622
        1466    -0.36264   -0.400571  0.00276043
        1467   -0.359355   -0.400543  0.00275869
        1468   -0.363762   -0.400518  0.00275693
        1469   -0.336192   -0.400474   0.0027554
        1470    -0.33727   -0.400431  0.00275386
        1471   -0.356806   -0.400402  0.00275215
        1472   -0.371059   -0.400382  0.00275035
        1473   -0.382169   -0.400369  0.00274851
        1474   -0.416986   -0.400381  0.00274667
        1475   -0.429527     -0.4004  0.00274488
        1476   -0.391779   -0.400394  0.00274302
        1477   -0.410422   -0.400401  0.00274118
        1478   -0.399027     -0.4004  0.00273932
        1479   -0.389128   -0.400393  0.00273748
        1480   -0.370969   -0.400373   0.0027357
        1481   -0.392965   -0.400368  0.00273386
        1482   -0.409052   -0.400374  0.00273202
        1483   -0.408226   -0.400379  0.00273018
        1484   -0.395633   -0.400376  0.00272835
        1485   -0.387218   -0.400367  0.00272652
        1486   -0.387344   -0.400358   0.0027247
        1487   -0.376605   -0.400342  0.00272292
        1488   -0.375712   -0.400326  0.00272114
        1489   -0.360275   -0.400299  0.00271944
        1490   -0.358328   -0.400271  0.00271776
        1491    -0.40056   -0.400271  0.00271594
        1492   -0.369885    -0.40025   0.0027142
        1493   -0.368499   -0.400229  0.00271246
        1494   -0.344495   -0.400192   0.0027109
        1495    -0.32097   -0.400139  0.00270961
        1496   -0.314776   -0.400082   0.0027084
        1497   -0.308216    -0.40002  0.00270728
        1498   -0.309428    -0.39996  0.00270615
        1499   -0.337829   -0.399918  0.00270466
        1500   -0.369658   -0.399898  0.00270294
        1501   -0.419992   -0.399912  0.00270117
        1502   -0.447174   -0.399943  0.00269955
        1503   -0.456378   -0.399981  0.00269802
        1504   -0.431207   -0.400001   0.0026963
        1505   -0.414944   -0.400011  0.00269453
        1506    -0.39485   -0.400008  0.00269274
        1507   -0.401124   -0.400009  0.00269096
        1508   -0.390633   -0.400002  0.00268918
        1509   -0.385301   -0.399993  0.00268742
        1510   -0.367093   -0.399971  0.00268572
        1511    -0.36923   -0.399951  0.00268402
        1512   -0.359478   -0.399924  0.00268238
        1513   -0.373995   -0.399907  0.00268066
        1514   -0.353847   -0.399876  0.00267907
        1515   -0.346297   -0.399841  0.00267753
        1516   -0.348954   -0.399807  0.00267598
        1517   -0.343369    -0.39977  0.00267447
        1518   -0.369659    -0.39975  0.00267278
        1519   -0.334253   -0.399707  0.00267137
        1520   -0.385032   -0.399697  0.00266963
        1521   -0.338035   -0.399657  0.00266818
        1522   -0.381184   -0.399645  0.00266646
        1523    -0.36453   -0.399622  0.00266481
        1524   -0.361352   -0.399597  0.00266318
        1525   -0.380798   -0.399584  0.00266146
        1526   -0.338844   -0.399545  0.00266001
        1527   -0.380515   -0.399532   0.0026583
        1528   -0.354966   -0.399503  0.00265672
        1529    -0.35003   -0.399471  0.00265518
        1530   -0.328056   -0.399424  0.00265385
        1531   -0.338894   -0.399384  0.00265241
        1532   -0.332803   -0.399341  0.00265104
        1533   -0.326072   -0.399293  0.00264974
        1534   -0.350825   -0.399261   0.0026482
        1535   -0.374302   -0.399245  0.00264653
        1536   -0.399459   -0.399245   0.0026448
        1537   -0.396225   -0.399243  0.00264308
        1538   -0.440241    -0.39927   0.0026415
        1539   -0.451846   -0.399304     0.00264
        1540   -0.416633   -0.399315  0.00263831
        1541   -0.400646   -0.399316   0.0026366
        1542   -0.384099   -0.399306  0.00263491
        1543   -0.389829     -0.3993  0.00263321
        1544   -0.370315   -0.399282  0.00263157
        1545   -0.351469   -0.399251  0.00263005
        1546   -0.365996   -0.399229  0.00262844
        1547   -0.384541    -0.39922  0.00262675
        1548   -0.361225   -0.399195  0.00262517
        1549   -0.412347   -0.399204  0.00262349
        1550   -0.409401    -0.39921  0.00262181
        1551   -0.405137   -0.399214  0.00262012
        1552   -0.399297   -0.399214  0.00261843
        1553   -0.379129   -0.399201  0.00261678
        1554   -0.381482    -0.39919  0.00261512
        1555   -0.361739   -0.399166  0.00261355
        1556   -0.390542    -0.39916  0.00261187
        1557   -0.366365   -0.399139  0.00261028
        1558   -0.389528   -0.399133  0.00260861
        1559   -0.378127   -0.399119  0.00260697
        1560   -0.384819    -0.39911  0.00260532
        1561   -0.371621   -0.399093  0.00260371
        1562    -0.36513   -0.399071  0.00260213
        1563   -0.359387   -0.399045  0.00260059
        1564   -0.346906   -0.399012  0.00259914
        1565   -0.311335   -0.398956  0.00259809
        1566   -0.310894     -0.3989  0.00259704
        1567   -0.325507   -0.398853   0.0025958
        1568   -0.339233   -0.398815  0.00259442
        1569   -0.361733   -0.398791  0.00259288
        1570   -0.393421   -0.398788  0.00259123
        1571   -0.392002   -0.398784  0.00258958
        1572   -0.392897    -0.39878  0.00258794
        1573   -0.377171   -0.398766  0.00258633
        1574   -0.394832   -0.398764  0.00258469
        1575    -0.36921   -0.398745  0.00258311
        1576   -0.405072   -0.398749  0.00258148
        1577   -0.425953   -0.398766   0.0025799
        1578   -0.447938   -0.398797  0.00257845
        1579   -0.472184   -0.398844  0.00257724
        1580   -0.441556   -0.398871  0.00257575
        1581   -0.441149   -0.398898  0.00257426
        1582    -0.44815   -0.398929  0.00257282
        1583   -0.432391    -0.39895  0.00257128
        1584   -0.413022   -0.398959  0.00256967
        1585   -0.423943   -0.398974   0.0025681
        1586   -0.434864   -0.398997  0.00256658
        1587   -0.398597   -0.398997  0.00256496
        1588   -0.387312   -0.398989  0.00256336
        1589    -0.38037   -0.398978  0.00256177
        1590   -0.380216   -0.398966  0.00256019
        1591   -0.378985   -0.398953  0.00255861
        1592   -0.366396   -0.398933  0.00255708
        1593   -0.385658   -0.398925  0.00255549
        1594   -0.387796   -0.398918   0.0025539
        1595   -0.415994   -0.398928  0.00255232
        1596   -0.407302   -0.398934  0.00255073
        1597   -0.440747    -0.39896  0.00254926
        1598   -0.460325   -0.398998  0.00254796
        1599   -0.420575   -0.399012   0.0025464
        1600   -0.440779   -0.399038  0.00254494
        1601   -0.387573   -0.399031  0.00254336
        1602    -0.39981   -0.399031  0.00254178
        1603   -0.393047   -0.399027  0.00254019
        1604   -0.386557    -0.39902  0.00253862
        1605    -0.40532   -0.399023  0.00253704
        1606    -0.39249   -0.399019  0.00253547
        1607   -0.397778   -0.399019  0.00253389
        1608   -0.413996   -0.399028  0.00253233
        1609   -0.373568   -0.399012   0.0025308
        1610   -0.422145   -0.399027  0.00252927
        1611   -0.400793   -0.399028   0.0025277
        1612   -0.387806   -0.399021  0.00252615
        1613   -0.409551   -0.399027  0.00252459
        1614   -0.428276   -0.399045  0.00252309
        1615    -0.44485   -0.399074  0.00252169
        1616   -0.439747   -0.399099  0.00252025
        1617     -0.4268   -0.399116  0.00251875
        1618    -0.41606   -0.399126  0.00251722
        1619   -0.420404    -0.39914   0.0025157
        1620   -0.418228   -0.399151  0.00251417
        1621    -0.37009   -0.399133  0.00251268
        1622   -0.379811   -0.399122  0.00251116
        1623   -0.378368   -0.399109  0.00250965
        1624   -0.377635   -0.399096  0.00250814
        1625   -0.349832   -0.399065  0.00250678
        1626   -0.373347   -0.399049  0.00250528
        1627   -0.390591   -0.399044  0.00250375
        1628   -0.372164   -0.399028  0.00250227
        1629   -0.352822   -0.398999  0.00250089
        1630   -0.364492   -0.398978  0.00249945
        1631   -0.335156   -0.398939  0.00249822
        1632   -0.338603   -0.398902  0.00249696
        1633    -0.34354   -0.398868  0.00249566
        1634   -0.335987    -0.39883  0.00249443
        1635   -0.342533   -0.398795  0.00249315
        1636   -0.323191   -0.398749  0.00249205
        1637   -0.326456   -0.398705  0.00249092
        1638   -0.326663   -0.398661  0.00248979
        1639   -0.302102   -0.398602  0.00248896
        1640   -0.352847   -0.398574   0.0024876
        1641   -0.351455   -0.398545  0.00248625
        1642   -0.357962   -0.398521  0.00248486
        1643    -0.41742   -0.398532  0.00248338
        1644   -0.393644   -0.398529  0.00248187
        1645   -0.365414   -0.398509  0.00248044
        1646   -0.408639   -0.398515  0.00247894
        1647   -0.393525   -0.398512  0.00247744
        1648   -0.399156   -0.398513  0.00247593
        1649   -0.368192   -0.398494   0.0024745
        1650   -0.362991   -0.398473  0.00247309
        1651   -0.364986   -0.398452  0.00247168
        1652   -0.360898    -0.39843  0.00247029
        1653   -0.373502   -0.398415  0.00246884
        1654   -0.381049   -0.398404  0.00246737
        1655   -0.371456   -0.398388  0.00246593
        1656   -0.360842   -0.398365  0.00246455
        1657   -0.369404   -0.398348  0.00246312
        1658   -0.369937    -0.39833   0.0024617
        1659   -0.372177   -0.398315  0.00246026
        1660   -0.397621   -0.398314  0.00245878
        1661   -0.378462   -0.398302  0.00245733
        1662   -0.385778   -0.398295  0.00245586
        1663   -0.390053    -0.39829  0.00245439
        1664   -0.398879    -0.39829  0.00245292
        1665   -0.428903   -0.398309  0.00245151
        1666   -0.432252   -0.398329  0.00245012
        1667   -0.443603   -0.398356  0.00244881
        1668   -0.415923   -0.398367  0.00244736
        1669   -0.436887    -0.39839    0.002446
        1670   -0.433345   -0.398411  0.00244463
        1671   -0.416921   -0.398422  0.00244319
        1672    -0.45333   -0.398455  0.00244195
        1673   -0.428817   -0.398473  0.00244056
        1674   -0.426891    -0.39849  0.00243916
        1675   -0.422199   -0.398504  0.00243774
        1676   -0.430545   -0.398523  0.00243636
        1677   -0.425652   -0.398539  0.00243496
        1678   -0.439674   -0.398564  0.00243364
        1679   -0.431165   -0.398583  0.00243226
        1680   -0.420855   -0.398596  0.00243085
        1681   -0.388529    -0.39859  0.00242941
        1682    -0.39398   -0.398588  0.00242797
        1683   -0.353921   -0.398561  0.00242667
        1684   -0.358195   -0.398537  0.00242535
        1685   -0.349147   -0.398508  0.00242409
        1686   -0.334816    -0.39847  0.00242295
        1687   -0.338566   -0.398434  0.00242177
        1688    -0.34902   -0.398405  0.00242051
        1689   -0.358693   -0.398382  0.00241919
        1690   -0.365123   -0.398362  0.00241784
        1691   -0.366734   -0.398343  0.00241648
        1692   -0.380104   -0.398333  0.00241508
        1693   -0.390774   -0.398328  0.00241366
        1694   -0.401176    -0.39833  0.00241223
        1695   -0.413885   -0.398339  0.00241083
        1696   -0.416788    -0.39835  0.00240943
        1697   -0.424347   -0.398365  0.00240806
        1698   -0.412251   -0.398373  0.00240665
        1699   -0.416384   -0.398384  0.00240526
        1700   -0.394006   -0.398381  0.00240385
        1701   -0.386953   -0.398375  0.00240244
        1702   -0.379157   -0.398363  0.00240106
        1703   -0.347559   -0.398333  0.00239983
        1704   -0.357782    -0.39831  0.00239854
        1705   -0.357812   -0.398286  0.00239726
        1706   -0.360517   -0.398264  0.00239595
        1707    -0.34459   -0.398232  0.00239475
        1708    -0.30052   -0.398175  0.00239404
        1709    -0.33841    -0.39814  0.00239289
        1710   -0.325722   -0.398098  0.00239187
        1711   -0.316642    -0.39805  0.00239094
        1712   -0.337733   -0.398015   0.0023898
        1713   -0.354308   -0.397989  0.00238855
        1714   -0.352237   -0.397963   0.0023873
        1715   -0.384841   -0.397955  0.00238592
        1716   -0.387292   -0.397949  0.00238454
        1717   -0.400853   -0.397951  0.00238315
        1718   -0.418065   -0.397962  0.00238179
        1719   -0.423398   -0.397977  0.00238045
        1720   -0.389708   -0.397972  0.00237907
        1721   -0.419192   -0.397985  0.00237772
        1722   -0.415567   -0.397995  0.00237636
        1723   -0.400513   -0.397996  0.00237499
        1724   -0.418099   -0.398008  0.00237364
        1725   -0.390167   -0.398003  0.00237227
        1726   -0.396364   -0.398002  0.00237089
        1727   -0.386256   -0.397996  0.00236953
        1728   -0.361373   -0.397974  0.00236825
        1729   -0.369433   -0.397958  0.00236694
        1730   -0.347732   -0.397929  0.00236575
        1731   -0.379879   -0.397919  0.00236441
        1732    -0.36214   -0.397898  0.00236313
        1733   -0.376971   -0.397886   0.0023618
        1734   -0.408789   -0.397892  0.00236044
        1735   -0.364934   -0.397873  0.00235916
        1736   -0.399678   -0.397874   0.0023578
        1737   -0.360022   -0.397852  0.00235654
        1738   -0.394256    -0.39785  0.00235519
        1739   -0.374507   -0.397837  0.00235387
        1740    -0.40841   -0.397843  0.00235253
        1741    -0.40481   -0.397847  0.00235118
        1742   -0.413645   -0.397856  0.00234985
        1743   -0.426509   -0.397872  0.00234856
        1744    -0.39864   -0.397873  0.00234721
        1745    -0.41281   -0.397881  0.00234588
        1746   -0.419619   -0.397894  0.00234457
        1747   -0.376714   -0.397882  0.00234326
        1748   -0.380714   -0.397872  0.00234194
        1749   -0.348067   -0.397843  0.00234077
        1750   -0.332062   -0.397806  0.00233974
        1751   -0.335537    -0.39777  0.00233867
        1752   -0.356906   -0.397747  0.00233745
        1753   -0.349603   -0.397719  0.00233628
        1754   -0.385448   -0.397713  0.00233496
        1755   -0.376736   -0.397701  0.00233366
        1756     -0.3825   -0.397692  0.00233235
        1757   -0.388333   -0.397687  0.00233103
        1758   -0.400621   -0.397688   0.0023297
        1759   -0.399602   -0.397689  0.00232838
        1760   -0.413339   -0.397698  0.00232707
        1761   -0.388793   -0.397693  0.00232576
        1762    -0.42247   -0.397707  0.00232448
        1763   -0.401784    -0.39771  0.00232316
        1764   -0.419352   -0.397722  0.00232188
        1765   -0.424194   -0.397737  0.00232061
        1766   -0.372985   -0.397723  0.00231934
        1767   -0.392358    -0.39772  0.00231803
        1768   -0.366244   -0.397702  0.00231678
        1769   -0.329184   -0.397663   0.0023158
        1770   -0.354532   -0.397639  0.00231462
        1771   -0.346037    -0.39761  0.00231349
        1772    -0.34601   -0.397581  0.00231237
        1773   -0.365445   -0.397562  0.00231114
        1774   -0.338776   -0.397529  0.00231007
        1775   -0.344185   -0.397499  0.00230897
        1776   -0.339718   -0.397467   0.0023079
        1777   -0.361883   -0.397447  0.00230668
        1778   -0.379092   -0.397436  0.00230541
        1779   -0.369909   -0.397421  0.00230417
        1780    -0.35691   -0.397398  0.00230298
        1781   -0.359955   -0.397377  0.00230179
        1782   -0.362313   -0.397357  0.00230058
        1783   -0.352935   -0.397333  0.00229942
        1784   -0.364673   -0.397314  0.00229821
        1785   -0.339188   -0.397282  0.00229715
        1786   -0.374155   -0.397269   0.0022959
        1787   -0.336428   -0.397235  0.00229487
        1788   -0.355492   -0.397211   0.0022937
        1789   -0.378676   -0.397201  0.00229245
        1790   -0.369513   -0.397186  0.00229122
        1791   -0.408767   -0.397192  0.00228995
        1792   -0.401234   -0.397194  0.00228867
        1793   -0.418043   -0.397206  0.00228742
        1794   -0.432933   -0.397226  0.00228624
        1795     -0.4003   -0.397227  0.00228496
        1796   -0.443551   -0.397253  0.00228384
        1797   -0.436183   -0.397275  0.00228267
        1798   -0.434215   -0.397295  0.00228149
        1799   -0.419148   -0.397308  0.00228025
        1800   -0.424489   -0.397323  0.00227904
        1801   -0.384734   -0.397316  0.00227778
        1802   -0.409547   -0.397323  0.00227653
        1803    -0.36984   -0.397307  0.00227532
        1804   -0.379923   -0.397298  0.00227408
        1805    -0.34195   -0.397267  0.00227302
        1806   -0.370259   -0.397252  0.00227181
        1807    -0.35805    -0.39723  0.00227066
        1808   -0.371236   -0.397216  0.00226945
        1809   -0.376569   -0.397205  0.00226822
        1810   -0.407473    -0.39721  0.00226698
        1811   -0.389574   -0.397206  0.00226573
        1812   -0.415281   -0.397216   0.0022645
        1813   -0.436468   -0.397238  0.00226336
        1814   -0.422718   -0.397252  0.00226215
        1815    -0.39974   -0.397253  0.00226091
        1816   -0.409288    -0.39726  0.00225967
        1817   -0.383065   -0.397252  0.00225844
        1818    -0.37105   -0.397237  0.00225724
        1819   -0.363843   -0.397219  0.00225608
        1820   -0.391926   -0.397216  0.00225484
        1821   -0.375121   -0.397204  0.00225363
        1822    -0.38965     -0.3972   0.0022524
        1823   -0.412514   -0.397208  0.00225118
        1824   -0.396915   -0.397208  0.00224995
        1825   -0.417675   -0.397219  0.00224874
        1826    -0.40295   -0.397222  0.00224751
        1827   -0.401037   -0.397225  0.00224628
        1828   -0.391546   -0.397221  0.00224506
        1829   -0.422479   -0.397235  0.00224387
        1830   -0.364189   -0.397217  0.00224272
        1831   -0.377784   -0.397207  0.00224152
        1832   -0.381218   -0.397198  0.00224031
        1833   -0.385472   -0.397191   0.0022391
        1834   -0.377742   -0.397181   0.0022379
        1835   -0.378772   -0.397171  0.00223671
        1836   -0.369147   -0.397156  0.00223554
        1837   -0.353543   -0.397132  0.00223445
        1838   -0.345784   -0.397104  0.00223341
        1839   -0.343158   -0.397075  0.00223239
        1840   -0.347801   -0.397048  0.00223133
        1841   -0.352132   -0.397023  0.00223026
        1842   -0.351362   -0.396999  0.00222918
        1843   -0.367502   -0.396983  0.00222803
        1844   -0.381968   -0.396974  0.00222684
        1845   -0.370344    -0.39696  0.00222568
        1846    -0.39344   -0.396958  0.00222447
        1847   -0.387048   -0.396953  0.00222327
        1848   -0.428387    -0.39697  0.00222214
        1849    -0.34845   -0.396944  0.00222109
        1850   -0.373137   -0.396931  0.00221993
        1851   -0.369274   -0.396916  0.00221878
        1852    -0.36831     -0.3969  0.00221763
        1853   -0.352151   -0.396876  0.00221657
        1854   -0.387016   -0.396871  0.00221538
        1855   -0.370519   -0.396857  0.00221423
        1856   -0.361936   -0.396838  0.00221312
        1857   -0.362014   -0.396819    0.002212
        1858   -0.365278   -0.396802  0.00221088
        1859   -0.350052   -0.396777  0.00220983
        1860    -0.36697   -0.396761   0.0022087
        1861   -0.355695   -0.396739  0.00220763
        1862   -0.389114   -0.396735  0.00220644
        1863    -0.39478   -0.396734  0.00220526
        1864   -0.389108    -0.39673  0.00220408
        1865   -0.398967   -0.396731   0.0022029
        1866   -0.421168   -0.396744  0.00220176
        1867   -0.430589   -0.396762  0.00220065
        1868   -0.402442   -0.396765  0.00219948
        1869   -0.412453   -0.396773  0.00219832
        1870   -0.415484   -0.396783  0.00219716
        1871   -0.383797   -0.396776    0.002196
        1872   -0.387959   -0.396772  0.00219483
        1873   -0.385869   -0.396766  0.00219367
        1874   -0.405336   -0.396771   0.0021925
        1875   -0.423594   -0.396785  0.00219138
        1876   -0.446574   -0.396811  0.00219037
        1877   -0.427095   -0.396828  0.00218926
        1878   -0.434581   -0.396848  0.00218819
        1879   -0.432369   -0.396867  0.00218711
        1880    -0.45701   -0.396899  0.00218618
        1881   -0.449624   -0.396927   0.0021852
        1882   -0.477646   -0.396969  0.00218446
        1883   -0.459645   -0.397003  0.00218355
        1884    -0.48565    -0.39705   0.0021829
        1885   -0.495982   -0.397102  0.00218237
        1886   -0.483708   -0.397148   0.0021817
        1887   -0.496212   -0.397201  0.00218117
        1888   -0.451425   -0.397229  0.00218021
        1889   -0.479019   -0.397273  0.00217948
        1890   -0.449008     -0.3973   0.0021785
        1891   -0.455258   -0.397331  0.00217756
        1892   -0.447155   -0.397357  0.00217657
        1893   -0.431876   -0.397375   0.0021755
        1894    -0.42576    -0.39739   0.0021744
        1895   -0.406637   -0.397395  0.00217326
        1896    -0.39932   -0.397396  0.00217211
        1897   -0.395561   -0.397395  0.00217097
        1898   -0.404888   -0.397399  0.00216983
        1899   -0.412194   -0.397407   0.0021687
        1900   -0.379455   -0.397397  0.00216758
        1901   -0.373898   -0.397385  0.00216647
        1902   -0.375443   -0.397374  0.00216537
        1903   -0.368319   -0.397358  0.00216428
        1904   -0.327667   -0.397322  0.00216345
        1905    -0.33278   -0.397288  0.00216258
        1906   -0.327946   -0.397251  0.00216175
        1907   -0.345606   -0.397224  0.00216079
        1908   -0.334843   -0.397192  0.00215991
        1909   -0.371923   -0.397178  0.00215881
        1910   -0.376961   -0.397168  0.00215771
        1911   -0.355553   -0.397146  0.00215669
        1912   -0.412658   -0.397154  0.00215558
        1913   -0.375149   -0.397143  0.00215448
        1914    -0.39278    -0.39714  0.00215336
        1915   -0.416983   -0.397151  0.00215226
        1916   -0.440924   -0.397174  0.00215126
        1917    -0.42961   -0.397191   0.0021502
        1918   -0.417115   -0.397201   0.0021491
        1919   -0.412759   -0.397209    0.002148
        1920   -0.367672   -0.397194  0.00214694
        1921   -0.377725   -0.397184  0.00214584
        1922   -0.377803   -0.397173  0.00214475
        1923   -0.380693   -0.397165  0.00214365
        1924   -0.392168   -0.397162  0.00214254
        1925   -0.399487   -0.397163  0.00214143
        1926   -0.400772   -0.397165  0.00214032
        1927   -0.396509   -0.397165  0.00213921
        1928   -0.392432   -0.397163   0.0021381
        1929   -0.366393   -0.397147  0.00213705
        1930   -0.365272    -0.39713    0.002136
        1931   -0.366738   -0.397114  0.00213496
        1932   -0.382811   -0.397107  0.00213386
        1933   -0.384058     -0.3971  0.00213277
        1934   -0.395166   -0.397099  0.00213167
        1935   -0.402915   -0.397102  0.00213057
        1936   -0.394853   -0.397101  0.00212947
        1937   -0.360576   -0.397082  0.00212845
        1938   -0.367144   -0.397067  0.00212741
        1939   -0.343712   -0.397039  0.00212649
        1940   -0.330217   -0.397005  0.00212567
        1941   -0.341705   -0.396976  0.00212477
        1942   -0.342522   -0.396948  0.00212386
        1943   -0.345519   -0.396922  0.00212293
        1944   -0.349807   -0.396898  0.00212198
        1945    -0.37619   -0.396887  0.00212091
        1946   -0.375616   -0.396876  0.00211985
        1947   -0.387218   -0.396871  0.00211877
        1948   -0.399747   -0.396872  0.00211768
        1949   -0.421905   -0.396885  0.00211664
        1950   -0.398344   -0.396886  0.00211555
        1951   -0.442888    -0.39691   0.0021146
        1952    -0.45395   -0.396939  0.00211372
        1953   -0.404824   -0.396943  0.00211264
        1954   -0.465773   -0.396978  0.00211185
        1955   -0.461474   -0.397011  0.00211103
        1956   -0.438735   -0.397032  0.00211006
        1957   -0.470919    -0.39707  0.00210932
        1958   -0.434282   -0.397089  0.00210832
        1959   -0.469751   -0.397126  0.00210757
        1960   -0.448202   -0.397152  0.00210666
        1961   -0.404408   -0.397156  0.00210559
        1962    -0.41022   -0.397163  0.00210453
        1963    -0.40505   -0.397167  0.00210346
        1964   -0.387187   -0.397162  0.00210239
        1965   -0.403561   -0.397165  0.00210132
        1966    -0.37082   -0.397152   0.0021003
        1967   -0.413307    -0.39716  0.00209925
        1968   -0.383723   -0.397153  0.00209819
        1969   -0.387835   -0.397148  0.00209713
        1970   -0.394841   -0.397147  0.00209607
        1971   -0.406286   -0.397152  0.00209501
        1972     -0.4316   -0.397169  0.00209402
        1973   -0.448735   -0.397195  0.00209312
        1974   -0.405421   -0.397199  0.00209206
        1975   -0.450868   -0.397227  0.00209118
        1976   -0.391712   -0.397224  0.00209013
        1977   -0.389111    -0.39722  0.00208907
        1978   -0.391724   -0.397217  0.00208802
        1979   -0.409444   -0.397223  0.00208697
        1980   -0.382539   -0.397216  0.00208593
        1981   -0.372222   -0.397203  0.00208492
        1982   -0.349915   -0.397179    0.002084
        1983   -0.337556   -0.397149  0.00208317
        1984   -0.353349   -0.397127  0.00208223
        1985   -0.350267   -0.397103  0.00208132
        1986   -0.366771   -0.397088  0.00208033
        1987   -0.372699   -0.397076  0.00207932
        1988    -0.35984   -0.397057  0.00207835
        1989   -0.371211   -0.397044  0.00207735
        1990   -0.365197   -0.397028  0.00207637
        1991   -0.350907   -0.397005  0.00207545
        1992   -0.359026   -0.396986   0.0020745
        1993   -0.350002   -0.396962  0.00207359
        1994   -0.352916    -0.39694  0.00207267
        1995   -0.342488   -0.396913  0.00207181
        1996   -0.345481   -0.396887  0.00207093
        1997   -0.363597   -0.396871  0.00206996
        1998   -0.354543   -0.396849  0.00206904
        1999   -0.370737   -0.396836  0.00206804
        2000   -0.366304   -0.396821  0.00206706
