#     BLOCK:  ACTUAL_PE:     PE_AVE:      ERROR:
           1    -1.52081    -1.52081           0
           2     -1.6108    -1.56581   0.0318175
           3      -1.631    -1.58754   0.0276538
           4    -1.67368    -1.60907   0.0278931
           5    -1.69193    -1.62565   0.0267887
           6    -1.57053    -1.61646    0.023847
           7    -1.53353    -1.60461    0.023197
           8    -1.44665    -1.58487   0.0274435
           9    -1.30339    -1.55359   0.0382693
          10    -1.22361    -1.52059   0.0465434
          11    -1.20154    -1.49159   0.0505483
          12    -1.06638    -1.45615   0.0574276
          13     -1.0732     -1.4267   0.0600925
          14    -1.01401    -1.39722   0.0626141
          15   -0.966559    -1.36851   0.0646882
          16   -0.959039    -1.34292   0.0655121
          17   -0.911739    -1.31755   0.0663869
          18   -0.864657    -1.29239   0.0672981
          19   -0.845401    -1.26887   0.0677434
          20   -0.832239    -1.24703   0.0677828
          21   -0.777988     -1.2247   0.0681357
          22   -0.724876    -1.20198   0.0687221
          23   -0.745873    -1.18215   0.0685357
          24   -0.676501    -1.16108   0.0688423
          25   -0.694062     -1.1424   0.0685763
          26   -0.686829    -1.12488   0.0681405
          27   -0.634861    -1.10673   0.0679908
          28   -0.636346    -1.08993   0.0676061
          29   -0.625696    -1.07392   0.0671433
          30   -0.610371    -1.05847   0.0666595
          31   -0.545983    -1.04194   0.0665276
          32   -0.586896    -1.02772   0.0659508
          33   -0.544899    -1.01309   0.0655551
          34   -0.547234   -0.999385   0.0650431
          35   -0.557098   -0.986749   0.0644006
          36     -0.5352   -0.974206   0.0638215
          37   -0.584693   -0.963678   0.0629589
          38   -0.578927   -0.953553   0.0621109
          39   -0.561186   -0.943492   0.0613277
          40   -0.560885   -0.933927   0.0605358
          41   -0.560737   -0.924825   0.0597397
          42   -0.546001   -0.915805   0.0589943
          43   -0.580497   -0.908008   0.0581354
          44   -0.596894   -0.900937   0.0572426
          45   -0.596081   -0.894162     0.05637
          46   -0.616369   -0.888123   0.0554671
          47    -0.63433   -0.882723   0.0545491
          48   -0.579545   -0.876407   0.0537771
          49   -0.607914   -0.870928    0.052958
          50   -0.573017   -0.864969    0.052233
          51   -0.534943   -0.858498   0.0516081
          52   -0.520941   -0.852007   0.0510223
          53   -0.497546   -0.845319    0.050496
          54   -0.489345   -0.838727   0.0499893
          55   -0.484258   -0.832282   0.0494941
          56   -0.493337   -0.826229    0.048979
          57   -0.470705   -0.819992   0.0485152
          58   -0.500806   -0.814489   0.0479899
          59   -0.496783   -0.809104   0.0474776
          60   -0.484044   -0.803686   0.0469944
          61   -0.474832   -0.798295   0.0465322
          62   -0.481374   -0.793184   0.0460616
          63   -0.485776   -0.788304   0.0455882
          64   -0.505387   -0.783884   0.0450897
          65   -0.473102   -0.779102   0.0446488
          66   -0.554915   -0.775706   0.0441013
          67   -0.537417   -0.772149   0.0435863
          68   -0.552801   -0.768923   0.0430645
          69   -0.542493   -0.765642   0.0425652
          70   -0.550599    -0.76257   0.0420678
          71   -0.519469   -0.759146   0.0416144
          72   -0.534438   -0.756025   0.0411533
          73   -0.552614   -0.753238   0.0406838
          74   -0.544468   -0.750417   0.0402317
          75    -0.59219   -0.748307   0.0397506
          76   -0.604094    -0.74641   0.0392728
          77   -0.602904   -0.744546    0.038807
          78    -0.59634   -0.742646   0.0383559
          79   -0.600957   -0.740853   0.0379123
          80   -0.602322   -0.739121   0.0374779
          81   -0.600293   -0.737407   0.0370544
          82   -0.572608   -0.735397    0.036657
          83   -0.573981   -0.733453   0.0362669
          84    -0.57007   -0.731507   0.0358873
          85    -0.54608   -0.729326   0.0355313
          86    -0.52652   -0.726968   0.0351963
          87   -0.536226   -0.724775     0.03486
          88   -0.520699   -0.722456   0.0345409
          89   -0.598991   -0.721069   0.0341807
          90   -0.580364   -0.719506   0.0338366
          91   -0.598537   -0.718176   0.0334909
          92   -0.623071   -0.717143   0.0331428
          93   -0.593052   -0.715808   0.0328133
          94   -0.558031    -0.71413   0.0325071
          95   -0.598215    -0.71291   0.0321878
          96   -0.548285   -0.711195   0.0318982
          97   -0.534344   -0.709372   0.0316214
          98   -0.536307   -0.707606    0.031348
          99   -0.512975    -0.70564   0.0310929
         100    -0.49253   -0.703509   0.0308549
         101   -0.520989   -0.701701   0.0306023
         102   -0.493538   -0.699661   0.0303703
         103   -0.476094    -0.69749   0.0301529
         104   -0.463793   -0.695243   0.0299466
         105   -0.476297   -0.693158   0.0297339
         106   -0.459076   -0.690949   0.0295352
         107   -0.446524   -0.688665   0.0293474
         108   -0.441693   -0.686378   0.0291646
         109   -0.424245   -0.683973   0.0289961
         110   -0.444405   -0.681796   0.0288141
         111   -0.437866   -0.679598   0.0286382
         112   -0.443253   -0.677488   0.0284602
         113   -0.430328   -0.675301   0.0282922
         114   -0.451503   -0.673337   0.0281121
         115   -0.470355   -0.671572    0.027923
         116   -0.452102    -0.66968   0.0277463
         117   -0.521993   -0.668418   0.0275378
         118   -0.515185   -0.667119   0.0273351
         119   -0.493644   -0.665662   0.0271442
         120   -0.502836   -0.664305   0.0269519
         121   -0.495796   -0.662912   0.0267651
         122   -0.493819   -0.661526   0.0265816
         123   -0.519115   -0.660368   0.0263907
         124   -0.536643   -0.659371   0.0261967
         125   -0.533951   -0.658367   0.0260063
         126   -0.531991   -0.657364   0.0258193
         127   -0.540177   -0.656441   0.0256325
         128   -0.525792   -0.655421   0.0254525
         129   -0.531401   -0.654459   0.0252734
         130   -0.511301   -0.653358   0.0251029
         131   -0.499905   -0.652187   0.0249386
         132   -0.459939    -0.65073   0.0247922
         133   -0.488039   -0.649507   0.0246359
         134   -0.478456   -0.648231   0.0244851
         135   -0.488972   -0.647051   0.0243322
         136   -0.491049   -0.645904   0.0241803
         137   -0.504042   -0.644868   0.0240259
         138   -0.564134   -0.644283    0.023859
         139   -0.516257   -0.643362   0.0237051
         140   -0.562033   -0.642781   0.0235429
         141   -0.518533     -0.6419   0.0233924
         142   -0.495065   -0.640866   0.0232505
         143   -0.494459   -0.639842   0.0231104
         144   -0.489168   -0.638796   0.0229736
         145   -0.458323   -0.637551   0.0228489
         146   -0.501039   -0.636616   0.0227115
         147   -0.478528   -0.635541   0.0225824
         148   -0.489217   -0.634552   0.0224515
         149   -0.487544   -0.633566   0.0223225
         150   -0.485596   -0.632579   0.0221955
         151   -0.457615    -0.63142   0.0220787
         152   -0.457444   -0.630276   0.0219631
         153   -0.443405   -0.629054   0.0218535
         154     -0.4398   -0.627825   0.0217461
         155   -0.469019   -0.626801   0.0216299
         156   -0.470186   -0.625797   0.0215145
         157   -0.486466    -0.62491   0.0213958
         158   -0.468945   -0.623922   0.0212831
         159   -0.454027   -0.622854   0.0211761
         160   -0.462998   -0.621855   0.0210673
         161   -0.431882   -0.620675   0.0209695
         162   -0.447004   -0.619603   0.0208674
         163    -0.39095     -0.6182   0.0207865
         164   -0.428205   -0.617041    0.020692
         165   -0.426745   -0.615888   0.0205987
         166   -0.427282   -0.614752   0.0205059
         167   -0.394661   -0.613434   0.0204254
         168   -0.434887   -0.612371   0.0203315
         169   -0.426258    -0.61127    0.020241
         170    -0.41305   -0.610104   0.0201555
         171   -0.432796   -0.609067   0.0200643
         172    -0.42646   -0.608005   0.0199757
         173   -0.414516   -0.606887   0.0198915
         174   -0.392576   -0.605655   0.0198153
         175   -0.378896    -0.60436   0.0197444
         176   -0.360383   -0.602973   0.0196808
         177   -0.349635   -0.601542   0.0196216
         178   -0.357315    -0.60017   0.0195593
         179   -0.365757    -0.59886   0.0194938
         180   -0.367948   -0.597578   0.0194276
         181   -0.388802   -0.596424   0.0193545
         182    -0.38205   -0.595246    0.019284
         183   -0.394636    -0.59415   0.0192097
         184   -0.404869   -0.593121   0.0191329
         185   -0.420065   -0.592186   0.0190523
         186   -0.409728   -0.591205   0.0189751
         187    -0.39347   -0.590148   0.0189031
         188    -0.37076   -0.588981   0.0188385
         189    -0.35149   -0.587724   0.0187807
         190   -0.343038   -0.586436    0.018726
         191    -0.35374   -0.585218   0.0186675
         192   -0.366376   -0.584078    0.018605
         193   -0.359498   -0.582914    0.018545
         194   -0.315091   -0.581534   0.0185007
         195   -0.338912    -0.58029   0.0184476
         196   -0.307301   -0.578897    0.018406
         197   -0.295945   -0.577461   0.0183685
         198     -0.3179    -0.57615   0.0183225
         199   -0.328668   -0.574906   0.0182726
         200   -0.286929   -0.573466   0.0182378
         201   -0.331143   -0.572261   0.0181869
         202   -0.334425   -0.571083    0.018135
         203   -0.373691   -0.570111   0.0180717
         204   -0.369007   -0.569125   0.0180099
         205   -0.382727   -0.568216    0.017945
         206   -0.398377   -0.567391   0.0178769
         207   -0.358675   -0.566383   0.0178189
         208   -0.360519   -0.565393   0.0177607
         209   -0.320136    -0.56422   0.0177144
         210   -0.318612    -0.56305   0.0176687
         211   -0.323501   -0.561915   0.0176214
         212   -0.311429   -0.560733   0.0175778
         213   -0.302893   -0.559523   0.0175369
         214    -0.32774    -0.55844   0.0174884
         215   -0.316976   -0.557317   0.0174431
         216   -0.328929   -0.556259   0.0173943
         217    -0.34998   -0.555309   0.0173401
         218   -0.368517   -0.554452   0.0172817
         219    -0.36347    -0.55358   0.0172248
         220   -0.331972   -0.552573   0.0171759
         221   -0.347921   -0.551647   0.0171232
         222   -0.356675   -0.550768   0.0170685
         223   -0.349756   -0.549867   0.0170158
         224   -0.377772   -0.549099   0.0169572
         225   -0.376772   -0.548333   0.0168991
         226   -0.379081   -0.547584   0.0168409
         227    -0.35936   -0.546755   0.0167871
         228   -0.387792   -0.546057    0.016728
         229    -0.37208   -0.545298   0.0166722
         230   -0.385703   -0.544604   0.0166141
         231   -0.368793   -0.543843   0.0165596
         232   -0.382934   -0.543149   0.0165027
         233   -0.364618   -0.542383   0.0164497
         234   -0.408904   -0.541812   0.0163893
         235   -0.406366   -0.541236   0.0163297
         236   -0.419061   -0.540718   0.0162687
         237   -0.417893     -0.5402   0.0162083
         238   -0.408193   -0.539646   0.0161497
         239   -0.404546    -0.53908    0.016092
         240   -0.375713     -0.5384   0.0160393
         241    -0.38436    -0.53776   0.0159855
         242    -0.36072   -0.537029   0.0159362
         243   -0.371575   -0.536348   0.0158851
         244   -0.337353   -0.535532    0.015841
         245   -0.349921   -0.534775   0.0157944
         246   -0.354682   -0.534043   0.0157472
         247   -0.324379   -0.533194   0.0157063
         248   -0.358294   -0.532489   0.0156588
         249   -0.325412   -0.531657   0.0156179
         250   -0.350928   -0.530934   0.0155722
         251   -0.346131   -0.530198   0.0155276
         252   -0.348138   -0.529475   0.0154827
         253   -0.347242   -0.528755   0.0154383
         254    -0.35048   -0.528053   0.0153934
         255   -0.370194   -0.527434   0.0153455
         256   -0.357381    -0.52677   0.0152999
         257   -0.382379   -0.526208   0.0152507
         258   -0.361193   -0.525568    0.015205
         259   -0.349904    -0.52489   0.0151614
         260   -0.341742   -0.524186   0.0151195
         261   -0.330079   -0.523442   0.0150798
         262   -0.342851   -0.522753    0.015038
         263   -0.360823   -0.522137   0.0149934
         264   -0.378077   -0.521591   0.0149466
         265   -0.386408   -0.521081   0.0148989
         266   -0.373807   -0.520528   0.0148531
         267    -0.39486   -0.520057    0.014805
         268   -0.369699   -0.519496   0.0147604
         269   -0.374364   -0.518956   0.0147153
         270   -0.397355   -0.518506   0.0146677
         271   -0.398448   -0.518063   0.0146203
         272   -0.370486    -0.51752   0.0145766
         273   -0.351379   -0.516912   0.0145359
         274   -0.344355   -0.516282   0.0144965
         275   -0.329391   -0.515602   0.0144597
         276   -0.325946   -0.514915   0.0144236
         277   -0.337461   -0.514275   0.0143858
         278   -0.360359   -0.513721   0.0143447
         279   -0.365433    -0.51319   0.0143031
         280   -0.380104   -0.512714   0.0142599
         281   -0.367604   -0.512198   0.0142185
         282   -0.408405    -0.51183   0.0141729
         283   -0.405071   -0.511453   0.0141278
         284   -0.415888   -0.511116   0.0140821
         285   -0.393321   -0.510703   0.0140387
         286   -0.444507   -0.510471   0.0139915
         287   -0.402705   -0.510096   0.0139478
         288   -0.430739    -0.50982   0.0139021
         289   -0.429134   -0.509541   0.0138568
         290    -0.42281   -0.509242   0.0138123
         291   -0.412926   -0.508911   0.0137688
         292    -0.40827   -0.508566   0.0137259
         293   -0.374245   -0.508108   0.0136867
         294   -0.382997   -0.507682   0.0136468
         295   -0.384713   -0.507265   0.0136069
         296   -0.381079   -0.506839   0.0135676
         297   -0.378093   -0.506406   0.0135288
         298   -0.369407   -0.505946   0.0134913
         299   -0.375986   -0.505511   0.0134531
         300   -0.350345   -0.504994   0.0134182
         301   -0.400907   -0.504648   0.0133781
         302   -0.355289   -0.504154   0.0133429
         303   -0.374157   -0.503725   0.0133058
         304   -0.357273   -0.503243   0.0132708
         305   -0.390341   -0.502873   0.0132324
         306   -0.376454    -0.50246   0.0131956
         307   -0.387952   -0.502087   0.0131579
         308   -0.386944   -0.501713   0.0131205
         309    -0.41601   -0.501435    0.013081
         310   -0.394545   -0.501091   0.0130433
         311   -0.391343   -0.500738   0.0130061
         312   -0.428309   -0.500506   0.0129665
         313   -0.406947   -0.500207   0.0129285
         314   -0.439102   -0.500012   0.0128888
         315   -0.449776   -0.499853   0.0128489
         316   -0.452862   -0.499704   0.0128091
         317   -0.469805    -0.49961    0.012769
         318   -0.431468   -0.499395   0.0127307
         319     -0.4769   -0.499325    0.012691
         320   -0.406115   -0.499034   0.0126547
         321   -0.429572   -0.498817   0.0126171
         322   -0.385925   -0.498467   0.0125828
         323   -0.391444   -0.498135   0.0125482
         324   -0.398624   -0.497828   0.0125132
         325   -0.383287   -0.497476   0.0124797
         326   -0.392847   -0.497155   0.0124455
         327   -0.395289   -0.496843   0.0124113
         328   -0.398422   -0.496543   0.0123771
         329   -0.408644   -0.496276   0.0123424
         330   -0.407206   -0.496006   0.0123079
         331   -0.432228   -0.495813   0.0122723
         332    -0.40073   -0.495527   0.0122386
         333    -0.42896   -0.495327   0.0122035
         334   -0.415919   -0.495089   0.0121693
         335   -0.428272    -0.49489   0.0121346
         336   -0.382738   -0.494556   0.0121031
         337   -0.420315   -0.494336   0.0120692
         338   -0.428957   -0.494142    0.012035
         339   -0.437903   -0.493976   0.0120007
         340   -0.440697    -0.49382   0.0119664
         341   -0.458979   -0.493718   0.0119317
         342   -0.507958   -0.493759   0.0118969
         343   -0.476673   -0.493709   0.0118623
         344   -0.484081   -0.493681   0.0118279
         345   -0.458949   -0.493581    0.011794
         346   -0.433477   -0.493407   0.0117612
         347   -0.413959   -0.493178   0.0117296
         348   -0.377754   -0.492846   0.0117005
         349   -0.418231   -0.492633    0.011669
         350   -0.397811   -0.492362   0.0116388
         351   -0.442671    -0.49222   0.0116065
         352   -0.442555   -0.492079   0.0115744
         353   -0.429039     -0.4919   0.0115429
         354   -0.458084   -0.491805   0.0115107
         355   -0.426667   -0.491621   0.0114798
         356   -0.431596   -0.491453   0.0114488
         357   -0.448777   -0.491333   0.0114173
         358    -0.47463   -0.491287   0.0113855
         359   -0.473473   -0.491237   0.0113539
         360   -0.465372   -0.491165   0.0113226
         361   -0.445192   -0.491038    0.011292
         362   -0.439862   -0.490896   0.0112616
         363   -0.413484   -0.490683   0.0112326
         364   -0.425181   -0.490503   0.0112032
         365    -0.42835   -0.490333   0.0111738
         366   -0.442059   -0.490201   0.0111441
         367   -0.449706   -0.490091   0.0111143
         368   -0.466381   -0.490026   0.0110842
         369   -0.462188   -0.489951   0.0110545
         370   -0.474356   -0.489909   0.0110247
         371   -0.484656   -0.489894    0.010995
         372   -0.478634   -0.489864   0.0109654
         373   -0.468377   -0.489807   0.0109362
         374   -0.446753   -0.489691   0.0109076
         375   -0.414791   -0.489492   0.0108803
         376   -0.407011   -0.489272   0.0108536
         377   -0.399456   -0.489034   0.0108274
         378   -0.399411   -0.488797   0.0108014
         379   -0.391306    -0.48854   0.0107759
         380   -0.398429   -0.488303   0.0107502
         381   -0.428211   -0.488145   0.0107231
         382   -0.414662   -0.487953   0.0106968
         383   -0.434701   -0.487814   0.0106697
         384   -0.411129   -0.487614   0.0106438
         385   -0.417006    -0.48743   0.0106178
         386   -0.417155   -0.487248   0.0105918
         387   -0.373363   -0.486954   0.0105685
         388   -0.405763   -0.486745   0.0105434
         389   -0.390007   -0.486496   0.0105192
         390    -0.38178   -0.486228   0.0104956
         391    -0.39083   -0.485984   0.0104716
         392   -0.396583   -0.485756   0.0104474
         393   -0.415647   -0.485577   0.0104223
         394   -0.428082   -0.485431   0.0103969
         395   -0.417273   -0.485259    0.010372
         396   -0.482998   -0.485253   0.0103458
         397   -0.463381   -0.485198   0.0103199
         398   -0.465957    -0.48515   0.0102941
         399   -0.461552    -0.48509   0.0102685
         400   -0.442385   -0.484984   0.0102434
         401   -0.430272   -0.484847   0.0102187
         402   -0.435638   -0.484725    0.010194
         403   -0.427018   -0.484582   0.0101697
         404   -0.419483   -0.484421   0.0101458
         405   -0.384291   -0.484173   0.0101238
         406   -0.396966   -0.483959   0.0101012
         407   -0.366942   -0.483671   0.0100804
         408   -0.362173   -0.483373   0.0100601
         409   -0.361321   -0.483075   0.0100399
         410   -0.335863   -0.482716   0.0100219
         411   -0.339993   -0.482368   0.0100035
         412   -0.336671   -0.482015  0.00998547
         413   -0.321482   -0.481626  0.00996886
         414   -0.321585    -0.48124  0.00995227
         415   -0.313655   -0.480836  0.00993648
         416   -0.312506   -0.480431  0.00992083
         417    -0.35623   -0.480133  0.00990151
         418   -0.344899    -0.47981   0.0098831
         419    -0.38563   -0.479585  0.00986207
         420   -0.352592   -0.479283  0.00984322
         421   -0.372528   -0.479029  0.00982311
         422    -0.39191   -0.478823    0.009802
         423   -0.364243   -0.478552  0.00978257
         424   -0.398777   -0.478364  0.00976131
         425     -0.3682   -0.478104  0.00974178
         426   -0.379133   -0.477872  0.00972168
         427   -0.410369   -0.477714   0.0097002
         428   -0.379518   -0.477485  0.00968025
         429   -0.416404   -0.477342  0.00965873
         430   -0.424561   -0.477219  0.00963705
         431   -0.418362   -0.477083  0.00961566
         432   -0.390234   -0.476882   0.0095955
         433   -0.360159   -0.476612  0.00957712
         434   -0.357759   -0.476338  0.00955897
         435   -0.340477   -0.476026   0.0095421
         436   -0.335881   -0.475705  0.00952562
         437   -0.343995   -0.475403  0.00950859
         438   -0.367894   -0.475158  0.00949005
         439   -0.342314   -0.474855  0.00947326
         440   -0.344831    -0.47456  0.00945634
         441   -0.333443    -0.47424  0.00944031
         442   -0.324055     -0.4739  0.00942506
         443   -0.322128   -0.473557  0.00941001
         444   -0.332579    -0.47324  0.00939417
         445   -0.325955   -0.472909  0.00937889
         446   -0.346023   -0.472624  0.00936217
         447    -0.34242   -0.472333  0.00934576
         448   -0.331509   -0.472019  0.00933018
         449   -0.356689   -0.471762  0.00931294
         450   -0.354347   -0.471501   0.0092959
         451   -0.355861   -0.471244  0.00927882
         452   -0.359265   -0.470997   0.0092616
         453   -0.366773   -0.470767  0.00924401
         454   -0.327878   -0.470452  0.00922901
         455   -0.334084   -0.470152  0.00921359
         456   -0.316742   -0.469816  0.00919952
         457   -0.332937   -0.469516  0.00918427
         458    -0.36047   -0.469278   0.0091673
         459   -0.366526   -0.469054  0.00915006
         460   -0.357181   -0.468811   0.0091334
         461   -0.367108   -0.468591  0.00911625
         462   -0.356462   -0.468348  0.00909975
         463   -0.352421   -0.468097  0.00908354
         464   -0.363427   -0.467872  0.00906677
         465   -0.354249   -0.467627  0.00905056
         466   -0.401056   -0.467485  0.00903226
         467   -0.448178   -0.467443  0.00901302
         468   -0.452021    -0.46741  0.00899382
         469   -0.446207   -0.467365  0.00897476
         470   -0.462052   -0.467354  0.00895567
         471   -0.447823   -0.467312  0.00893675
         472   -0.441897   -0.467259  0.00891798
         473   -0.416756   -0.467152  0.00889976
         474   -0.383984   -0.466976  0.00888272
         475    -0.34815   -0.466726  0.00886754
         476     -0.3347   -0.466449  0.00885325
         477   -0.333062   -0.466169   0.0088391
         478   -0.329165   -0.465882  0.00882526
         479   -0.325007   -0.465588  0.00881173
         480   -0.342412   -0.465332  0.00879711
         481   -0.346494   -0.465085  0.00878229
         482   -0.339879   -0.464825  0.00876791
         483   -0.360363   -0.464609  0.00875242
         484    -0.35603   -0.464384  0.00873721
         485    -0.35394   -0.464157  0.00872217
         486   -0.374488   -0.463972  0.00870617
         487   -0.364086   -0.463767  0.00869071
         488   -0.360298   -0.463555  0.00867549
         489   -0.332262   -0.463286   0.0086619
         490   -0.320056   -0.462994  0.00864915
         491   -0.313455    -0.46269   0.0086369
         492    -0.29178   -0.462342  0.00862632
         493     -0.3326   -0.462079  0.00861284
         494   -0.328687   -0.461809  0.00859964
         495   -0.330036   -0.461543  0.00858638
         496   -0.334756   -0.461287  0.00857288
         497   -0.314101   -0.460991  0.00856074
         498   -0.329294   -0.460727  0.00854763
         499   -0.323822   -0.460452  0.00853491
         500   -0.294599   -0.460121  0.00852428
         501   -0.323736   -0.459848  0.00851161
         502   -0.337155   -0.459604  0.00849816
         503   -0.333304   -0.459353  0.00848498
         504   -0.317544   -0.459071  0.00847281
         505   -0.384481   -0.458924  0.00845732
         506   -0.387791   -0.458783  0.00844177
         507   -0.390564   -0.458649  0.00842619
         508   -0.389183   -0.458512  0.00841071
         509   -0.386585   -0.458371  0.00839538
         510   -0.372552   -0.458202   0.0083806
         511   -0.334326    -0.45796  0.00836771
         512   -0.336386   -0.457722  0.00835473
         513   -0.310982   -0.457436  0.00834334
         514   -0.297265   -0.457125  0.00833293
         515   -0.294307   -0.456809  0.00832274
         516   -0.320546   -0.456545   0.0083108
         517   -0.323446   -0.456287  0.00829871
         518   -0.345405   -0.456073  0.00828545
         519   -0.373537   -0.455914  0.00827101
         520   -0.350452   -0.455711  0.00825759
         521   -0.365403   -0.455538  0.00824356
         522   -0.346265   -0.455329  0.00823043
         523    -0.37056   -0.455166  0.00821629
         524   -0.339312   -0.454945  0.00820358
         525   -0.371364   -0.454786   0.0081895
         526   -0.368849   -0.454623  0.00817556
         527   -0.339923   -0.454405  0.00816294
         528   -0.372605    -0.45425  0.00814895
         529   -0.405919   -0.454159  0.00813406
         530   -0.381922   -0.454023  0.00811986
         531    -0.41334   -0.453946  0.00810493
         532   -0.390037   -0.453826  0.00809058
         533   -0.398581   -0.453722  0.00807607
         534   -0.356566    -0.45354  0.00806299
         535   -0.353483   -0.453353  0.00805009
         536   -0.355448   -0.453171  0.00803714
         537   -0.363738   -0.453004   0.0080239
         538    -0.39089   -0.452889  0.00800982
         539   -0.406505   -0.452802  0.00799542
         540   -0.407304   -0.452718  0.00798106
         541   -0.393813   -0.452609  0.00796705
         542    -0.37248   -0.452461  0.00795372
         543   -0.373051   -0.452315  0.00794042
         544   -0.374325   -0.452172  0.00792711
         545   -0.372876   -0.452026   0.0079139
         546    -0.34995   -0.451839  0.00790162
         547   -0.381002    -0.45171  0.00788823
         548   -0.382619   -0.451584  0.00787485
         549   -0.393759   -0.451479  0.00786121
         550   -0.397836   -0.451381  0.00784752
         551   -0.418196   -0.451321  0.00783351
         552   -0.413929   -0.451253  0.00781961
         553   -0.429039   -0.451213  0.00780557
         554   -0.426492   -0.451168  0.00779161
         555   -0.414538   -0.451102  0.00777785
         556   -0.435802   -0.451075  0.00776391
         557   -0.424641   -0.451027  0.00775012
         558   -0.447735   -0.451021  0.00773623
         559   -0.425692   -0.450976  0.00772252
         560   -0.411246   -0.450905  0.00770906
         561    -0.40894    -0.45083  0.00769568
         562   -0.373744   -0.450693  0.00768321
         563   -0.377161   -0.450563  0.00767067
         564   -0.387347    -0.45045  0.00765789
         565   -0.397668   -0.450357  0.00764491
         566   -0.401738   -0.450271  0.00763188
         567   -0.405939   -0.450193  0.00761882
         568   -0.419321   -0.450139   0.0076056
         569     -0.3831   -0.450021  0.00759315
         570    -0.39177   -0.449919  0.00758051
         571   -0.384695   -0.449804   0.0075681
         572   -0.377035   -0.449677  0.00755594
         573   -0.412853   -0.449613  0.00754302
         574   -0.393221   -0.449515  0.00753052
         575   -0.415738   -0.449456  0.00751766
         576   -0.418958   -0.449403  0.00750479
         577   -0.387362   -0.449295  0.00749255
         578   -0.352844   -0.449129  0.00748145
         579   -0.366705   -0.448986  0.00746988
         580   -0.342584   -0.448803  0.00745925
         581   -0.337301   -0.448611  0.00744888
         582   -0.345234   -0.448433   0.0074382
         583   -0.329155   -0.448229  0.00742826
         584   -0.346237   -0.448054  0.00741759
         585   -0.370565   -0.447921  0.00740609
         586   -0.360187   -0.447772  0.00739497
         587   -0.367611   -0.447635  0.00738363
         588   -0.360937   -0.447488  0.00737255
         589   -0.389736    -0.44739  0.00736068
         590    -0.40444   -0.447317  0.00734857
         591   -0.400793   -0.447238  0.00733655
         592   -0.434172   -0.447216  0.00732419
         593   -0.417169   -0.447165  0.00731202
         594    -0.42738   -0.447132  0.00729978
         595    -0.41656   -0.447081   0.0072877
         596   -0.408974   -0.447017  0.00727575
         597   -0.408772   -0.446953  0.00726384
         598   -0.383317   -0.446846  0.00725248
         599   -0.383733   -0.446741  0.00724113
         600   -0.407355   -0.446675  0.00722936
         601   -0.366733   -0.446542  0.00721856
         602   -0.388369   -0.446446  0.00720721
         603   -0.407052    -0.44638  0.00719556
         604   -0.411037   -0.446322  0.00718388
         605    -0.40964   -0.446261  0.00717226
         606   -0.401484   -0.446187  0.00716081
         607   -0.379392   -0.446077  0.00714986
         608   -0.387719   -0.445981  0.00713874
         609   -0.381951   -0.445876  0.00712779
         610   -0.401819   -0.445804  0.00711648
         611   -0.409793   -0.445745  0.00710507
         612   -0.435035   -0.445728  0.00709348
         613   -0.386966   -0.445632  0.00708256
         614   -0.412777   -0.445578  0.00707123
         615   -0.444501   -0.445576  0.00705973
         616   -0.431825   -0.445554   0.0070483
         617   -0.431958   -0.445532  0.00703691
         618   -0.429301   -0.445506  0.00702558
         619   -0.439096   -0.445495  0.00701423
         620   -0.411035    -0.44544  0.00700314
         621   -0.425425   -0.445408  0.00699194
         622    -0.41161   -0.445353  0.00698091
         623   -0.414376   -0.445304  0.00696988
         624   -0.396047   -0.445225  0.00695916
         625   -0.396267   -0.445146  0.00694846
         626   -0.412059   -0.445093  0.00693757
         627   -0.374816   -0.444981  0.00692741
         628   -0.381788   -0.444881  0.00691711
         629   -0.374138   -0.444768  0.00690702
         630   -0.409443   -0.444712  0.00689629
         631    -0.37484   -0.444601  0.00688625
         632   -0.379407   -0.444498  0.00687612
         633   -0.381953   -0.444399  0.00686597
         634   -0.343763   -0.444241  0.00685698
         635   -0.360891   -0.444109  0.00684743
         636   -0.355522    -0.44397  0.00683808
         637   -0.374387   -0.443861  0.00682822
         638   -0.367785   -0.443742  0.00681856
         639   -0.393444   -0.443663  0.00680834
         640   -0.385821   -0.443573  0.00679831
         641   -0.371833   -0.443461  0.00678862
         642   -0.370134   -0.443346  0.00677901
         643   -0.377721   -0.443244  0.00676923
         644   -0.368316   -0.443128  0.00675972
         645   -0.328162    -0.44295  0.00675159
         646   -0.368046   -0.442834  0.00674214
         647   -0.364739   -0.442713  0.00673279
         648   -0.351015   -0.442572  0.00672389
         649   -0.327415   -0.442394  0.00671587
         650   -0.347745   -0.442249  0.00670712
         651   -0.320908   -0.442062   0.0066994
         652   -0.321898   -0.441878  0.00669166
         653   -0.333107   -0.441711  0.00668349
         654   -0.349088    -0.44157  0.00667477
         655   -0.351776   -0.441433  0.00666599
         656   -0.367985   -0.441321  0.00665677
         657   -0.342018    -0.44117  0.00664835
         658   -0.366283   -0.441056  0.00663922
         659    -0.35933   -0.440932   0.0066303
         660   -0.333038   -0.440768  0.00662227
         661   -0.347408   -0.440627  0.00661376
         662   -0.346433   -0.440485   0.0066053
         663   -0.348574   -0.440346  0.00659679
         664   -0.356974   -0.440221  0.00658805
         665   -0.369529   -0.440114    0.006579
         666   -0.373761   -0.440015  0.00656988
         667   -0.385922   -0.439933  0.00656053
         668   -0.370593    -0.43983  0.00655153
         669   -0.396955   -0.439766  0.00654205
         670   -0.398195   -0.439704  0.00653258
         671   -0.380683   -0.439616  0.00652344
         672   -0.395347    -0.43955  0.00651406
         673   -0.416822   -0.439516  0.00650447
         674   -0.423482   -0.439492  0.00649486
         675   -0.418706   -0.439461  0.00648531
         676    -0.43199    -0.43945  0.00647573
         677   -0.428996   -0.439435  0.00646618
         678   -0.432984   -0.439425  0.00645665
         679   -0.429379   -0.439411  0.00644716
         680   -0.432777   -0.439401  0.00643769
         681   -0.388968   -0.439327  0.00642866
         682   -0.398709   -0.439267  0.00641951
         683   -0.394467   -0.439202  0.00641044
         684   -0.358812   -0.439084  0.00640215
         685   -0.384774   -0.439005  0.00639329
         686   -0.405219   -0.438956  0.00638416
         687   -0.385052   -0.438877  0.00637535
         688     -0.3756   -0.438785  0.00636675
         689    -0.41501   -0.438751   0.0063576
         690   -0.398651   -0.438692  0.00634866
         691   -0.390571   -0.438623  0.00633985
         692   -0.401014   -0.438568  0.00633092
         693   -0.400957   -0.438514  0.00632202
         694   -0.421183   -0.438489  0.00631296
         695   -0.415805   -0.438457  0.00630396
         696   -0.375777   -0.438367  0.00629555
         697   -0.392467   -0.438301  0.00628686
         698   -0.383369   -0.438222  0.00627834
         699   -0.343585   -0.438087  0.00627082
         700   -0.335707    -0.43794  0.00626357
         701   -0.354909   -0.437822  0.00625575
         702   -0.366038    -0.43772  0.00624768
         703   -0.383015   -0.437642  0.00623927
         704    -0.41688   -0.437612  0.00623048
         705   -0.401763   -0.437561  0.00622185
         706   -0.410152   -0.437523  0.00621316
         707   -0.412116   -0.437487  0.00620448
         708   -0.402181   -0.437437  0.00619591
         709   -0.379844   -0.437356  0.00618771
         710   -0.373256   -0.437265  0.00617965
         711   -0.372257   -0.437174  0.00617163
         712   -0.349144    -0.43705   0.0061642
         713   -0.345177   -0.436921  0.00615691
         714   -0.354735   -0.436806  0.00614936
         715   -0.369243   -0.436712  0.00614148
         716   -0.395415   -0.436654  0.00613318
         717    -0.38985   -0.436589  0.00612497
         718   -0.403121   -0.436542  0.00611662
         719   -0.423163   -0.436524  0.00610814
         720   -0.444365   -0.436535  0.00609966
         721   -0.420556   -0.436512  0.00609124
         722   -0.462899   -0.436549  0.00608292
         723    -0.48818    -0.43662  0.00607492
         724   -0.452063   -0.436642  0.00606657
         725   -0.464412    -0.43668  0.00605832
         726   -0.451041     -0.4367  0.00605001
         727    -0.40883   -0.436661  0.00604181
         728   -0.402235   -0.436614   0.0060337
         729    -0.37923   -0.436535  0.00602593
         730   -0.364952   -0.436437  0.00601848
         731   -0.353388   -0.436324  0.00601132
         732   -0.369669   -0.436233  0.00600379
         733    -0.36989   -0.436142  0.00599628
         734    -0.37525   -0.436059  0.00598869
         735   -0.347552   -0.435939  0.00598175
         736   -0.352613   -0.435826   0.0059747
         737   -0.363007   -0.435727  0.00596741
         738   -0.358349   -0.435622  0.00596024
         739   -0.373648   -0.435538  0.00595277
         740   -0.392179   -0.435479  0.00594501
         741   -0.417453   -0.435455  0.00593704
         742   -0.427982   -0.435445  0.00592904
         743    -0.45125   -0.435466   0.0059211
         744   -0.457295   -0.435496  0.00591322
         745   -0.455861   -0.435523  0.00590534
         746   -0.455972    -0.43555  0.00589749
         747   -0.422499   -0.435533  0.00588962
         748    -0.42143   -0.435514  0.00588178
         749    -0.40176   -0.435469   0.0058741
         750   -0.402832   -0.435426  0.00586643
         751   -0.396207   -0.435373  0.00585885
         752   -0.399609   -0.435326  0.00585125
         753   -0.415979     -0.4353  0.00584353
         754   -0.387058   -0.435236  0.00583613
         755   -0.398888   -0.435188   0.0058286
         756   -0.399716   -0.435141  0.00582108
         757   -0.396224    -0.43509  0.00581362
         758   -0.416254   -0.435065    0.005806
         759   -0.390292   -0.435006  0.00579865
         760   -0.387203   -0.434943  0.00579136
         761   -0.379099   -0.434869  0.00578422
         762   -0.391364   -0.434812  0.00577691
         763   -0.364897   -0.434721  0.00577007
         764   -0.369109   -0.434635  0.00576315
         765   -0.363944   -0.434542  0.00575636
         766   -0.350973   -0.434433  0.00574988
         767   -0.382749   -0.434366  0.00574278
         768   -0.406685    -0.43433  0.00573541
         769   -0.407881   -0.434296  0.00572806
         770   -0.414184   -0.434269  0.00572068
         771   -0.449138   -0.434289  0.00571329
         772   -0.441433   -0.434298   0.0057059
         773   -0.445138   -0.434312  0.00569853
         774   -0.407593   -0.434277  0.00569127
         775   -0.415876   -0.434254  0.00568398
         776   -0.353641    -0.43415  0.00567761
         777   -0.357138   -0.434051  0.00567116
         778    -0.31891   -0.433903   0.0056658
         779   -0.317559   -0.433753   0.0056605
         780   -0.301126   -0.433583   0.0056558
         781    -0.30296   -0.433416  0.00565103
         782   -0.306221   -0.433253  0.00564614
         783   -0.295108   -0.433077  0.00564169
         784   -0.308429   -0.432918  0.00563673
         785   -0.322632   -0.432778   0.0056313
         786   -0.327412   -0.432643  0.00562573
         787   -0.338048   -0.432523  0.00561987
         788   -0.301485   -0.432357  0.00561519
         789   -0.347768    -0.43225   0.0056091
         790    -0.34853   -0.432144    0.005603
         791   -0.316447   -0.431998  0.00559783
         792   -0.365497   -0.431914  0.00559139
         793    -0.36064   -0.431824  0.00558506
         794   -0.383845   -0.431763  0.00557835
         795   -0.386239   -0.431706  0.00557163
         796   -0.404918   -0.431672  0.00556473
         797   -0.393213   -0.431624  0.00555796
         798   -0.392222   -0.431575  0.00555121
         799   -0.403686    -0.43154  0.00554437
         800   -0.410166   -0.431513  0.00553751
         801   -0.441745   -0.431526  0.00553061
         802   -0.419959   -0.431511  0.00552373
         803   -0.435559   -0.431516  0.00551686
         804   -0.416343   -0.431498  0.00551003
         805   -0.434698   -0.431502  0.00550318
         806   -0.432967   -0.431503  0.00549636
         807   -0.451099   -0.431528   0.0054896
         808    -0.47541   -0.431582  0.00548307
         809   -0.458937   -0.431616   0.0054764
         810    -0.47645   -0.431671  0.00546992
         811   -0.490814   -0.431744  0.00546366
         812   -0.486415   -0.431811  0.00545735
         813   -0.510362   -0.431908  0.00545149
         814    -0.45319   -0.431934  0.00544485
         815   -0.483487   -0.431997  0.00543854
         816   -0.434479      -0.432  0.00543188
         817   -0.425952   -0.431993  0.00542523
         818   -0.414631   -0.431972  0.00541864
         819   -0.363846   -0.431889  0.00541267
         820   -0.386995   -0.431834  0.00540634
         821   -0.386413   -0.431779  0.00540004
         822   -0.366346   -0.431699  0.00539406
         823   -0.407359   -0.431669  0.00538758
         824   -0.376026   -0.431602  0.00538147
         825   -0.402279   -0.431566  0.00537506
         826   -0.390295   -0.431516  0.00536879
         827    -0.35912   -0.431429  0.00536301
         828   -0.366783   -0.431351   0.0053571
         829   -0.367347   -0.431274  0.00535119
         830   -0.357439   -0.431185  0.00534549
         831   -0.369326    -0.43111  0.00533957
         832   -0.365964   -0.431032  0.00533373
         833   -0.363655   -0.430951  0.00532794
         834     -0.3659   -0.430873  0.00532212
         835   -0.344486    -0.43077  0.00531675
         836    -0.37348   -0.430701  0.00531084
         837   -0.389659   -0.430652  0.00530472
         838   -0.401011   -0.430617   0.0052985
         839   -0.397485   -0.430577  0.00529234
         840    -0.43721   -0.430585  0.00528604
         841   -0.420728   -0.430573  0.00527977
         842   -0.426749   -0.430569   0.0052735
         843   -0.415029    -0.43055  0.00526728
         844   -0.388851   -0.430501  0.00526127
         845   -0.358003   -0.430415  0.00525574
         846   -0.364546   -0.430337  0.00525011
         847   -0.377631   -0.430275  0.00524428
         848   -0.385356   -0.430222  0.00523836
         849   -0.400708   -0.430187   0.0052323
         850   -0.407876   -0.430161  0.00522621
         851   -0.428978    -0.43016  0.00522007
         852   -0.431219   -0.430161  0.00521395
         853   -0.414431   -0.430142  0.00520787
         854   -0.417989   -0.430128  0.00520179
         855   -0.417136   -0.430113  0.00519573
         856   -0.401948    -0.43008  0.00518976
         857    -0.39662   -0.430041  0.00518385
         858   -0.381126   -0.429984  0.00517812
         859   -0.379621   -0.429925  0.00517243
         860   -0.370253   -0.429856  0.00516688
         861   -0.390933   -0.429811  0.00516108
         862   -0.391528   -0.429766  0.00515528
         863   -0.408661   -0.429742  0.00514936
         864   -0.402709   -0.429711   0.0051435
         865   -0.425569   -0.429706  0.00513755
         866   -0.385893   -0.429655  0.00513187
         867   -0.405475   -0.429627  0.00512603
         868   -0.384762   -0.429576  0.00512038
         869   -0.369817   -0.429507  0.00511495
         870   -0.376555   -0.429446  0.00510943
         871   -0.344265   -0.429348   0.0051045
         872   -0.347712   -0.429255  0.00509951
         873   -0.352988   -0.429167  0.00509442
         874   -0.333001   -0.429057  0.00508978
         875   -0.339366   -0.428955  0.00508499
         876   -0.385728   -0.428905  0.00507943
         877   -0.390416   -0.428862  0.00507382
         878   -0.399095   -0.428828  0.00506816
         879   -0.433672   -0.428833  0.00506239
         880   -0.412151   -0.428814  0.00505668
         881    -0.39541   -0.428776  0.00505108
         882   -0.398641   -0.428742  0.00504547
         883   -0.412413   -0.428724  0.00503979
         884   -0.379492   -0.428668   0.0050344
         885   -0.422606   -0.428661  0.00502871
         886   -0.388062   -0.428615  0.00502324
         887   -0.397837   -0.428581   0.0050177
         888   -0.392767    -0.42854  0.00501221
         889   -0.374289   -0.428479  0.00500695
         890   -0.358029     -0.4284  0.00500195
         891   -0.343813   -0.428305  0.00499723
         892    -0.35157   -0.428219  0.00499237
         893   -0.339522    -0.42812  0.00498777
         894   -0.353969   -0.428037  0.00498288
         895   -0.343546   -0.427942  0.00497821
         896   -0.378894   -0.427888  0.00497295
         897   -0.395985   -0.427852  0.00496753
         898   -0.396454   -0.427817  0.00496212
         899    -0.41742   -0.427806  0.00495662
         900   -0.392411   -0.427766  0.00495127
         901   -0.377853   -0.427711  0.00494608
         902   -0.366507   -0.427643  0.00494106
         903   -0.371314   -0.427581  0.00493599
         904   -0.354231   -0.427499  0.00493119
         905   -0.333202   -0.427395  0.00492684
         906   -0.368008    -0.42733  0.00492184
         907   -0.324574   -0.427216  0.00491772
         908   -0.369295   -0.427153  0.00491272
         909   -0.337434   -0.427054   0.0049083
         910   -0.358449   -0.426979  0.00490349
         911   -0.357166   -0.426902  0.00489871
         912   -0.311502   -0.426775  0.00489497
         913   -0.347755   -0.426689  0.00489037
         914   -0.353111   -0.426608  0.00488568
         915   -0.370895   -0.426547  0.00488072
         916    -0.39441   -0.426512  0.00487552
         917   -0.388798   -0.426471  0.00487038
         918   -0.396752   -0.426439  0.00486518
         919   -0.402525   -0.426413  0.00485996
         920   -0.396256    -0.42638  0.00485478
         921   -0.369662   -0.426318   0.0048499
         922   -0.368219   -0.426255  0.00484505
         923   -0.330361   -0.426152  0.00484092
         924   -0.338724   -0.426057   0.0048366
         925   -0.315843   -0.425938  0.00483284
         926   -0.313831   -0.425817  0.00482914
         927   -0.309759   -0.425692  0.00482555
         928   -0.321845    -0.42558  0.00482165
         929   -0.333828   -0.425481  0.00481747
         930   -0.324779   -0.425373  0.00481351
         931   -0.341497   -0.425282  0.00480918
         932   -0.336589   -0.425187  0.00480496
         933   -0.351512   -0.425108  0.00480046
         934   -0.319455   -0.424995  0.00479665
         935    -0.30259   -0.424864  0.00479331
         936   -0.293657   -0.424724  0.00479024
         937   -0.316456   -0.424609  0.00478652
         938   -0.307658   -0.424484  0.00478304
         939   -0.341373   -0.424395  0.00477876
         940   -0.379117   -0.424347  0.00477392
         941    -0.39666   -0.424318  0.00476894
         942   -0.387955   -0.424279  0.00476403
         943   -0.383285   -0.424236  0.00475918
         944   -0.357895   -0.424165  0.00475466
         945   -0.362925   -0.424101  0.00475007
         946   -0.335107   -0.424007  0.00474598
         947    -0.35128    -0.42393  0.00474159
         948   -0.358808   -0.423861  0.00473708
         949   -0.371734   -0.423806  0.00473241
         950   -0.378463   -0.423758  0.00472767
         951   -0.348645   -0.423679  0.00472336
         952   -0.348322     -0.4236  0.00471906
         953    -0.33063   -0.423503  0.00471512
         954   -0.322206   -0.423397  0.00471137
         955   -0.303719   -0.423271   0.0047081
         956   -0.348834   -0.423193  0.00470382
         957   -0.357008   -0.423124  0.00469941
         958   -0.329596   -0.423027  0.00469552
         959   -0.334923   -0.422935  0.00469153
         960   -0.332268    -0.42284  0.00468759
         961     -0.3042   -0.422717  0.00468434
         962   -0.317626   -0.422608  0.00468074
         963    -0.33152   -0.422513  0.00467684
         964   -0.321528   -0.422408  0.00467316
         965   -0.338371   -0.422321  0.00466913
         966   -0.393489   -0.422291  0.00466439
         967   -0.382786    -0.42225  0.00465974
         968   -0.365476   -0.422192   0.0046553
         969   -0.390406   -0.422159  0.00465061
         970   -0.405499   -0.422142  0.00464585
         971   -0.370181   -0.422088  0.00464137
         972   -0.451527   -0.422119  0.00463669
         973   -0.456759   -0.422154  0.00463207
         974   -0.437886    -0.42217  0.00462734
         975   -0.455262   -0.422204  0.00462272
         976   -0.442636   -0.422225  0.00461803
         977   -0.426908    -0.42223   0.0046133
         978   -0.405084   -0.422212  0.00460862
         979   -0.347805   -0.422136  0.00460454
         980   -0.383718   -0.422097  0.00460001
         981   -0.390104   -0.422065  0.00459543
         982   -0.413912   -0.422056  0.00459076
         983   -0.407374   -0.422041  0.00458612
         984   -0.448386   -0.422068  0.00458153
         985   -0.422547   -0.422069  0.00457688
         986   -0.434394   -0.422081  0.00457226
         987   -0.431617   -0.422091  0.00456763
         988   -0.425994   -0.422095  0.00456301
         989   -0.415306   -0.422088   0.0045584
         990   -0.382431   -0.422048  0.00455398
         991   -0.411887   -0.422038  0.00454939
         992   -0.412679   -0.422028  0.00454482
         993   -0.374973   -0.421981  0.00454049
         994   -0.401165    -0.42196  0.00453597
         995    -0.40114   -0.421939  0.00453146
         996   -0.400943   -0.421918  0.00452696
         997    -0.41359    -0.42191  0.00452242
         998    -0.42686   -0.421914  0.00451789
         999   -0.401036   -0.421894  0.00451342
        1000   -0.408863   -0.421881  0.00450893
        1001   -0.413128   -0.421872  0.00450443
        1002   -0.412863   -0.421863  0.00449994
        1003   -0.435601   -0.421876  0.00449548
        1004   -0.423815   -0.421878    0.004491
        1005   -0.431025   -0.421888  0.00448654
        1006   -0.411753   -0.421877  0.00448209
        1007   -0.393024   -0.421849  0.00447773
        1008   -0.393756   -0.421821  0.00447338
        1009   -0.339928    -0.42174  0.00446968
        1010   -0.351367    -0.42167   0.0044658
        1011   -0.363334   -0.421612  0.00446175
        1012   -0.374806   -0.421566  0.00445758
        1013   -0.386722   -0.421532  0.00445332
        1014   -0.412559   -0.421523  0.00444893
        1015   -0.424977   -0.421526  0.00444455
        1016     -0.4339   -0.421538  0.00444019
        1017   -0.411264   -0.421528  0.00443584
        1018   -0.434949   -0.421542   0.0044315
        1019   -0.425183   -0.421545  0.00442715
        1020   -0.374142   -0.421499  0.00442306
        1021   -0.366672   -0.421445  0.00441905
        1022   -0.360211   -0.421385  0.00441513
        1023   -0.364431   -0.421329  0.00441117
        1024    -0.37259   -0.421282  0.00440712
        1025    -0.35324   -0.421215  0.00440332
        1026   -0.351304   -0.421147  0.00439955
        1027   -0.363112   -0.421091  0.00439563
        1028   -0.336246   -0.421008  0.00439213
        1029   -0.337356   -0.420927  0.00438862
        1030   -0.347938   -0.420856  0.00438493
        1031   -0.334931   -0.420773  0.00438147
        1032   -0.354382   -0.420708  0.00437769
        1033   -0.346357   -0.420636  0.00437405
        1034   -0.298287   -0.420518  0.00437142
        1035   -0.341604   -0.420442  0.00436786
        1036   -0.325574    -0.42035   0.0043646
        1037   -0.322062   -0.420255  0.00436142
        1038   -0.331654    -0.42017  0.00435805
        1039   -0.343047   -0.420096  0.00435449
        1040   -0.345903   -0.420025  0.00435089
        1041   -0.351167   -0.419958  0.00434721
        1042   -0.338662    -0.41988  0.00434374
        1043    -0.34577   -0.419809  0.00434016
        1044   -0.347408    -0.41974  0.00433655
        1045   -0.366609   -0.419689   0.0043327
        1046   -0.357291   -0.419629  0.00432897
        1047   -0.351668   -0.419565  0.00432532
        1048   -0.365882   -0.419513   0.0043215
        1049   -0.354257   -0.419451  0.00431783
        1050   -0.375553   -0.419409  0.00431392
        1051   -0.357663   -0.419351  0.00431021
        1052   -0.371052   -0.419305  0.00430636
        1053   -0.392411   -0.419279  0.00430235
        1054   -0.377499   -0.419239  0.00429845
        1055   -0.376789   -0.419199  0.00429456
        1056   -0.389774   -0.419171  0.00429058
        1057   -0.404855   -0.419158  0.00428655
        1058   -0.391534   -0.419132  0.00428257
        1059   -0.411578   -0.419125  0.00427854
        1060   -0.392549     -0.4191  0.00427457
        1061    -0.39435   -0.419076  0.00427061
        1062   -0.414918   -0.419072  0.00426659
        1063   -0.429392   -0.419082  0.00426259
        1064   -0.435186   -0.419097  0.00425861
        1065   -0.459139   -0.419135  0.00425477
        1066   -0.441193   -0.419155  0.00425083
        1067   -0.444455   -0.419179  0.00424692
        1068    -0.45401   -0.419212  0.00424306
        1069   -0.422976   -0.419215   0.0042391
        1070   -0.432954   -0.419228  0.00423515
        1071   -0.436536   -0.419244  0.00423123
        1072    -0.41027   -0.419236  0.00422729
        1073   -0.424972   -0.419241  0.00422336
        1074    -0.40243   -0.419226  0.00421945
        1075   -0.339865   -0.419152  0.00421617
        1076   -0.375741   -0.419111  0.00421245
        1077   -0.374031    -0.41907  0.00420874
        1078   -0.370384   -0.419024  0.00420508
        1079   -0.380803   -0.418989  0.00420133
        1080   -0.404831   -0.418976  0.00419746
        1081   -0.430843   -0.418987   0.0041936
        1082   -0.438091   -0.419005  0.00418976
        1083   -0.462175   -0.419044  0.00418608
        1084   -0.456037   -0.419078  0.00418236
        1085    -0.42927   -0.419088  0.00417851
        1086   -0.400093    -0.41907   0.0041747
        1087   -0.380906   -0.419035  0.00417101
        1088   -0.391678    -0.41901  0.00416725
        1089    -0.38161   -0.418976  0.00416356
        1090   -0.364271   -0.418926  0.00416005
        1091   -0.382858   -0.418893  0.00415637
        1092   -0.356406   -0.418835  0.00415295
        1093   -0.359836   -0.418781   0.0041495
        1094   -0.340142   -0.418709  0.00414633
        1095    -0.35646   -0.418653  0.00414294
        1096    -0.33898    -0.41858  0.00413979
        1097   -0.355499   -0.418522  0.00413642
        1098   -0.361436    -0.41847  0.00413298
        1099   -0.383615   -0.418439  0.00412934
        1100   -0.407353   -0.418429   0.0041256
        1101   -0.420771   -0.418431  0.00412185
        1102   -0.463396   -0.418472  0.00411831
        1103   -0.482796    -0.41853  0.00411499
        1104   -0.479762   -0.418585  0.00411164
        1105    -0.49697   -0.418656  0.00410853
        1106   -0.509314   -0.418738  0.00410563
        1107   -0.505792   -0.418817  0.00410268
        1108   -0.499814    -0.41889  0.00409963
        1109   -0.497565   -0.418961  0.00409654
        1110    -0.48096   -0.419017  0.00409323
        1111   -0.441973   -0.419037   0.0040896
        1112   -0.463262   -0.419077  0.00408612
        1113   -0.428687   -0.419086  0.00408246
        1114    -0.46536   -0.419127    0.004079
        1115   -0.437305   -0.419144  0.00407538
        1116   -0.458588   -0.419179  0.00407188
        1117   -0.435652   -0.419194  0.00406826
        1118    -0.43347   -0.419207  0.00406464
        1119   -0.400528    -0.41919  0.00406104
        1120   -0.404016   -0.419176  0.00405744
        1121   -0.407193   -0.419166  0.00405383
        1122   -0.403118   -0.419151  0.00405025
        1123   -0.418341   -0.419151  0.00404664
        1124   -0.393236   -0.419128   0.0040431
        1125    -0.40112   -0.419112  0.00403954
        1126   -0.415368   -0.419108  0.00403596
        1127   -0.410263     -0.4191  0.00403238
        1128   -0.435012   -0.419114  0.00402883
        1129   -0.473116   -0.419162  0.00402555
        1130   -0.468028   -0.419206  0.00402222
        1131   -0.450332   -0.419233  0.00401876
        1132   -0.419232   -0.419233  0.00401521
        1133   -0.432655   -0.419245  0.00401168
        1134   -0.405993   -0.419233  0.00400816
        1135   -0.394524   -0.419211  0.00400469
        1136   -0.384971   -0.419181  0.00400127
        1137   -0.383824    -0.41915  0.00399788
        1138   -0.378115   -0.419114  0.00399453
        1139   -0.361286   -0.419063  0.00399134
        1140   -0.348095   -0.419001  0.00398833
        1141   -0.349906   -0.418941  0.00398529
        1142   -0.360003   -0.418889  0.00398213
        1143   -0.395571   -0.418869   0.0039787
        1144    -0.42673   -0.418875  0.00397523
        1145     -0.4385   -0.418893   0.0039718
        1146   -0.389664   -0.418867  0.00396841
        1147   -0.416886   -0.418865  0.00396495
        1148   -0.351865   -0.418807  0.00396193
        1149   -0.331457   -0.418731  0.00395921
        1150   -0.354805   -0.418675  0.00395616
        1151   -0.353157   -0.418618  0.00395313
        1152    -0.36667   -0.418573  0.00394995
        1153    -0.38106   -0.418541  0.00394666
        1154   -0.382618    -0.41851  0.00394337
        1155   -0.396989   -0.418491     0.00394
        1156   -0.395758   -0.418471  0.00393664
        1157   -0.422137   -0.418475  0.00393323
        1158   -0.417937   -0.418474  0.00392984
        1159   -0.427545   -0.418482  0.00392646
        1160   -0.427367    -0.41849  0.00392308
        1161     -0.4097   -0.418482  0.00391971
        1162   -0.422338   -0.418485  0.00391633
        1163   -0.388965    -0.41846  0.00391305
        1164   -0.409987   -0.418453  0.00390969
        1165   -0.407104   -0.418443  0.00390635
        1166   -0.397962   -0.418425  0.00390304
        1167   -0.389546   -0.418401  0.00389977
        1168   -0.369198   -0.418359  0.00389666
        1169    -0.37936   -0.418325  0.00389347
        1170   -0.376376   -0.418289  0.00389031
        1171    -0.38959   -0.418265  0.00388706
        1172    -0.37512   -0.418228  0.00388392
        1173   -0.393443   -0.418207  0.00388067
        1174   -0.417211   -0.418206  0.00387736
        1175   -0.422534    -0.41821  0.00387406
        1176   -0.450499   -0.418237  0.00387087
        1177   -0.443246   -0.418258  0.00386764
        1178   -0.432478    -0.41827  0.00386437
        1179   -0.393674    -0.41825  0.00386115
        1180   -0.367347   -0.418206  0.00385812
        1181   -0.378984   -0.418173    0.003855
        1182   -0.354453   -0.418119  0.00385211
        1183    -0.38271   -0.418089  0.00384897
        1184   -0.395635    -0.41807  0.00384577
        1185   -0.424575   -0.418076  0.00384253
        1186   -0.408851   -0.418068  0.00383929
        1187   -0.427458   -0.418076  0.00383607
        1188   -0.424106   -0.418081  0.00383284
        1189   -0.432011   -0.418093  0.00382964
        1190   -0.427354   -0.418101  0.00382643
        1191   -0.395033   -0.418081  0.00382326
        1192   -0.390804   -0.418058  0.00382012
        1193    -0.38038   -0.418027  0.00381705
        1194   -0.355627   -0.417975  0.00381421
        1195   -0.353366    -0.41792   0.0038114
        1196   -0.338731   -0.417854  0.00380879
        1197   -0.315425   -0.417769  0.00380657
        1198   -0.327197   -0.417693  0.00380414
        1199   -0.317639    -0.41761  0.00380189
        1200   -0.331287   -0.417538   0.0037994
        1201   -0.310105   -0.417448  0.00379729
        1202   -0.308845   -0.417358   0.0037952
        1203   -0.308618   -0.417268  0.00379313
        1204   -0.318164   -0.417185  0.00379087
        1205   -0.347149   -0.417127  0.00378817
        1206    -0.36739   -0.417086  0.00378525
        1207   -0.335384   -0.417018  0.00378272
        1208   -0.375639   -0.416984  0.00377974
        1209   -0.365504   -0.416941  0.00377686
        1210     -0.3581   -0.416893  0.00377405
        1211   -0.337874   -0.416827   0.0037715
        1212   -0.384408   -0.416801  0.00376848
        1213   -0.367465    -0.41676  0.00376559
        1214   -0.381517   -0.416731   0.0037626
        1215   -0.399189   -0.416717  0.00375953
        1216   -0.401036   -0.416704  0.00375646
        1217   -0.397916   -0.416688  0.00375341
        1218   -0.397332   -0.416672  0.00375036
        1219   -0.399069   -0.416658  0.00374731
        1220   -0.381228   -0.416629  0.00374435
        1221   -0.400413   -0.416616  0.00374131
        1222   -0.391282   -0.416595  0.00373831
        1223   -0.410656    -0.41659  0.00373525
        1224   -0.407205   -0.416582  0.00373221
        1225   -0.432328   -0.416595  0.00372918
        1226   -0.412425   -0.416592  0.00372614
        1227   -0.438625    -0.41661  0.00372315
        1228    -0.43256   -0.416623  0.00372014
        1229   -0.426961   -0.416631  0.00371712
        1230   -0.437171   -0.416648  0.00371414
        1231   -0.424898   -0.416654  0.00371113
        1232   -0.431936   -0.416667  0.00370814
        1233   -0.440718   -0.416686  0.00370518
        1234   -0.463453   -0.416724  0.00370237
        1235   -0.440244   -0.416743  0.00369942
        1236   -0.452336   -0.416772  0.00369654
        1237   -0.430242   -0.416783  0.00369357
        1238   -0.410595   -0.416778  0.00369059
        1239   -0.423079   -0.416783  0.00368761
        1240   -0.404078   -0.416773  0.00368465
        1241   -0.423868   -0.416779  0.00368169
        1242   -0.422308   -0.416783  0.00367873
        1243   -0.430144   -0.416794  0.00367578
        1244   -0.440445   -0.416813  0.00367288
        1245   -0.447849   -0.416838  0.00367001
        1246   -0.443713   -0.416859  0.00366713
        1247   -0.434215   -0.416873  0.00366422
        1248   -0.474298   -0.416919  0.00366157
        1249   -0.466621   -0.416959  0.00365885
        1250   -0.482955   -0.417012  0.00365631
        1251   -0.505363   -0.417082  0.00365407
        1252   -0.480973   -0.417133  0.00365151
        1253   -0.478227   -0.417182  0.00364892
        1254     -0.4826   -0.417234  0.00364638
        1255   -0.477289   -0.417282  0.00364379
        1256   -0.437729   -0.417299  0.00364092
        1257   -0.406298    -0.41729  0.00363804
        1258   -0.383848   -0.417263  0.00363524
        1259   -0.367516   -0.417224  0.00363257
        1260   -0.369709   -0.417186  0.00362988
        1261   -0.367051   -0.417146  0.00362722
        1262   -0.364508   -0.417105  0.00362459
        1263   -0.390129   -0.417083  0.00362178
        1264   -0.394478   -0.417065  0.00361896
        1265   -0.392371   -0.417046  0.00361615
        1266   -0.426594   -0.417053   0.0036133
        1267   -0.418939   -0.417055  0.00361045
        1268   -0.410091   -0.417049  0.00360761
        1269   -0.396583   -0.417033   0.0036048
        1270   -0.409184   -0.417027  0.00360197
        1271   -0.386243   -0.417003  0.00359922
        1272   -0.393544   -0.416984  0.00359643
        1273    -0.36288   -0.416942  0.00359386
        1274   -0.355579   -0.416894  0.00359136
        1275   -0.362678   -0.416851   0.0035888
        1276   -0.360364   -0.416807  0.00358626
        1277   -0.389882   -0.416786  0.00358351
        1278    -0.37405   -0.416752  0.00358086
        1279   -0.380623   -0.416724  0.00357817
        1280   -0.374693   -0.416691  0.00357553
        1281   -0.375839   -0.416659  0.00357288
        1282    -0.37403   -0.416626  0.00357025
        1283   -0.361745   -0.416583  0.00356772
        1284   -0.370809   -0.416548  0.00356512
        1285   -0.365765   -0.416508  0.00356257
        1286   -0.369714   -0.416472  0.00355998
        1287   -0.370178   -0.416436   0.0035574
        1288   -0.388954   -0.416414   0.0035547
        1289   -0.352431   -0.416365  0.00355229
        1290   -0.349371   -0.416313  0.00354991
        1291   -0.341668   -0.416255  0.00354763
        1292   -0.343394   -0.416199  0.00354534
        1293   -0.320417   -0.416125  0.00354337
        1294    -0.31574   -0.416047  0.00354148
        1295   -0.332508   -0.415983  0.00353933
        1296   -0.351463   -0.415933  0.00353695
        1297    -0.34119   -0.415875  0.00353469
        1298   -0.406516   -0.415868  0.00353198
        1299   -0.381895   -0.415842  0.00352936
        1300   -0.390575   -0.415822  0.00352669
        1301   -0.387043     -0.4158  0.00352405
        1302   -0.412691   -0.415798  0.00352135
        1303     -0.4238   -0.415804  0.00351865
        1304   -0.417588   -0.415805  0.00351595
        1305   -0.412004   -0.415802  0.00351326
        1306   -0.385159   -0.415779  0.00351065
        1307   -0.388743   -0.415758  0.00350802
        1308   -0.351992   -0.415709  0.00350568
        1309   -0.370272   -0.415675  0.00350317
        1310   -0.364004   -0.415635  0.00350072
        1311   -0.355099   -0.415589  0.00349835
        1312   -0.362875   -0.415549  0.00349592
        1313    -0.38334   -0.415524  0.00349334
        1314   -0.379648   -0.415497  0.00349079
        1315   -0.391824   -0.415479  0.00348818
        1316   -0.423567   -0.415485  0.00348554
        1317   -0.413361   -0.415484  0.00348289
        1318    -0.41383   -0.415482  0.00348025
        1319   -0.424524   -0.415489  0.00347762
        1320   -0.434636   -0.415504  0.00347501
        1321   -0.411858   -0.415501  0.00347238
        1322   -0.408164   -0.415495  0.00346976
        1323   -0.386089   -0.415473  0.00346721
        1324   -0.367644   -0.415437  0.00346478
        1325   -0.347041   -0.415386  0.00346255
        1326   -0.369906   -0.415351  0.00346011
        1327   -0.378923   -0.415324  0.00345761
        1328   -0.400474   -0.415313  0.00345502
        1329   -0.423036   -0.415318  0.00345243
        1330   -0.413615   -0.415317  0.00344983
        1331   -0.447752   -0.415341  0.00344733
        1332   -0.430732   -0.415353  0.00344476
        1333   -0.426997   -0.415362  0.00344219
        1334   -0.421119   -0.415366  0.00343961
        1335   -0.422035   -0.415371  0.00343703
        1336   -0.397869   -0.415358  0.00343449
        1337   -0.409782   -0.415354  0.00343192
        1338   -0.382161   -0.415329  0.00342945
        1339   -0.382064   -0.415304  0.00342697
        1340   -0.399907   -0.415293  0.00342444
        1341   -0.382558   -0.415268  0.00342197
        1342   -0.404922   -0.415261  0.00341943
        1343   -0.390748   -0.415242  0.00341693
        1344   -0.412491    -0.41524  0.00341439
        1345   -0.397301   -0.415227  0.00341188
        1346   -0.423267   -0.415233  0.00340935
        1347   -0.397566    -0.41522  0.00340684
        1348   -0.421553   -0.415224  0.00340432
        1349   -0.415613   -0.415225  0.00340179
        1350   -0.421021   -0.415229  0.00339928
        1351   -0.424007   -0.415236  0.00339677
        1352   -0.447241   -0.415259  0.00339434
        1353   -0.445565   -0.415282   0.0033919
        1354   -0.454296    -0.41531  0.00338952
        1355   -0.446956   -0.415334   0.0033871
        1356    -0.43309   -0.415347  0.00338463
        1357   -0.432577    -0.41536  0.00338215
        1358   -0.390369   -0.415341  0.00337971
        1359   -0.436527   -0.415357  0.00337726
        1360   -0.400103   -0.415346   0.0033748
        1361   -0.448437    -0.41537  0.00337241
        1362   -0.389185   -0.415351  0.00336999
        1363   -0.385324   -0.415329  0.00336758
        1364   -0.373742   -0.415298  0.00336525
        1365   -0.342281   -0.415245  0.00336321
        1366   -0.345254   -0.415193  0.00336114
        1367   -0.345268   -0.415142  0.00335907
        1368   -0.357478     -0.4151  0.00335688
        1369   -0.376677   -0.415072  0.00335455
        1370   -0.369762   -0.415039  0.00335226
        1371   -0.390332   -0.415021  0.00334986
        1372    -0.39319   -0.415005  0.00334746
        1373    -0.38833   -0.414986  0.00334508
        1374   -0.376781   -0.414958  0.00334276
        1375   -0.412659   -0.414956  0.00334033
        1376    -0.40284   -0.414947  0.00333791
        1377   -0.381935   -0.414923  0.00333558
        1378   -0.369247    -0.41489  0.00333332
        1379   -0.379361   -0.414864    0.003331
        1380   -0.389115   -0.414846  0.00332864
        1381   -0.376776   -0.414818  0.00332634
        1382   -0.370468   -0.414786  0.00332409
        1383   -0.349737   -0.414739  0.00332202
        1384   -0.348921   -0.414692  0.00331996
        1385   -0.355482   -0.414649  0.00331784
        1386   -0.354269   -0.414605  0.00331573
        1387   -0.336864   -0.414549  0.00331381
        1388   -0.335079   -0.414492  0.00331192
        1389    -0.34103   -0.414439  0.00330996
        1390   -0.321665   -0.414372  0.00330825
        1391   -0.315154   -0.414301  0.00330664
        1392   -0.339089   -0.414247  0.00330471
        1393   -0.328194   -0.414185  0.00330291
        1394   -0.371637   -0.414155  0.00330068
        1395   -0.381565   -0.414131   0.0032984
        1396    -0.37632   -0.414104  0.00329615
        1397   -0.407404   -0.414099  0.00329379
        1398   -0.394671   -0.414085  0.00329147
        1399   -0.401095   -0.414076  0.00328913
        1400   -0.395739   -0.414063   0.0032868
        1401   -0.416157   -0.414065  0.00328446
        1402    -0.37966    -0.41404  0.00328221
        1403   -0.423987   -0.414047  0.00327988
        1404   -0.424262   -0.414054  0.00327755
        1405   -0.439069   -0.414072  0.00327526
        1406   -0.431845   -0.414085  0.00327296
        1407   -0.402848   -0.414077  0.00327064
        1408   -0.378533   -0.414052  0.00326842
        1409   -0.359994   -0.414013  0.00326632
        1410   -0.365507   -0.413979  0.00326419
        1411   -0.365146   -0.413944  0.00326206
        1412   -0.368207   -0.413912  0.00325991
        1413   -0.371678   -0.413882  0.00325774
        1414   -0.387151   -0.413863  0.00325549
        1415    -0.37837   -0.413838  0.00325328
        1416    -0.41831   -0.413841  0.00325099
        1417   -0.425505   -0.413849   0.0032487
        1418     -0.4436    -0.41387  0.00324648
        1419   -0.446413   -0.413893  0.00324427
        1420   -0.422922     -0.4139  0.00324199
        1421    -0.39198   -0.413884  0.00323975
        1422   -0.388761   -0.413867  0.00323752
        1423   -0.378309   -0.413842  0.00323534
        1424   -0.365398   -0.413808  0.00323325
        1425   -0.340188   -0.413756  0.00323139
        1426   -0.370439   -0.413725  0.00322927
        1427    -0.39476   -0.413712  0.00322703
        1428   -0.398153   -0.413701  0.00322479
        1429   -0.363831   -0.413666  0.00322272
        1430   -0.402479   -0.413659  0.00322048
        1431   -0.376379   -0.413633  0.00321833
        1432   -0.359869   -0.413595  0.00321631
        1433   -0.372457   -0.413566  0.00321419
        1434   -0.382062   -0.413544  0.00321202
        1435   -0.366012   -0.413511  0.00320996
        1436   -0.381393   -0.413489   0.0032078
        1437   -0.366335   -0.413456  0.00320573
        1438   -0.351906   -0.413413  0.00320379
        1439   -0.383483   -0.413392  0.00320163
        1440   -0.375601   -0.413366  0.00319952
        1441   -0.390456    -0.41335  0.00319733
        1442   -0.395466   -0.413338  0.00319514
        1443   -0.421388   -0.413343  0.00319293
        1444   -0.441601   -0.413363  0.00319078
        1445   -0.424904   -0.413371  0.00318858
        1446   -0.429766   -0.413382   0.0031864
        1447   -0.400424   -0.413373  0.00318421
        1448     -0.4006   -0.413365  0.00318202
        1449   -0.362673    -0.41333  0.00318002
        1450   -0.387444   -0.413312  0.00317787
        1451   -0.382616   -0.413291  0.00317576
        1452   -0.381657   -0.413269  0.00317364
        1453   -0.395236   -0.413256  0.00317148
        1454   -0.397393   -0.413245  0.00316932
        1455   -0.383947   -0.413225  0.00316721
        1456   -0.423492   -0.413232  0.00316504
        1457    -0.42491    -0.41324  0.00316288
        1458   -0.458445   -0.413271  0.00316086
        1459   -0.446576   -0.413294  0.00315878
        1460   -0.444194   -0.413315  0.00315668
        1461   -0.430233   -0.413327  0.00315454
        1462   -0.419801   -0.413331  0.00315239
        1463   -0.385612   -0.413312  0.00315029
        1464   -0.387287   -0.413295  0.00314819
        1465   -0.390642   -0.413279  0.00314608
        1466   -0.389231   -0.413263  0.00314397
        1467    -0.36901   -0.413233  0.00314198
        1468   -0.357515   -0.413195  0.00314007
        1469   -0.332534    -0.41314  0.00313841
        1470   -0.338728   -0.413089  0.00313668
        1471   -0.351566   -0.413047  0.00313483
        1472   -0.361187   -0.413012   0.0031329
        1473   -0.410853   -0.413011  0.00313077
        1474   -0.384252   -0.412991  0.00312871
        1475   -0.429638   -0.413002  0.00312661
        1476   -0.408914      -0.413  0.00312449
        1477   -0.435834   -0.413015  0.00312241
        1478    -0.40948   -0.413013   0.0031203
        1479   -0.400628   -0.413004   0.0031182
        1480   -0.407423   -0.413001   0.0031161
        1481   -0.441821    -0.41302  0.00311405
        1482   -0.426357   -0.413029  0.00311196
        1483   -0.412249   -0.413028  0.00310987
        1484   -0.407967   -0.413025  0.00310777
        1485   -0.400333   -0.413017  0.00310569
        1486   -0.387574   -0.412999  0.00310365
        1487   -0.369638    -0.41297   0.0031017
        1488   -0.357334   -0.412933  0.00309984
        1489   -0.346679   -0.412888  0.00309808
        1490   -0.371577   -0.412861  0.00309612
        1491    -0.39156   -0.412846  0.00309408
        1492   -0.389957   -0.412831  0.00309204
        1493   -0.409613   -0.412829  0.00308997
        1494   -0.393251   -0.412816  0.00308793
        1495   -0.372664   -0.412789  0.00308598
        1496   -0.391709   -0.412775  0.00308395
        1497   -0.400337   -0.412766   0.0030819
        1498   -0.358397    -0.41273  0.00308006
        1499   -0.415904   -0.412732  0.00307801
        1500   -0.390008   -0.412717  0.00307599
        1501   -0.386651     -0.4127  0.00307399
        1502   -0.366091   -0.412669   0.0030721
        1503   -0.388935   -0.412653   0.0030701
        1504   -0.379809   -0.412631  0.00306813
        1505    -0.39735   -0.412621  0.00306611
        1506   -0.435361   -0.412636  0.00306411
        1507   -0.418274    -0.41264  0.00306208
        1508   -0.414696   -0.412641  0.00306005
        1509   -0.372763   -0.412615  0.00305814
        1510   -0.364202   -0.412583  0.00305628
        1511   -0.351355   -0.412542  0.00305453
        1512   -0.333086    -0.41249  0.00305296
        1513   -0.360458   -0.412455  0.00305113
        1514   -0.346132   -0.412411  0.00304943
        1515   -0.335816   -0.412361  0.00304784
        1516   -0.366298    -0.41233  0.00304598
        1517   -0.357712   -0.412294  0.00304419
        1518   -0.351066   -0.412254  0.00304245
        1519   -0.364986   -0.412223   0.0030406
        1520   -0.343824   -0.412178  0.00303894
        1521    -0.33711   -0.412129  0.00303734
        1522   -0.359381   -0.412094  0.00303554
        1523   -0.366457   -0.412064   0.0030337
        1524    -0.36424   -0.412033  0.00303187
        1525   -0.387313   -0.412016  0.00302992
        1526   -0.374045   -0.411992  0.00302804
        1527    -0.37589   -0.411968  0.00302615
        1528   -0.389779   -0.411953   0.0030242
        1529    -0.38411   -0.411935  0.00302228
        1530   -0.419476    -0.41194  0.00302031
        1531   -0.422474   -0.411947  0.00301834
        1532   -0.406474   -0.411943  0.00301638
        1533   -0.409516   -0.411942  0.00301441
        1534    -0.40033   -0.411934  0.00301245
        1535   -0.389941    -0.41192  0.00301052
        1536    -0.38328   -0.411901  0.00300862
        1537   -0.362062   -0.411869  0.00300684
        1538   -0.349585   -0.411828  0.00300516
        1539   -0.356484   -0.411792  0.00300342
        1540   -0.370838   -0.411766  0.00300159
        1541   -0.368405   -0.411738  0.00299977
        1542   -0.346072   -0.411695  0.00299813
        1543   -0.371889   -0.411669   0.0029963
        1544   -0.345577   -0.411627  0.00299466
        1545   -0.322084   -0.411569  0.00299328
        1546    -0.32278   -0.411511   0.0029919
        1547   -0.317003    -0.41145  0.00299059
        1548   -0.317845    -0.41139  0.00298927
        1549   -0.284513   -0.411308  0.00298846
        1550   -0.339434   -0.411261  0.00298689
        1551   -0.320988   -0.411203  0.00298553
        1552   -0.337066   -0.411155  0.00298399
        1553   -0.320485   -0.411097  0.00298264
        1554   -0.353701    -0.41106  0.00298095
        1555   -0.335848   -0.411012  0.00297943
        1556   -0.354403   -0.410975  0.00297773
        1557   -0.380437   -0.410956  0.00297589
        1558   -0.396358   -0.410946  0.00297399
        1559   -0.427185   -0.410957   0.0029721
        1560   -0.419632   -0.410962   0.0029702
        1561   -0.432027   -0.410976  0.00296833
        1562   -0.425597   -0.410985  0.00296644
        1563   -0.408834   -0.410984  0.00296455
        1564   -0.383713   -0.410966   0.0029627
        1565   -0.417724   -0.410971  0.00296081
        1566   -0.422719   -0.410978  0.00295893
        1567   -0.414844   -0.410981  0.00295704
        1568   -0.405676   -0.410977  0.00295516
        1569   -0.432238   -0.410991  0.00295331
        1570   -0.425725      -0.411  0.00295144
        1571   -0.454747   -0.411028  0.00294969
        1572   -0.409431   -0.411027  0.00294782
        1573   -0.423299   -0.411035  0.00294595
        1574   -0.483226   -0.411081  0.00294444
        1575    -0.43811   -0.411098  0.00294262
        1576   -0.471784   -0.411136    0.002941
        1577   -0.465067    -0.41117  0.00293934
        1578    -0.42877   -0.411182   0.0029375
        1579   -0.379848   -0.411162   0.0029357
        1580   -0.386789   -0.411146  0.00293388
        1581   -0.394619   -0.411136  0.00293205
        1582   -0.405764   -0.411133   0.0029302
        1583   -0.425221   -0.411141  0.00292836
        1584   -0.453625   -0.411168  0.00292663
        1585    -0.41533   -0.411171  0.00292479
        1586   -0.418328   -0.411175  0.00292295
        1587   -0.430209   -0.411187  0.00292113
        1588   -0.409703   -0.411186  0.00291929
        1589   -0.376621   -0.411165  0.00291753
        1590   -0.458226   -0.411194  0.00291585
        1591   -0.456292   -0.411223  0.00291415
        1592   -0.417962   -0.411227  0.00291233
        1593   -0.457486   -0.411256  0.00291064
        1594   -0.428491   -0.411267  0.00290884
        1595   -0.425323   -0.411276  0.00290703
        1596   -0.413525   -0.411277  0.00290521
        1597    -0.42409   -0.411285   0.0029034
        1598   -0.394658   -0.411275   0.0029016
        1599   -0.421073   -0.411281  0.00289979
        1600   -0.404233   -0.411276  0.00289798
        1601   -0.402463   -0.411271  0.00289618
        1602   -0.407451   -0.411268  0.00289437
        1603   -0.369135   -0.411242  0.00289268
        1604   -0.404048   -0.411238  0.00289088
        1605   -0.413494   -0.411239  0.00288908
        1606   -0.362243   -0.411209  0.00288745
        1607   -0.434975   -0.411223  0.00288569
        1608   -0.436787   -0.411239  0.00288394
        1609    -0.44741   -0.411262  0.00288223
        1610    -0.48715   -0.411309  0.00288083
        1611   -0.471107   -0.411346  0.00287928
        1612    -0.46681    -0.41138   0.0028777
        1613   -0.448379   -0.411403    0.002876
        1614   -0.450305   -0.411427  0.00287432
        1615   -0.420886   -0.411433  0.00287255
        1616   -0.424934   -0.411442  0.00287078
        1617   -0.395165   -0.411432  0.00286903
        1618   -0.398271   -0.411423  0.00286727
        1619    -0.36733   -0.411396  0.00286562
        1620   -0.368306    -0.41137  0.00286398
        1621   -0.387463   -0.411355  0.00286225
        1622   -0.378114   -0.411334  0.00286056
        1623   -0.400629   -0.411328   0.0028588
        1624   -0.420542   -0.411333  0.00285705
        1625   -0.405613    -0.41133  0.00285529
        1626    -0.39245   -0.411318  0.00285356
        1627   -0.398872   -0.411311  0.00285182
        1628   -0.353971   -0.411275  0.00285028
        1629    -0.36183   -0.411245  0.00284869
        1630   -0.357066   -0.411212  0.00284714
        1631   -0.387753   -0.411197  0.00284543
        1632   -0.404726   -0.411193  0.00284369
        1633   -0.408875   -0.411192  0.00284195
        1634   -0.447046   -0.411214  0.00284029
        1635   -0.420787    -0.41122  0.00283856
        1636    -0.40312   -0.411215  0.00283683
        1637   -0.371219    -0.41119   0.0028352
        1638   -0.372752   -0.411167  0.00283357
        1639   -0.356196   -0.411133  0.00283204
        1640    -0.37315    -0.41111  0.00283041
        1641   -0.361822    -0.41108  0.00282884
        1642   -0.390507   -0.411068  0.00282715
        1643   -0.362813   -0.411038  0.00282558
        1644   -0.373821   -0.411016  0.00282395
        1645   -0.402714   -0.411011  0.00282224
        1646     -0.4041   -0.411006  0.00282053
        1647   -0.430138   -0.411018  0.00281884
        1648   -0.416706   -0.411022  0.00281713
        1649   -0.419711   -0.411027  0.00281543
        1650   -0.432857    -0.41104  0.00281375
        1651   -0.402326   -0.411035  0.00281205
        1652   -0.357342   -0.411002  0.00281054
        1653   -0.365768   -0.410975  0.00280897
        1654   -0.388458   -0.410961  0.00280731
        1655   -0.398205   -0.410954  0.00280562
        1656   -0.422582   -0.410961  0.00280394
        1657   -0.428246   -0.410971  0.00280226
        1658   -0.416464   -0.410974  0.00280057
        1659   -0.428033   -0.410985  0.00279891
        1660   -0.438131   -0.411001  0.00279727
        1661   -0.429316   -0.411012   0.0027956
        1662   -0.457893    -0.41104  0.00279406
        1663   -0.466751   -0.411074  0.00279259
        1664    -0.45248   -0.411099  0.00279102
        1665    -0.44126   -0.411117   0.0027894
        1666   -0.444135   -0.411137   0.0027878
        1667   -0.400377    -0.41113  0.00278613
        1668   -0.399429   -0.411123  0.00278447
        1669    -0.41668   -0.411126   0.0027828
        1670   -0.404987   -0.411123  0.00278114
        1671   -0.375024   -0.411101  0.00277956
        1672   -0.391894    -0.41109  0.00277792
        1673   -0.361783    -0.41106  0.00277642
        1674   -0.399171   -0.411053  0.00277477
        1675   -0.384789   -0.411037  0.00277316
        1676   -0.422374   -0.411044  0.00277151
        1677   -0.383812   -0.411028   0.0027699
        1678   -0.439203   -0.411045   0.0027683
        1679   -0.445223   -0.411065  0.00276673
        1680   -0.396641   -0.411056   0.0027651
        1681   -0.423799   -0.411064  0.00276346
        1682   -0.402087   -0.411059  0.00276182
        1683   -0.375849   -0.411038  0.00276026
        1684   -0.376113   -0.411017   0.0027587
        1685   -0.378304   -0.410998  0.00275713
        1686   -0.370819   -0.410974   0.0027556
        1687     -0.3779   -0.410954  0.00275404
        1688    -0.37911   -0.410935  0.00275247
        1689   -0.385345    -0.41092  0.00275088
        1690   -0.379896   -0.410902  0.00274931
        1691   -0.391035    -0.41089  0.00274771
        1692   -0.376513    -0.41087  0.00274617
        1693   -0.402262   -0.410865  0.00274455
        1694   -0.381618   -0.410847  0.00274298
        1695   -0.409695   -0.410847  0.00274136
        1696   -0.397496   -0.410839  0.00273976
        1697   -0.434291   -0.410853  0.00273818
        1698   -0.410192   -0.410852  0.00273657
        1699    -0.41449   -0.410854  0.00273496
        1700   -0.401829   -0.410849  0.00273335
        1701   -0.404805   -0.410846  0.00273175
        1702   -0.411564   -0.410846  0.00273014
        1703   -0.404357   -0.410842  0.00272854
        1704   -0.384109   -0.410826  0.00272699
        1705   -0.425032   -0.410835   0.0027254
        1706   -0.347499   -0.410798  0.00272406
        1707   -0.367045   -0.410772  0.00272258
        1708   -0.312874   -0.410715  0.00272159
        1709   -0.317184    -0.41066  0.00272055
        1710   -0.318642   -0.410606  0.00271949
        1711   -0.337454   -0.410563  0.00271823
        1712   -0.333616   -0.410518  0.00271702
        1713   -0.356466   -0.410487  0.00271562
        1714   -0.366661   -0.410461  0.00271415
        1715    -0.37858   -0.410443  0.00271263
        1716   -0.367695   -0.410418  0.00271117
        1717   -0.364135   -0.410391  0.00270972
        1718   -0.377233   -0.410372  0.00270821
        1719   -0.361972   -0.410343  0.00270678
        1720   -0.361707   -0.410315  0.00270536
        1721   -0.344213   -0.410277  0.00270406
        1722   -0.367125   -0.410252   0.0027026
        1723   -0.378168   -0.410233   0.0027011
        1724   -0.360452   -0.410204  0.00269969
        1725     -0.3683    -0.41018  0.00269823
        1726   -0.375415    -0.41016  0.00269674
        1727   -0.348286   -0.410124  0.00269542
        1728    -0.37739   -0.410105  0.00269393
        1729   -0.357121   -0.410074  0.00269254
        1730   -0.394165   -0.410065    0.002691
        1731   -0.436522    -0.41008  0.00268949
        1732   -0.438943   -0.410097  0.00268799
        1733   -0.442946   -0.410116  0.00268651
        1734   -0.460789   -0.410145  0.00268512
        1735   -0.432961   -0.410158   0.0026836
        1736   -0.420272   -0.410164  0.00268206
        1737   -0.400269   -0.410159  0.00268052
        1738   -0.376054   -0.410139  0.00267905
        1739   -0.381592   -0.410123  0.00267756
        1740   -0.387535    -0.41011  0.00267605
        1741   -0.391314   -0.410099  0.00267454
        1742   -0.427777   -0.410109  0.00267302
        1743   -0.401596   -0.410104  0.00267149
        1744   -0.444785   -0.410124  0.00267004
        1745   -0.430515   -0.410136  0.00266853
        1746   -0.428131   -0.410146  0.00266702
        1747   -0.410262   -0.410146   0.0026655
        1748   -0.373399   -0.410125  0.00266405
        1749   -0.392944   -0.410115  0.00266255
        1750   -0.393702   -0.410106  0.00266104
        1751   -0.393655   -0.410096  0.00265954
        1752   -0.372211   -0.410075  0.00265811
        1753   -0.385048    -0.41006  0.00265663
        1754    -0.40396   -0.410057  0.00265512
        1755    -0.39224   -0.410047  0.00265363
        1756   -0.404294   -0.410044  0.00265212
        1757   -0.423311   -0.410051  0.00265062
        1758   -0.406167   -0.410049  0.00264911
        1759   -0.436292   -0.410064  0.00264765
        1760   -0.418419   -0.410069  0.00264615
        1761   -0.420444   -0.410074  0.00264465
        1762   -0.420692    -0.41008  0.00264316
        1763   -0.399051   -0.410074  0.00264167
        1764   -0.416392   -0.410078  0.00264017
        1765   -0.411483   -0.410079  0.00263868
        1766   -0.433612   -0.410092  0.00263722
        1767   -0.448844   -0.410114  0.00263581
        1768   -0.441813   -0.410132  0.00263438
        1769   -0.435083   -0.410146  0.00263293
        1770   -0.446511   -0.410166  0.00263153
        1771   -0.467156   -0.410199  0.00263024
        1772   -0.482207   -0.410239  0.00262907
        1773   -0.448104   -0.410261  0.00262767
        1774   -0.458691   -0.410288  0.00262633
        1775   -0.442661   -0.410306  0.00262491
        1776   -0.426772   -0.410315  0.00262345
        1777   -0.367821   -0.410291  0.00262208
        1778   -0.373591   -0.410271  0.00262069
        1779   -0.360502   -0.410243  0.00261937
        1780   -0.338971   -0.410203   0.0026182
        1781   -0.367894   -0.410179  0.00261684
        1782   -0.338852   -0.410139  0.00261568
        1783   -0.383904   -0.410124  0.00261425
        1784   -0.400358   -0.410119  0.00261279
        1785   -0.361914   -0.410092  0.00261147
        1786    -0.43028   -0.410103  0.00261003
        1787   -0.402437   -0.410099  0.00260857
        1788   -0.437409   -0.410114  0.00260716
        1789   -0.430628   -0.410126  0.00260573
        1790    -0.43849   -0.410141  0.00260432
        1791   -0.388357   -0.410129  0.00260289
        1792   -0.404762   -0.410126  0.00260144
        1793   -0.400795   -0.410121      0.0026
        1794   -0.403617   -0.410117  0.00259855
        1795   -0.393416   -0.410108  0.00259712
        1796   -0.395089     -0.4101  0.00259569
        1797   -0.417141   -0.410104  0.00259425
        1798   -0.436773   -0.410119  0.00259284
        1799   -0.428456   -0.410129  0.00259142
        1800   -0.416344   -0.410132  0.00258999
        1801   -0.438156   -0.410148  0.00258859
        1802   -0.432035    -0.41016  0.00258719
        1803   -0.404614   -0.410157  0.00258575
        1804   -0.398842   -0.410151  0.00258433
        1805   -0.367703   -0.410127    0.002583
        1806   -0.353493   -0.410096  0.00258176
        1807   -0.359655   -0.410068  0.00258049
        1808   -0.348732   -0.410034  0.00257928
        1809   -0.329451   -0.409989  0.00257824
        1810   -0.328383   -0.409944  0.00257721
        1811   -0.296716   -0.409882  0.00257654
        1812   -0.294605   -0.409818  0.00257591
        1813   -0.289235   -0.409752  0.00257535
        1814   -0.270083   -0.409675  0.00257508
        1815   -0.273778     -0.4096  0.00257475
        1816   -0.280223   -0.409528  0.00257431
        1817   -0.287872   -0.409461  0.00257377
        1818   -0.287935   -0.409395  0.00257322
        1819   -0.297818   -0.409333  0.00257254
        1820   -0.336442   -0.409293  0.00257143
        1821   -0.350033   -0.409261  0.00257023
        1822   -0.400956   -0.409256  0.00256882
        1823   -0.436128   -0.409271  0.00256746
        1824   -0.414795   -0.409274  0.00256605
        1825   -0.397958   -0.409268  0.00256465
        1826    -0.36001   -0.409241  0.00256339
        1827   -0.340217   -0.409203  0.00256226
        1828    -0.33897   -0.409165  0.00256115
        1829   -0.327976    -0.40912  0.00256013
        1830   -0.333002   -0.409079  0.00255907
        1831   -0.303149   -0.409021  0.00255833
        1832   -0.342485   -0.408984  0.00255719
        1833   -0.338324   -0.408946  0.00255609
        1834   -0.362897   -0.408921  0.00255482
        1835   -0.327204   -0.408876  0.00255381
        1836   -0.351408   -0.408845  0.00255261
        1837   -0.348953   -0.408812  0.00255143
        1838   -0.344422   -0.408777  0.00255028
        1839   -0.373395   -0.408758  0.00254897
        1840   -0.366757   -0.408735  0.00254769
        1841   -0.353885   -0.408705  0.00254648
        1842   -0.333571   -0.408665  0.00254542
        1843   -0.336396   -0.408625  0.00254434
        1844   -0.314611   -0.408574  0.00254347
        1845   -0.320652   -0.408527  0.00254254
        1846     -0.3164   -0.408477  0.00254165
        1847   -0.322034    -0.40843  0.00254071
        1848    -0.35159   -0.408399  0.00253952
        1849   -0.334159   -0.408359  0.00253846
        1850   -0.357639   -0.408332  0.00253724
        1851   -0.354909   -0.408303  0.00253603
        1852   -0.368082   -0.408281  0.00253476
        1853   -0.362098   -0.408256  0.00253351
        1854   -0.355756   -0.408228   0.0025323
        1855   -0.371166   -0.408208  0.00253102
        1856   -0.366775   -0.408186  0.00252975
        1857   -0.374867   -0.408168  0.00252845
        1858   -0.399665   -0.408163   0.0025271
        1859   -0.407004   -0.408162  0.00252574
        1860   -0.387102   -0.408151   0.0025244
        1861   -0.393366   -0.408143  0.00252306
        1862   -0.414421   -0.408147  0.00252171
        1863    -0.40465   -0.408145  0.00252035
        1864   -0.404055   -0.408143    0.002519
        1865   -0.407454   -0.408142  0.00251765
        1866   -0.393269   -0.408134  0.00251632
        1867   -0.375011   -0.408116  0.00251503
        1868    -0.34855   -0.408085  0.00251389
        1869   -0.343925    -0.40805  0.00251277
        1870   -0.323017   -0.408005  0.00251184
        1871   -0.365321   -0.407982   0.0025106
        1872   -0.371269   -0.407962  0.00250934
        1873   -0.383319   -0.407949  0.00250803
        1874   -0.410894   -0.407951   0.0025067
        1875    -0.38024   -0.407936   0.0025054
        1876   -0.372756   -0.407917  0.00250414
        1877   -0.392162   -0.407909  0.00250282
        1878   -0.378636   -0.407893  0.00250153
        1879   -0.357636   -0.407866  0.00250034
        1880   -0.376858    -0.40785  0.00249907
        1881   -0.368681   -0.407829  0.00249783
        1882   -0.383127   -0.407816  0.00249653
        1883   -0.369964   -0.407796  0.00249529
        1884   -0.400599   -0.407792  0.00249397
        1885   -0.441907    -0.40781  0.00249271
        1886   -0.391143   -0.407801   0.0024914
        1887   -0.424258    -0.40781   0.0024901
        1888   -0.416461   -0.407815  0.00248879
        1889   -0.393955   -0.407807  0.00248748
        1890     -0.3817   -0.407794   0.0024862
        1891   -0.406585   -0.407793  0.00248489
        1892    -0.40302    -0.40779  0.00248357
        1893   -0.387993    -0.40778  0.00248228
        1894   -0.404784   -0.407778  0.00248097
        1895   -0.389026   -0.407768  0.00247968
        1896   -0.454283   -0.407793   0.0024785
        1897   -0.435798   -0.407808  0.00247724
        1898   -0.451299   -0.407831  0.00247604
        1899    -0.41954   -0.407837  0.00247474
        1900   -0.410184   -0.407838  0.00247344
        1901   -0.432857   -0.407851  0.00247217
        1902   -0.430715   -0.407863   0.0024709
        1903   -0.409035   -0.407864   0.0024696
        1904   -0.427534   -0.407874  0.00246833
        1905   -0.376151   -0.407858  0.00246709
        1906   -0.405163   -0.407856  0.00246579
        1907   -0.344967   -0.407823  0.00246472
        1908   -0.316121   -0.407775   0.0024639
        1909   -0.316847   -0.407727  0.00246307
        1910   -0.295797   -0.407669  0.00246248
        1911   -0.292202   -0.407608  0.00246193
        1912   -0.266459   -0.407535  0.00246175
        1913   -0.303612    -0.40748  0.00246106
        1914   -0.300359   -0.407424  0.00246041
        1915    -0.31872   -0.407378  0.00245956
        1916   -0.317803   -0.407331  0.00245872
        1917   -0.323839   -0.407288  0.00245782
        1918   -0.377061   -0.407272  0.00245659
        1919   -0.367758   -0.407251   0.0024554
        1920   -0.407986   -0.407252  0.00245412
        1921   -0.379009   -0.407237  0.00245289
        1922   -0.427228   -0.407247  0.00245163
        1923   -0.417174   -0.407253  0.00245036
        1924   -0.390769   -0.407244  0.00244911
        1925   -0.418869    -0.40725  0.00244784
        1926   -0.449206   -0.407272  0.00244667
        1927   -0.426679   -0.407282  0.00244542
        1928   -0.454469   -0.407306  0.00244427
        1929   -0.456427   -0.407332  0.00244314
        1930   -0.421712   -0.407339  0.00244188
        1931    -0.44673    -0.40736   0.0024407
        1932   -0.421446   -0.407367  0.00243945
        1933    -0.43139   -0.407379  0.00243822
        1934   -0.413911   -0.407383  0.00243696
        1935   -0.416698   -0.407388  0.00243571
        1936   -0.407186   -0.407387  0.00243445
        1937     -0.3745    -0.40737  0.00243325
        1938   -0.431821   -0.407383  0.00243203
        1939   -0.401437    -0.40738  0.00243078
        1940   -0.420353   -0.407387  0.00242953
        1941   -0.392686   -0.407379  0.00242829
        1942   -0.416253   -0.407384  0.00242705
        1943   -0.414388   -0.407387   0.0024258
        1944   -0.398507   -0.407383  0.00242456
        1945   -0.376133   -0.407367  0.00242336
        1946   -0.379975   -0.407353  0.00242216
        1947   -0.355086   -0.407326  0.00242106
        1948   -0.360063   -0.407302  0.00241994
        1949   -0.364074   -0.407279   0.0024188
        1950   -0.351938   -0.407251  0.00241773
        1951   -0.333099   -0.407213  0.00241679
        1952   -0.348728   -0.407183  0.00241574
        1953   -0.346679   -0.407152   0.0024147
        1954   -0.350812   -0.407123  0.00241363
        1955   -0.325612   -0.407081  0.00241276
        1956   -0.350009   -0.407052   0.0024117
        1957   -0.340229   -0.407018  0.00241071
        1958   -0.354399   -0.406991  0.00240963
        1959   -0.371999   -0.406973  0.00240847
        1960   -0.369016   -0.406954  0.00240732
        1961   -0.414331   -0.406958  0.00240609
        1962   -0.384332   -0.406946  0.00240489
        1963   -0.413454    -0.40695  0.00240367
        1964   -0.421533   -0.406957  0.00240246
        1965   -0.401344   -0.406954  0.00240124
        1966   -0.413639   -0.406958  0.00240002
        1967   -0.421535   -0.406965  0.00239881
        1968    -0.44463   -0.406984  0.00239767
        1969   -0.394447   -0.406978  0.00239646
        1970   -0.448849   -0.406999  0.00239533
        1971   -0.416832   -0.407004  0.00239412
        1972   -0.425674   -0.407013  0.00239293
        1973   -0.419311    -0.40702  0.00239172
        1974   -0.406258   -0.407019  0.00239051
        1975   -0.358133   -0.406995  0.00238943
        1976   -0.339413    -0.40696  0.00238847
        1977   -0.356716   -0.406935  0.00238739
        1978   -0.344689   -0.406903  0.00238639
        1979   -0.360349    -0.40688   0.0023853
        1980   -0.355235   -0.406854  0.00238424
        1981   -0.381472   -0.406841  0.00238307
        1982    -0.39639   -0.406836  0.00238188
        1983   -0.383703   -0.406824   0.0023807
        1984   -0.387381   -0.406814  0.00237952
        1985   -0.393809   -0.406808  0.00237833
        1986   -0.378926   -0.406794  0.00237718
        1987   -0.387861   -0.406784    0.002376
        1988   -0.366494   -0.406764  0.00237489
        1989   -0.366849   -0.406744  0.00237378
        1990   -0.356159   -0.406718  0.00237273
        1991   -0.398826   -0.406714  0.00237154
        1992    -0.38454   -0.406703  0.00237037
        1993   -0.411934   -0.406706  0.00236918
        1994   -0.390862   -0.406698  0.00236801
        1995   -0.377411   -0.406683  0.00236687
        1996   -0.362744   -0.406661  0.00236578
        1997   -0.369291   -0.406643  0.00236467
        1998   -0.347272   -0.406613  0.00236368
        1999   -0.331617   -0.406575  0.00236279
        2000   -0.305386   -0.406525  0.00236215
