#     BLOCK:   ACTUAL_T:     T_AVE:       ERROR:
           1     2.07758     2.07758           0
           2     2.02401     2.05079   0.0189417
           3     2.16172     2.08777    0.032724
           4      2.1459      2.1023   0.0275821
           5     2.04186     2.09021   0.0245721
           6     2.04878     2.08331   0.0214253
           7      1.9867     2.06951   0.0223719
           8      1.8966     2.04789    0.028141
           9     1.81938      2.0225   0.0346227
          10     1.78599     1.99885   0.0383984
          11     1.70761     1.97237   0.0430794
          12     1.69233     1.94904   0.0453724
          13     1.64965     1.92601   0.0473676
          14     1.62668     1.90463   0.0485705
          15     1.59117     1.88373   0.0496248
          16     1.56497     1.86381   0.0503637
          17     1.53656     1.84456   0.0509473
          18     1.52588     1.82685   0.0511005
          19     1.49775     1.80953   0.0512626
          20     1.48113     1.79311   0.0512619
          21     1.46596     1.77753   0.0511332
          22     1.45913     1.76306   0.0508159
          23     1.47349     1.75047   0.0501419
          24     1.48309     1.73933   0.0492748
          25     1.50625     1.73001   0.0481778
          26     1.49883     1.72112   0.0471381
          27     1.49615     1.71278   0.0461228
          28     1.52448     1.70606   0.0449632
          29     1.49732     1.69886   0.0439851
          30     1.49289     1.69199   0.0430514
          31      1.5264     1.68665   0.0419927
          32     1.50438     1.68096   0.0410649
          33     1.49109      1.6752   0.0402216
          34     1.46979     1.66916   0.0394897
          35     1.45547     1.66306   0.0388306
          36     1.43903     1.65683   0.0382473
          37     1.43916     1.65095   0.0376633
          38     1.45965     1.64592   0.0370071
          39     1.46552     1.64129   0.0363462
          40     1.47248     1.63707   0.0356817
          41     1.44781     1.63245   0.0351087
          42     1.47365     1.62867   0.0344758
          43      1.4391     1.62426   0.0339547
          44     1.43476     1.61996   0.0334551
          45     1.42503     1.61563   0.0329909
          46     1.42135      1.6114   0.0325429
          47     1.40352     1.60698   0.0321497
          48     1.40174      1.6027   0.0317629
          49     1.41795     1.59893   0.0313377
          50     1.40281     1.59501   0.0309555
          51      1.4171     1.59152   0.0305444
          52     1.39513     1.58775   0.0301896
          53     1.38685     1.58396    0.029857
          54      1.3966     1.58049    0.029505
          55     1.36109      1.5765   0.0292369
          56     1.37597     1.57292   0.0289333
          57     1.36503     1.56927   0.0286546
          58     1.36893     1.56581    0.028368
          59     1.38206      1.5627   0.0280576
          60     1.36578     1.55942   0.0277813
          61     1.40031     1.55681   0.0274481
          62     1.38775     1.55408   0.0271405
          63     1.39332     1.55153   0.0268293
          64     1.36269     1.54858   0.0265719
          65     1.36766      1.5458   0.0263085
          66     1.36495     1.54306   0.0260522
          67     1.38311     1.54067   0.0257725
          68     1.38079     1.53832   0.0255005
          69     1.39146     1.53619   0.0252196
          70     1.37204     1.53385   0.0249681
          71     1.37436      1.5316   0.0247173
          72     1.39567     1.52971   0.0244459
          73     1.35998     1.52739   0.0242214
          74     1.36749     1.52523   0.0239903
          75     1.36468     1.52308   0.0237657
          76     1.35843     1.52092   0.0235515
          77     1.33978     1.51857   0.0233629
          78     1.34741     1.51637   0.0231661
          79      1.3284     1.51399   0.0229948
          80     1.33452     1.51175   0.0228165
          81     1.32859     1.50949   0.0226466
          82     1.31952     1.50717   0.0224886
          83     1.31231     1.50482   0.0223399
          84     1.32209     1.50265   0.0221796
          85     1.33683      1.5007   0.0220043
          86     1.33675     1.49879   0.0218308
          87     1.34987     1.49708   0.0216469
          88     1.34995     1.49541   0.0214654
          89     1.35502     1.49383   0.0212821
          90     1.33589     1.49207   0.0211178
          91     1.34946     1.49051   0.0209438
          92     1.34443     1.48892   0.0207763
          93     1.34958     1.48742   0.0206068
          94     1.31817     1.48562   0.0204661
          95     1.35238     1.48422   0.0202987
          96     1.34332     1.48275   0.0201402
          97     1.32914     1.48117   0.0199948
          98     1.31841     1.47951   0.0198596
          99     1.30124     1.47771   0.0197405
         100     1.29768     1.47591    0.019625
         101     1.29052     1.47407   0.0195163
         102     1.28078     1.47217   0.0194168
         103     1.29197     1.47043   0.0193069
         104     1.28706     1.46866   0.0192016
         105     1.29594     1.46702   0.0190891
         106     1.30492     1.46549   0.0189701
         107     1.31407     1.46407   0.0188455
         108     1.30023     1.46256    0.018732
         109      1.3302     1.46134   0.0185995
         110     1.33107     1.46016    0.018468
         111     1.34257      1.4591    0.018332
         112     1.33049     1.45795   0.0182043
         113     1.33965      1.4569   0.0180732
         114     1.34031     1.45588   0.0179436
         115     1.32376     1.45473   0.0178243
         116     1.33359     1.45369   0.0177012
         117     1.32552     1.45259   0.0175838
         118     1.32728     1.45153   0.0174668
         119     1.31806     1.45041    0.017356
         120     1.32426     1.44936   0.0172432
         121     1.31663     1.44826   0.0171356
         122      1.3276     1.44727   0.0170236
         123     1.33522     1.44636   0.0169096
         124     1.33983      1.4455    0.016795
         125     1.33442     1.44461   0.0166841
         126     1.36407     1.44397    0.016564
         127     1.32866     1.44306   0.0164584
         128      1.3292     1.44218   0.0163539
         129     1.32932      1.4413   0.0162505
         130     1.33567     1.44049   0.0161458
         131     1.32546     1.43961   0.0160464
         132     1.34217     1.43887   0.0159418
         133     1.33441     1.43809   0.0158413
         134      1.3029     1.43708   0.0157551
         135     1.31026     1.43614   0.0156664
         136     1.30569     1.43518   0.0155805
         137     1.32196     1.43435   0.0154887
         138     1.31473     1.43349   0.0154007
         139     1.30402     1.43255   0.0153181
         140     1.29749     1.43159    0.015239
         141      1.2975     1.43064   0.0151606
         142     1.28381      1.4296    0.015089
         143     1.29441     1.42866   0.0150131
         144     1.28907     1.42769   0.0149401
         145     1.29236     1.42676   0.0148662
         146     1.31196     1.42597   0.0147851
         147     1.30149     1.42512   0.0147088
         148     1.32218     1.42443   0.0146258
         149     1.31776     1.42371   0.0145452
         150     1.30971     1.42295   0.0144681
         151     1.30973      1.4222   0.0143917
         152     1.31396     1.42149   0.0143146
         153     1.32007     1.42083   0.0142364
         154     1.31938     1.42017   0.0141592
         155     1.34058     1.41965   0.0140771
         156     1.32092     1.41902   0.0140011
         157     1.33308     1.41847   0.0139226
         158      1.3298     1.41791   0.0138458
         159     1.32026      1.4173   0.0137723
         160     1.32127      1.4167   0.0136993
         161     1.33619      1.4162   0.0136234
         162     1.34037     1.41573   0.0135473
         163     1.35162     1.41534   0.0134699
         164     1.31847     1.41475   0.0134007
         165     1.32104     1.41418   0.0133315
         166     1.32074     1.41362   0.0132631
         167     1.30879     1.41299   0.0131985
         168     1.31292     1.41239   0.0131334
         169     1.30933     1.41178   0.0130698
         170     1.33112     1.41131   0.0130016
         171     1.30711      1.4107   0.0129398
         172     1.31244     1.41013   0.0128772
         173     1.30264     1.40951   0.0128177
         174     1.31021     1.40894   0.0127567
         175     1.30651     1.40835   0.0126973
         176      1.3078     1.40778    0.012638
         177     1.29677     1.40715   0.0125821
         178     1.29097      1.4065   0.0125284
         179     1.31353     1.40598   0.0124691
         180     1.29804     1.40538   0.0124143
         181     1.31868      1.4049   0.0123549
         182     1.29695     1.40431   0.0123013
         183     1.32119     1.40385   0.0122424
         184     1.30052     1.40329   0.0121888
         185     1.30894     1.40278   0.0121335
         186     1.34397     1.40247   0.0120724
         187     1.33103     1.40208   0.0120139
         188     1.32445     1.40167   0.0119571
         189     1.33511     1.40132    0.011899
         190     1.33635     1.40098   0.0118413
         191     1.33134     1.40061   0.0117849
         192     1.30027     1.40009   0.0117351
         193     1.33312     1.39974   0.0116795
         194     1.31682     1.39932   0.0116271
         195     1.31018     1.39886   0.0115764
         196     1.34033     1.39856   0.0115212
         197     1.35477     1.39834   0.0114649
         198     1.34804     1.39808   0.0114098
         199     1.34903     1.39784   0.0113551
         200     1.33144      1.3975   0.0113032
         201     1.35129     1.39727   0.0112493
         202     1.32879     1.39694   0.0111987
         203      1.3516     1.39671   0.0111458
         204     1.34541     1.39646    0.011094
         205     1.36618     1.39631   0.0110408
         206     1.34647     1.39607   0.0109899
         207     1.35318     1.39586   0.0109388
         208     1.36129      1.3957   0.0108874
         209     1.37079     1.39558    0.010836
         210     1.34727     1.39535   0.0107868
         211     1.35165     1.39514   0.0107377
         212     1.33704     1.39487   0.0106905
         213       1.317      1.3945   0.0106466
         214     1.32902      1.3942   0.0106012
         215     1.29703     1.39374   0.0105616
         216      1.2978      1.3933    0.010522
         217     1.29608     1.39285    0.010483
         218     1.30721     1.39246   0.0104423
         219     1.30809     1.39207   0.0104017
         220     1.32449     1.39177    0.010359
         221     1.33466     1.39151   0.0103153
         222     1.31228     1.39115    0.010275
         223     1.31426     1.39081   0.0102348
         224     1.28313     1.39033   0.0102003
         225     1.26581     1.38977     0.01017
         226     1.25828     1.38919   0.0101416
         227     1.25009     1.38858   0.0101155
         228     1.28054      1.3881   0.0100822
         229     1.27556     1.38761   0.0100501
         230     1.29085     1.38719   0.0100152
         231      1.3094     1.38685  0.00997754
         232     1.28408     1.38641  0.00994437
         233     1.30566     1.38607  0.00990772
         234     1.30961     1.38574  0.00987077
         235     1.29708     1.38536  0.00983597
         236     1.28069     1.38492  0.00980429
         237     1.28984     1.38452  0.00977113
         238     1.28482      1.3841  0.00973905
         239     1.28428     1.38368  0.00970725
         240     1.27892     1.38324  0.00967661
         241     1.27675      1.3828  0.00964654
         242     1.29709     1.38245  0.00961318
         243     1.27927     1.38202  0.00958299
         244      1.2778      1.3816  0.00955323
         245     1.28447      1.3812  0.00952246
         246     1.27865     1.38078  0.00949287
         247     1.28561      1.3804  0.00946226
         248     1.29685     1.38006   0.0094301
         249     1.29569     1.37972  0.00939831
         250     1.30443     1.37942  0.00936554
         251     1.32586     1.37921  0.00933066
         252     1.31714     1.37896  0.00929688
         253     1.33931      1.3788  0.00926146
         254      1.3395     1.37865  0.00922629
         255     1.36552      1.3786  0.00919025
         256     1.39387     1.37866  0.00915454
         257     1.41181     1.37879  0.00911983
         258     1.42093     1.37895  0.00908595
         259     1.42225     1.37912   0.0090524
         260     1.40992     1.37924  0.00901836
         261     1.39418     1.37929  0.00898399
         262     1.40467     1.37939  0.00895022
         263     1.37746     1.37938  0.00891619
         264     1.37871     1.37938  0.00888242
         265     1.38029     1.37938   0.0088489
         266     1.37672     1.37937  0.00881564
         267     1.38223     1.37938  0.00878263
         268      1.3603     1.37931  0.00875015
         269     1.38194     1.37932  0.00871763
         270     1.37572     1.37931  0.00868535
         271     1.36665     1.37926  0.00865343
         272     1.36202      1.3792  0.00862184
         273     1.36309     1.37914  0.00859046
         274     1.33952       1.379  0.00856033
         275     1.35772     1.37892  0.00852955
         276     1.34511      1.3788  0.00849953
         277     1.36868     1.37876  0.00846892
         278     1.35695     1.37868  0.00843882
         279     1.38318      1.3787  0.00840859
         280     1.36493     1.37865   0.0083787
         281     1.37533     1.37864  0.00834889
         282     1.35609     1.37856  0.00831967
         283     1.33309     1.37839  0.00829182
         284     1.34494     1.37828  0.00826346
         285     1.34594     1.37816  0.00823525
         286     1.33294     1.37801  0.00820797
         287     1.36834     1.37797  0.00817944
         288     1.36485     1.37793  0.00815117
         289     1.35516     1.37785  0.00812334
         290     1.37745     1.37785  0.00809533
         291      1.3582     1.37778  0.00806779
         292     1.34007     1.37765   0.0080412
         293      1.3494     1.37755  0.00801433
         294     1.34496     1.37744  0.00798784
         295     1.35699     1.37737  0.00796106
         296     1.32563      1.3772  0.00793608
         297      1.3467      1.3771  0.00791003
         298     1.36461     1.37705  0.00788359
         299     1.35704     1.37699  0.00785751
         300     1.35953     1.37693  0.00783154
         301     1.36946      1.3769  0.00780556
         302     1.35699     1.37684  0.00777999
         303     1.34831     1.37674  0.00775488
         304     1.34706     1.37665  0.00772999
         305     1.35741     1.37658   0.0077049
         306     1.36912     1.37656  0.00767976
         307     1.36008      1.3765  0.00765493
         308     1.35687     1.37644  0.00763034
         309     1.37783     1.37645  0.00760565
         310     1.35919     1.37639  0.00758132
         311      1.3678     1.37636  0.00755699
         312     1.36915     1.37634  0.00753281
         313     1.37293     1.37633  0.00750875
         314     1.37002     1.37631  0.00748486
         315     1.33903     1.37619  0.00746204
         316     1.35434     1.37612  0.00743874
         317     1.34249     1.37601  0.00741603
         318     1.29425     1.37576  0.00739717
         319     1.30448     1.37553  0.00737735
         320      1.2862     1.37525  0.00735958
         321     1.29147     1.37499  0.00734128
         322     1.27943      1.3747  0.00732448
         323     1.30297     1.37447  0.00730517
         324     1.30614     1.37426  0.00728566
         325     1.29773     1.37403  0.00726705
         326     1.32023     1.37386  0.00724663
         327     1.32244     1.37371  0.00722618
         328     1.30238     1.37349  0.00720742
         329     1.32795     1.37335  0.00718684
         330     1.31439     1.37317  0.00716728
         331     1.30058     1.37295  0.00714898
         332     1.31794     1.37279  0.00712937
         333     1.32902     1.37266  0.00710917
         334     1.31069     1.37247  0.00709031
         335     1.33053     1.37234  0.00707025
         336      1.3219     1.37219   0.0070508
         337     1.33431     1.37208  0.00703077
         338     1.35115     1.37202  0.00701025
         339     1.37844     1.37204  0.00698959
         340     1.36791     1.37203  0.00696905
         341     1.35336     1.37197  0.00694882
         342     1.34975     1.37191  0.00692881
         343     1.32296     1.37176  0.00691008
         344     1.32006     1.37161  0.00689163
         345     1.32377     1.37148  0.00687304
         346     1.35984     1.37144  0.00685326
         347     1.33782     1.37134   0.0068342
         348     1.36987     1.37134  0.00681456
         349     1.35668      1.3713  0.00679516
         350     1.36174     1.37127   0.0067758
         351     1.35174     1.37122  0.00675673
         352     1.33881     1.37112  0.00673816
         353      1.3581     1.37109  0.00671917
         354     1.37838     1.37111  0.00670022
         355     1.37486     1.37112  0.00668136
         356     1.38466     1.37116   0.0066627
         357     1.37929     1.37118  0.00664407
         358     1.36436     1.37116  0.00662554
         359     1.34649     1.37109  0.00660744
         360     1.33182     1.37098  0.00658999
         361     1.31717     1.37083  0.00657342
         362     1.31476     1.37068  0.00655709
         363     1.31876     1.37053  0.00654058
         364     1.31423     1.37038  0.00652444
         365      1.3082     1.37021  0.00650879
         366      1.3144     1.37006  0.00649279
         367     1.31008     1.36989  0.00647716
         368     1.30017      1.3697  0.00646233
         369     1.30175     1.36952  0.00644744
         370     1.28559     1.36929    0.006434
         371     1.27558     1.36904  0.00642162
         372     1.27049     1.36878  0.00640982
         373     1.27645     1.36853  0.00639741
         374     1.28061     1.36829  0.00638462
         375     1.28545     1.36807  0.00637142
         376     1.30854     1.36791  0.00635644
         377     1.30936     1.36776  0.00634148
         378     1.34229     1.36769  0.00632506
         379     1.33357      1.3676  0.00630901
         380      1.3636     1.36759  0.00629242
         381     1.35542     1.36756  0.00627598
         382     1.35185     1.36752  0.00625969
         383     1.37132     1.36753  0.00624335
         384     1.35024     1.36748  0.00622725
         385     1.34016     1.36741  0.00621148
         386     1.34867     1.36736  0.00619558
         387     1.32731     1.36726  0.00618044
         388     1.33247     1.36717  0.00616516
         389     1.31621     1.36704   0.0061507
         390     1.31552     1.36691  0.00613635
         391     1.31376     1.36677  0.00612216
         392     1.29892      1.3666  0.00610899
         393     1.29089     1.36641  0.00609648
         394     1.28442      1.3662  0.00608456
         395     1.27719     1.36597  0.00607332
         396     1.30085     1.36581  0.00606021
         397       1.291     1.36562  0.00604788
         398     1.30891     1.36548  0.00603436
         399     1.31246     1.36534   0.0060207
         400     1.29837     1.36518  0.00600798
         401     1.33577      1.3651  0.00599344
         402     1.30754     1.36496  0.00598024
         403     1.32665     1.36486  0.00596616
         404     1.27644     1.36465   0.0059554
         405     1.29704     1.36448  0.00594304
         406     1.28229     1.36428  0.00593185
         407     1.27507     1.36406  0.00592132
         408     1.26643     1.36382  0.00591164
         409     1.26922     1.36359  0.00590171
         410     1.25869     1.36333  0.00589286
         411     1.24816     1.36305  0.00588518
         412     1.25567     1.36279  0.00587666
         413     1.26743     1.36256  0.00586697
         414     1.26588     1.36233  0.00585744
         415     1.30495     1.36219  0.00584496
         416     1.26415     1.36195  0.00583566
         417     1.30237     1.36181  0.00582341
         418     1.31345     1.36169  0.00581063
         419     1.31463     1.36158  0.00579785
         420     1.31973     1.36148   0.0057849
         421       1.347     1.36145  0.00577126
         422     1.36456     1.36145  0.00575759
         423     1.36921     1.36147  0.00574401
         424     1.39875     1.36156  0.00573113
         425     1.39913     1.36165  0.00571833
         426     1.36405     1.36165  0.00570491
         427     1.37054     1.36168  0.00569159
         428      1.3547     1.36166  0.00567831
         429     1.34569     1.36162   0.0056652
         430     1.33781     1.36157  0.00565229
         431     1.34557     1.36153   0.0056393
         432     1.32944     1.36145  0.00562674
         433     1.34464     1.36142  0.00561387
         434     1.33089     1.36135  0.00560138
         435     1.31769     1.36125   0.0055894
         436     1.33516     1.36119   0.0055769
         437     1.34037     1.36114  0.00556434
         438     1.34011     1.36109  0.00555185
         439     1.34742     1.36106  0.00553929
         440     1.34257     1.36102  0.00552686
         441     1.34741     1.36099  0.00551441
         442     1.34198     1.36094   0.0055021
         443     1.33593     1.36089  0.00548997
         444      1.3291     1.36081  0.00547807
         445     1.33423     1.36076  0.00546609
         446     1.32912     1.36068  0.00545429
         447     1.31038     1.36057  0.00544325
         448     1.31145     1.36046  0.00543221
         449     1.28777      1.3603  0.00542252
         450     1.28688     1.36014  0.00541292
         451      1.3068     1.36002  0.00540221
         452     1.30765      1.3599   0.0053915
         453     1.28781     1.35974  0.00538195
         454     1.30436     1.35962  0.00537148
         455     1.29261     1.35947  0.00536169
         456     1.28475     1.35931  0.00535244
         457     1.29634     1.35917   0.0053425
         458     1.31989     1.35909  0.00533152
         459     1.32534     1.35901  0.00532041
         460     1.33037     1.35895  0.00530921
         461     1.33373      1.3589  0.00529798
         462      1.3267     1.35883  0.00528697
         463     1.31395     1.35873  0.00527644
         464     1.32074     1.35865   0.0052657
         465     1.30121     1.35852  0.00525583
         466     1.32085     1.35844  0.00524517
         467     1.30451     1.35833  0.00523521
         468     1.29407     1.35819  0.00522582
         469     1.29129     1.35805  0.00521663
         470     1.30308     1.35793  0.00520684
         471     1.30692     1.35782  0.00519691
         472     1.29247     1.35768  0.00518774
         473     1.30262     1.35757  0.00517808
         474     1.30746     1.35746  0.00516824
         475     1.31162     1.35737  0.00515826
         476     1.34003     1.35733  0.00514755
         477      1.3384     1.35729  0.00513691
         478     1.34983     1.35727  0.00512619
         479     1.34358     1.35725  0.00511556
         480     1.32762     1.35718  0.00510528
         481     1.32897     1.35713    0.005095
         482     1.34601      1.3571  0.00508448
         483     1.36256     1.35711  0.00507397
         484      1.3545     1.35711  0.00506349
         485     1.36573     1.35713  0.00505308
         486     1.37845     1.35717  0.00504287
         487     1.37946     1.35722  0.00503273
         488      1.3747     1.35725  0.00502254
         489      1.3728     1.35728  0.00501237
         490     1.37512     1.35732  0.00500227
         491       1.401     1.35741  0.00499288
         492     1.36963     1.35743  0.00498279
         493     1.37154     1.35746  0.00497276
         494     1.36915     1.35749  0.00496275
         495     1.39084     1.35755  0.00495319
         496     1.39556     1.35763  0.00494379
         497     1.40979     1.35773  0.00493496
         498     1.40888     1.35784  0.00492612
         499     1.43961       1.358  0.00491897
         500     1.38665     1.35806  0.00490947
         501     1.40637     1.35815  0.00490061
         502     1.37594     1.35819  0.00489098
         503     1.37635     1.35823  0.00488139
         504     1.37704     1.35826  0.00487185
         505     1.36665     1.35828  0.00486223
         506     1.36474     1.35829  0.00485264
         507     1.36524     1.35831  0.00484308
         508     1.35985     1.35831  0.00483355
         509      1.3262     1.35825  0.00482447
         510     1.31953     1.35817   0.0048156
         511      1.3138     1.35808  0.00480696
         512     1.31349       1.358  0.00479836
         513     1.30638      1.3579  0.00479007
         514     1.31125     1.35781  0.00478161
         515     1.33324     1.35776  0.00477256
         516     1.33709     1.35772  0.00476348
         517     1.35152     1.35771  0.00475428
         518     1.34436     1.35768  0.00474517
         519      1.3498     1.35766  0.00473605
         520     1.35098     1.35765  0.00472696
         521     1.34821     1.35763  0.00471792
         522     1.35578     1.35763  0.00470889
         523     1.34972     1.35762  0.00469991
         524     1.36573     1.35763  0.00469096
         525     1.37417     1.35766  0.00468213
         526     1.35386     1.35765  0.00467324
         527     1.36075     1.35766  0.00466438
         528     1.36811     1.35768  0.00465558
         529     1.36372     1.35769   0.0046468
         530     1.37532     1.35773  0.00463815
         531      1.3591     1.35773  0.00462941
         532     1.35573     1.35772  0.00462071
         533     1.31326     1.35764   0.0046128
         534     1.32849     1.35759  0.00460448
         535        1.32     1.35752  0.00459641
         536     1.31003     1.35743  0.00458869
         537     1.31741     1.35735  0.00458075
         538     1.32223     1.35729   0.0045727
         539     1.32412     1.35723  0.00456463
         540     1.34268      1.3572  0.00455626
         541     1.36057     1.35721  0.00454784
         542     1.31741     1.35713  0.00454004
         543     1.32714     1.35708  0.00453202
         544     1.32859     1.35702  0.00452399
         545     1.30445     1.35693  0.00451672
         546     1.31561     1.35685  0.00450908
         547      1.3045     1.35676  0.00450185
         548     1.31565     1.35668  0.00449426
         549     1.31202      1.3566  0.00448681
         550     1.30581     1.35651   0.0044796
         551     1.31617     1.35643  0.00447207
         552     1.31642     1.35636  0.00446456
         553     1.33899     1.35633  0.00445659
         554     1.34954     1.35632  0.00444857
         555     1.32045     1.35625  0.00444102
         556     1.33544     1.35622  0.00443319
         557     1.34014     1.35619  0.00442532
         558     1.31188     1.35611  0.00441811
         559     1.33338     1.35607  0.00441039
         560     1.33051     1.35602  0.00440275
         561     1.34114       1.356  0.00439498
         562       1.349     1.35598  0.00438718
         563     1.35201     1.35598  0.00437939
         564      1.3354     1.35594  0.00437178
         565     1.32272     1.35588  0.00436444
         566      1.3349     1.35584  0.00435688
         567     1.31382     1.35577  0.00434983
         568     1.34119     1.35574  0.00434225
         569     1.32885      1.3557  0.00433487
         570     1.33102     1.35565  0.00432748
         571     1.32899     1.35561  0.00432016
         572     1.30228     1.35551  0.00431361
         573      1.3075     1.35543   0.0043069
         574      1.2983     1.35533  0.00430054
         575     1.30007     1.35523  0.00429414
         576     1.30741     1.35515  0.00428749
         577     1.30923     1.35507  0.00428079
         578     1.32588     1.35502  0.00427368
         579     1.32776     1.35497  0.00426656
         580     1.34086     1.35495  0.00425928
         581       1.359     1.35496  0.00425195
         582     1.33681     1.35492  0.00424476
         583     1.34077      1.3549  0.00423755
         584      1.3175     1.35484  0.00423078
         585     1.29389     1.35473  0.00422483
         586      1.3171     1.35467   0.0042181
         587     1.30361     1.35458  0.00421182
         588     1.28674     1.35447  0.00420623
         589     1.31699      1.3544  0.00419957
         590     1.29755     1.35431  0.00419356
         591     1.30837     1.35423  0.00418718
         592     1.31386     1.35416  0.00418067
         593     1.28174     1.35404   0.0041754
         594     1.31772     1.35398  0.00416882
         595     1.29648     1.35388  0.00416293
         596     1.29335     1.35378  0.00415719
         597     1.29375     1.35368  0.00415144
         598     1.28765     1.35357  0.00414596
         599     1.28549     1.35345   0.0041406
         600      1.2815     1.35333  0.00413544
         601     1.26871     1.35319  0.00413095
         602      1.2829     1.35308  0.00412574
         603     1.28479     1.35296  0.00412045
         604     1.28075     1.35284  0.00411536
         605     1.28485     1.35273   0.0041101
         606     1.29036     1.35263   0.0041046
         607      1.3135     1.35256  0.00409835
         608     1.32623     1.35252  0.00409183
         609     1.34417     1.35251  0.00408514
         610     1.32096     1.35245  0.00407877
         611     1.32707     1.35241   0.0040723
         612      1.3148     1.35235  0.00406611
         613     1.30244     1.35227   0.0040603
         614     1.30371     1.35219  0.00405445
         615     1.31055     1.35212  0.00404843
         616     1.30882     1.35205  0.00404246
         617     1.29136     1.35195  0.00403711
         618     1.31075     1.35189  0.00403113
         619     1.30454     1.35181  0.00402534
         620     1.29065     1.35171  0.00402006
         621     1.30344     1.35164  0.00401433
         622     1.32462     1.35159  0.00400812
         623     1.31582     1.35153  0.00400209
         624        1.31     1.35147  0.00399623
         625     1.32084     1.35142  0.00399014
         626     1.29158     1.35132  0.00398491
         627     1.28556     1.35122  0.00397994
         628     1.29331     1.35113  0.00397467
         629     1.27982     1.35101  0.00396996
         630     1.29064     1.35092  0.00396482
         631     1.31183     1.35086  0.00395902
         632     1.31863      1.3508  0.00395308
         633     1.33655     1.35078   0.0039469
         634     1.33186     1.35075  0.00394079
         635     1.35015     1.35075  0.00393458
         636     1.33723     1.35073  0.00392845
         637     1.34509     1.35072   0.0039223
         638     1.32669     1.35068  0.00391633
         639     1.34547     1.35067  0.00391021
         640     1.33503     1.35065  0.00390418
         641     1.30569     1.35058  0.00389872
         642     1.30272     1.35051  0.00389336
         643     1.30395     1.35043  0.00388797
         644     1.28145     1.35033  0.00388341
         645     1.28713     1.35023  0.00387863
         646      1.2852     1.35013  0.00387393
         647     1.30611     1.35006  0.00386854
         648     1.28412     1.34996  0.00386391
         649     1.29923     1.34988  0.00385874
         650     1.30667     1.34981  0.00385338
         651     1.31001     1.34975  0.00384795
         652     1.32118     1.34971  0.00384229
         653     1.33439     1.34968  0.00383648
         654     1.33483     1.34966  0.00383068
         655     1.31684     1.34961  0.00382516
         656     1.33553     1.34959  0.00381939
         657     1.30499     1.34952  0.00381418
         658      1.3038     1.34945  0.00380902
         659     1.28754     1.34936   0.0038044
         660     1.28961     1.34927  0.00379971
         661     1.29193     1.34918  0.00379495
         662     1.28349     1.34908  0.00379051
         663     1.29382       1.349  0.00378571
         664      1.3115     1.34894  0.00378043
         665     1.32204      1.3489  0.00377497
         666     1.30906     1.34884  0.00376977
         667     1.32469     1.34881  0.00376429
         668     1.32434     1.34877  0.00375884
         669     1.30937     1.34871  0.00375368
         670     1.31703     1.34866  0.00374837
         671     1.31575     1.34861  0.00374311
         672     1.30895     1.34856    0.003738
         673     1.32215     1.34852  0.00373266
         674     1.30554     1.34845  0.00372766
         675     1.28994     1.34837  0.00372315
         676     1.30578      1.3483  0.00371817
         677     1.31563     1.34825  0.00371299
         678     1.30675     1.34819  0.00370802
         679     1.29466     1.34811   0.0037034
         680     1.30865     1.34806  0.00369841
         681     1.28528     1.34796  0.00369413
         682     1.28529     1.34787  0.00368985
         683     1.30213     1.34781  0.00368506
         684     1.28666     1.34772  0.00368075
         685     1.31493     1.34767  0.00367569
         686     1.33037     1.34764  0.00367042
         687     1.36078     1.34766  0.00366513
         688     1.36173     1.34768  0.00365986
         689     1.37881     1.34773  0.00365482
         690     1.37297     1.34776  0.00364971
         691     1.37094      1.3478  0.00364458
         692     1.35221      1.3478  0.00363932
         693     1.36993     1.34784  0.00363421
         694      1.3574     1.34785    0.003629
         695     1.35565     1.34786   0.0036238
         696     1.34921     1.34786  0.00361859
         697     1.32076     1.34782  0.00361361
         698     1.33902     1.34781  0.00360845
         699     1.31135     1.34776  0.00360367
         700     1.30973     1.34771  0.00359893
         701     1.29531     1.34763  0.00359457
         702     1.31044     1.34758  0.00358984
         703     1.30026     1.34751  0.00358536
         704     1.30437     1.34745  0.00358079
         705     1.31326      1.3474  0.00357604
         706     1.30339     1.34734  0.00357152
         707     1.29895     1.34727  0.00356713
         708     1.31897     1.34723  0.00356231
         709     1.29838     1.34716  0.00355795
         710     1.31181     1.34711  0.00355329
         711     1.29381     1.34704  0.00354908
         712     1.29233     1.34696  0.00354493
         713     1.29094     1.34688  0.00354083
         714     1.28241     1.34679  0.00353702
         715     1.29624     1.34672  0.00353278
         716     1.31237     1.34667  0.00352817
         717     1.32534     1.34664  0.00352338
         718     1.29608     1.34657  0.00351917
         719     1.32126     1.34654  0.00351446
         720     1.30688     1.34648  0.00351001
         721     1.32047     1.34644  0.00350532
         722     1.32673     1.34642  0.00350057
         723     1.33677      1.3464  0.00349576
         724     1.35684     1.34642  0.00349096
         725     1.33041      1.3464  0.00348621
         726     1.36019     1.34642  0.00348146
         727      1.3439     1.34641  0.00347668
         728     1.32082     1.34638  0.00347208
         729     1.34423     1.34637  0.00346732
         730     1.33984     1.34637  0.00346258
         731     1.34988     1.34637  0.00345785
         732     1.34771     1.34637  0.00345312
         733     1.36406      1.3464   0.0034485
         734     1.33792     1.34638  0.00344382
         735     1.34341     1.34638  0.00343913
         736     1.34349     1.34638  0.00343446
         737     1.34519     1.34637   0.0034298
         738     1.31423     1.34633  0.00342543
         739     1.32554      1.3463  0.00342091
         740     1.30823     1.34625  0.00341668
         741     1.30409     1.34619  0.00341254
         742     1.29928     1.34613  0.00340853
         743     1.32873     1.34611  0.00340402
         744     1.31331     1.34606  0.00339973
         745     1.31917     1.34603  0.00339536
         746     1.33524     1.34601  0.00339084
         747     1.32603     1.34599   0.0033864
         748     1.32689     1.34596  0.00338197
         749     1.33999     1.34595  0.00337747
         750     1.31875     1.34592  0.00337316
         751     1.34041     1.34591  0.00336867
         752     1.33819      1.3459  0.00336421
         753     1.35513     1.34591  0.00335976
         754     1.33434      1.3459  0.00335534
         755     1.34659      1.3459   0.0033509
         756     1.31939     1.34586  0.00334665
         757     1.30072      1.3458  0.00334276
         758     1.28775     1.34573  0.00333923
         759     1.27607     1.34563  0.00333609
         760     1.30481     1.34558  0.00333213
         761     1.30019     1.34552  0.00332829
         762     1.31351     1.34548  0.00332419
         763     1.32662     1.34545  0.00331992
         764     1.33259     1.34544  0.00331562
         765     1.33442     1.34542  0.00331132
         766     1.34029     1.34542    0.003307
         767     1.31887     1.34538  0.00330287
         768     1.29932     1.34532  0.00329911
         769     1.30642     1.34527  0.00329521
         770     1.30858     1.34522  0.00329128
         771     1.30528     1.34517  0.00328741
         772     1.32132     1.34514   0.0032833
         773     1.31655      1.3451  0.00327926
         774     1.31177     1.34506  0.00327531
         775     1.28471     1.34498  0.00327201
         776     1.30291     1.34493  0.00326824
         777     1.27463     1.34484  0.00326529
         778     1.29801     1.34478  0.00326164
         779     1.28991     1.34471  0.00325822
         780     1.28398     1.34463  0.00325497
         781     1.29249     1.34456  0.00325149
         782     1.28959     1.34449  0.00324809
         783     1.29227     1.34443  0.00324463
         784     1.28151     1.34435  0.00324148
         785      1.2905     1.34428  0.00323808
         786     1.29212     1.34421  0.00323464
         787     1.29948     1.34415  0.00323102
         788      1.2971     1.34409  0.00322748
         789     1.29938     1.34404  0.00322388
         790     1.30909     1.34399  0.00322011
         791      1.3039     1.34394  0.00321643
         792     1.29811     1.34388  0.00321289
         793     1.33277     1.34387  0.00320887
         794     1.32915     1.34385  0.00320488
         795     1.35425     1.34386  0.00320088
         796     1.36232     1.34389  0.00319694
         797      1.3741     1.34393  0.00319316
         798     1.36739     1.34396  0.00318929
         799     1.36987     1.34399  0.00318546
         800     1.35143       1.344  0.00318149
         801     1.35636     1.34401  0.00317756
         802       1.374     1.34405  0.00317382
         803      1.3666     1.34408  0.00316999
         804     1.36625     1.34411  0.00316617
         805     1.35593     1.34412  0.00316227
         806      1.3451     1.34412  0.00315834
         807     1.33509     1.34411  0.00315445
         808     1.31327     1.34407  0.00315078
         809     1.30684     1.34403  0.00314722
         810     1.30476     1.34398  0.00314371
         811       1.319     1.34395  0.00313998
         812      1.3047      1.3439  0.00313649
         813     1.30669     1.34385  0.00313296
         814       1.302      1.3438  0.00312954
         815     1.29297     1.34374  0.00312632
         816     1.29288     1.34368  0.00312311
         817     1.28613     1.34361  0.00312008
         818     1.28132     1.34353  0.00311719
         819     1.28351     1.34346  0.00311425
         820     1.30413     1.34341  0.00311082
         821      1.2852     1.34334  0.00310784
         822     1.32056     1.34331  0.00310418
         823     1.29071     1.34325  0.00310107
         824     1.30797      1.3432   0.0030976
         825     1.31067     1.34316   0.0030941
         826     1.31105     1.34313  0.00309059
         827     1.30719     1.34308  0.00308716
         828     1.31812     1.34305  0.00308358
         829     1.31606     1.34302  0.00308003
         830     1.30354     1.34297  0.00307669
         831     1.30778     1.34293  0.00307328
         832     1.30614     1.34288   0.0030699
         833     1.30008     1.34283  0.00306665
         834     1.29481     1.34278  0.00306351
         835     1.31552     1.34274  0.00306002
         836     1.31504     1.34271  0.00305654
         837     1.30029     1.34266   0.0030533
         838     1.30134     1.34261  0.00305006
         839      1.2967     1.34256  0.00304691
         840     1.28266     1.34248  0.00304412
         841     1.28604     1.34242  0.00304124
         842     1.30067     1.34237  0.00303803
         843     1.30092     1.34232  0.00303483
         844     1.29548     1.34226  0.00303174
         845     1.29782     1.34221  0.00302861
         846     1.28763     1.34215  0.00302571
         847     1.29286     1.34209   0.0030227
         848     1.29815     1.34204  0.00301958
         849     1.28737     1.34197  0.00301671
         850     1.30863     1.34193  0.00301342
         851     1.31444      1.3419  0.00301005
         852      1.3268     1.34188  0.00300657
         853     1.35049     1.34189  0.00300306
         854     1.34042     1.34189  0.00299954
         855     1.36244     1.34191  0.00299613
         856     1.38328     1.34196  0.00299302
         857     1.37588       1.342  0.00298979
         858     1.38441     1.34205  0.00298672
         859     1.38055      1.3421  0.00298357
         860     1.37696     1.34214  0.00298038
         861     1.38682     1.34219  0.00297737
         862     1.36787     1.34222  0.00297407
         863     1.38006     1.34226  0.00297094
         864     1.37501      1.3423  0.00296775
         865     1.35924     1.34232  0.00296438
         866      1.3381     1.34232  0.00296096
         867     1.34671     1.34232  0.00295755
         868     1.29429     1.34226  0.00295466
         869     1.34206     1.34226  0.00295126
         870     1.33898     1.34226  0.00294787
         871     1.34294     1.34226  0.00294449
         872     1.35147     1.34227  0.00294113
         873     1.37201     1.34231  0.00293796
         874     1.37055     1.34234  0.00293477
         875     1.36228     1.34236  0.00293151
         876     1.36793     1.34239  0.00292831
         877     1.36395     1.34242  0.00292507
         878     1.37979     1.34246  0.00292205
         879     1.39254     1.34251  0.00291928
         880     1.39244     1.34257  0.00291651
         881     1.38479     1.34262   0.0029136
         882      1.4179      1.3427  0.00291154
         883     1.41812     1.34279   0.0029095
         884     1.39514     1.34285  0.00290681
         885     1.40069     1.34291  0.00290426
         886     1.38441     1.34296  0.00290136
         887      1.3714     1.34299  0.00289827
         888     1.36758     1.34302  0.00289513
         889     1.35983     1.34304  0.00289194
         890     1.34726     1.34305  0.00288869
         891     1.34557     1.34305  0.00288545
         892      1.3366     1.34304  0.00288223
         893     1.34221     1.34304    0.002879
         894     1.34222     1.34304  0.00287578
         895     1.32139     1.34301  0.00287267
         896     1.34511     1.34302  0.00286946
         897     1.35293     1.34303  0.00286629
         898     1.31717       1.343  0.00286324
         899     1.35945     1.34302  0.00286011
         900     1.37174     1.34305  0.00285711
         901     1.35136     1.34306  0.00285396
         902     1.37141     1.34309  0.00285096
         903     1.35513      1.3431  0.00284784
         904     1.33302     1.34309  0.00284471
         905      1.3196     1.34307  0.00284169
         906     1.28401       1.343   0.0028393
         907     1.29658     1.34295  0.00283663
         908     1.28713     1.34289  0.00283417
         909     1.30043     1.34284  0.00283144
         910     1.30982     1.34281  0.00282856
         911     1.30648     1.34277  0.00282573
         912     1.33483     1.34276  0.00282265
         913     1.31802     1.34273  0.00281969
         914     1.34931     1.34274  0.00281661
         915     1.34598     1.34274  0.00281353
         916     1.34929     1.34275  0.00281047
         917     1.33817     1.34274  0.00280741
         918     1.35653     1.34276  0.00280439
         919     1.33354     1.34275  0.00280136
         920     1.33673     1.34274  0.00279832
         921     1.31603     1.34271  0.00279543
         922     1.29924     1.34266   0.0027928
         923     1.30849     1.34263  0.00279002
         924     1.29528     1.34258  0.00278747
         925      1.2919     1.34252    0.002785
         926     1.28357     1.34246  0.00278272
         927     1.29277      1.3424  0.00278023
         928     1.29275     1.34235  0.00277775
         929     1.28861     1.34229  0.00277536
         930     1.29494     1.34224  0.00277284
         931     1.30112      1.3422  0.00277022
         932     1.31092     1.34216  0.00276745
         933      1.3201     1.34214  0.00276458
         934     1.34905     1.34215  0.00276163
         935     1.33818     1.34214  0.00275868
         936     1.33259     1.34213  0.00275575
         937     1.34972     1.34214  0.00275283
         938     1.33869     1.34214  0.00274989
         939     1.33269     1.34213  0.00274698
         940     1.32838     1.34211   0.0027441
         941     1.33535     1.34211  0.00274119
         942     1.32472     1.34209  0.00273835
         943     1.30848     1.34205  0.00273567
         944     1.28585     1.34199  0.00273342
         945     1.29112     1.34194  0.00273106
         946     1.27757     1.34187  0.00272902
         947     1.28275     1.34181  0.00272685
         948     1.29187     1.34176  0.00272449
         949     1.29386     1.34171  0.00272208
         950     1.29824     1.34166   0.0027196
         951     1.30643     1.34162  0.00271699
         952     1.30471     1.34158  0.00271442
         953     1.30976     1.34155  0.00271177
         954     1.31373     1.34152  0.00270909
         955     1.31086     1.34149  0.00270644
         956     1.29412     1.34144  0.00270406
         957      1.2857     1.34138  0.00270187
         958     1.29712     1.34134  0.00269944
         959     1.29509     1.34129  0.00269706
         960     1.30013     1.34124  0.00269459
         961     1.28908     1.34119  0.00269233
         962     1.32896     1.34118  0.00268956
         963     1.33752     1.34117  0.00268677
         964     1.30364     1.34113  0.00268427
         965     1.34067     1.34113  0.00268148
         966     1.30079     1.34109  0.00267903
         967     1.28238     1.34103  0.00267695
         968       1.302     1.34099  0.00267449
         969     1.31789     1.34097  0.00267184
         970     1.31245     1.34094  0.00266924
         971     1.34235     1.34094  0.00266649
         972     1.34948     1.34095  0.00266377
         973     1.33244     1.34094  0.00266104
         974     1.32471     1.34092  0.00265836
         975     1.32425     1.34091  0.00265569
         976     1.31857     1.34088  0.00265307
         977     1.29883     1.34084   0.0026507
         978      1.3138     1.34081  0.00264814
         979     1.31028     1.34078  0.00264561
         980     1.29585     1.34073  0.00264331
         981     1.30305      1.3407   0.0026409
         982     1.29606     1.34065   0.0026386
         983     1.29453      1.3406  0.00263633
         984     1.30957     1.34057  0.00263384
         985     1.31799     1.34055  0.00263127
         986     1.32932     1.34054  0.00262862
         987     1.33809     1.34054  0.00262596
         988     1.34578     1.34054  0.00262331
         989     1.33974     1.34054  0.00262066
         990      1.3339     1.34053  0.00261802
         991     1.33395     1.34053  0.00261538
         992     1.31361      1.3405  0.00261289
         993     1.32062     1.34048  0.00261033
         994     1.30372     1.34044  0.00260797
         995     1.30355     1.34041  0.00260561
         996     1.33364      1.3404  0.00260301
         997     1.34676     1.34041   0.0026004
         998     1.34301     1.34041   0.0025978
         999     1.35546     1.34042  0.00259524
        1000     1.35052     1.34043  0.00259267
        1001     1.34515     1.34044  0.00259008
        1002      1.3506     1.34045  0.00258751
        1003     1.35289     1.34046  0.00258496
        1004     1.36142     1.34048  0.00258247
        1005     1.36214      1.3405  0.00257999
        1006     1.38309     1.34055  0.00257778
        1007     1.36463     1.34057  0.00257533
        1008     1.35745     1.34059  0.00257283
        1009     1.33838     1.34058  0.00257028
        1010     1.32116     1.34056  0.00256781
        1011     1.30108     1.34053  0.00256556
        1012     1.30086     1.34049  0.00256333
        1013     1.29446     1.34044   0.0025612
        1014     1.31697     1.34042  0.00255878
        1015     1.32279      1.3404  0.00255632
        1016     1.33691      1.3404   0.0025538
        1017     1.33842     1.34039  0.00255129
        1018     1.33707     1.34039  0.00254879
        1019     1.33465     1.34039  0.00254629
        1020     1.33102     1.34038  0.00254381
        1021     1.32335     1.34036  0.00254138
        1022     1.30683     1.34033   0.0025391
        1023     1.30993      1.3403  0.00253679
        1024     1.29104     1.34025  0.00253477
        1025     1.29764     1.34021  0.00253264
        1026     1.29884     1.34017  0.00253049
        1027     1.30328     1.34013  0.00252828
        1028     1.31049      1.3401  0.00252599
        1029      1.3135     1.34008  0.00252367
        1030     1.31928     1.34006   0.0025213
        1031     1.34259     1.34006  0.00251885
        1032      1.3361     1.34006  0.00251641
        1033     1.34909     1.34006  0.00251399
        1034     1.35938     1.34008  0.00251163
        1035     1.34761     1.34009  0.00250922
        1036     1.33338     1.34008   0.0025068
        1037     1.33315     1.34008  0.00250439
        1038     1.35222     1.34009  0.00250201
        1039     1.35797     1.34011  0.00249966
        1040     1.37075     1.34014  0.00249743
        1041     1.37257     1.34017  0.00249522
        1042     1.37131      1.3402  0.00249301
        1043      1.3643     1.34022  0.00249073
        1044       1.367     1.34025  0.00248847
        1045     1.35918     1.34026  0.00248616
        1046     1.35114     1.34027   0.0024838
        1047     1.34271     1.34028  0.00248143
        1048     1.32518     1.34026   0.0024791
        1049      1.3249     1.34025  0.00247678
        1050     1.32082     1.34023  0.00247449
        1051     1.32405     1.34021  0.00247219
        1052     1.33377     1.34021  0.00246985
        1053     1.31579     1.34018  0.00246761
        1054     1.33792     1.34018  0.00246527
        1055     1.34505     1.34019  0.00246294
        1056     1.32354     1.34017  0.00246065
        1057     1.33376     1.34016  0.00245833
        1058     1.31145     1.34014  0.00245616
        1059     1.29734      1.3401  0.00245417
        1060     1.32148     1.34008  0.00245192
        1061      1.3068     1.34005  0.00244981
        1062     1.30536     1.34002  0.00244772
        1063     1.31257     1.33999  0.00244555
        1064     1.32511     1.33998   0.0024433
        1065     1.31788     1.33995  0.00244109
        1066     1.31993     1.33994  0.00243887
        1067     1.30529      1.3399   0.0024368
        1068     1.29901     1.33987  0.00243482
        1069     1.28485     1.33981  0.00243309
        1070     1.29693     1.33977  0.00243114
        1071     1.29664     1.33973  0.00242921
        1072     1.30434      1.3397  0.00242717
        1073     1.31956     1.33968  0.00242498
        1074      1.3482     1.33969  0.00242273
        1075     1.35228      1.3397  0.00242051
        1076      1.3444     1.33971  0.00241826
        1077     1.34915     1.33971  0.00241603
        1078     1.33601     1.33971  0.00241379
        1079       1.328      1.3397  0.00241158
        1080     1.33298     1.33969  0.00240936
        1081     1.33532     1.33969  0.00240713
        1082     1.33269     1.33968  0.00240491
        1083     1.31869     1.33966  0.00240277
        1084     1.33935     1.33966  0.00240055
        1085      1.3293     1.33965  0.00239836
        1086     1.32513     1.33964  0.00239619
        1087     1.33016     1.33963    0.002394
        1088     1.34182     1.33963   0.0023918
        1089     1.31989     1.33962  0.00238967
        1090     1.33548     1.33961  0.00238748
        1091      1.3415     1.33961   0.0023853
        1092     1.33273     1.33961  0.00238312
        1093       1.321     1.33959    0.002381
        1094     1.33483     1.33959  0.00237883
        1095     1.30363     1.33955  0.00237688
        1096     1.30895     1.33953  0.00237488
        1097     1.29483     1.33948  0.00237306
        1098     1.30727     1.33946  0.00237108
        1099     1.28003      1.3394  0.00236954
        1100     1.31373     1.33938   0.0023675
        1101     1.32354     1.33936   0.0023654
        1102     1.33013     1.33936  0.00236326
        1103     1.33271     1.33935  0.00236113
        1104     1.34018     1.33935  0.00235899
        1105     1.33534     1.33935  0.00235686
        1106     1.33138     1.33934  0.00235474
        1107     1.32809     1.33933  0.00235263
        1108     1.31354     1.33931  0.00235063
        1109     1.32609     1.33929  0.00234854
        1110     1.31605     1.33927  0.00234651
        1111     1.30744     1.33924  0.00234458
        1112     1.29084      1.3392  0.00234287
        1113     1.29768     1.33916  0.00234106
        1114     1.30237     1.33913   0.0023392
        1115     1.28259     1.33908  0.00233765
        1116     1.29475     1.33904  0.00233589
        1117     1.29139       1.339  0.00233419
        1118     1.29352     1.33896  0.00233246
        1119     1.28575     1.33891  0.00233086
        1120     1.27366     1.33885   0.0023295
        1121     1.27216     1.33879  0.00232818
        1122     1.26992     1.33873  0.00232692
        1123     1.26829     1.33867  0.00232569
        1124     1.28887     1.33862  0.00232404
        1125     1.26449     1.33856  0.00232291
        1126     1.30555     1.33853  0.00232103
        1127     1.29957     1.33849  0.00231923
        1128     1.30811     1.33847  0.00231733
        1129     1.30004     1.33843  0.00231553
        1130     1.30517      1.3384  0.00231367
        1131     1.30785     1.33838  0.00231178
        1132     1.29979     1.33834  0.00230999
        1133     1.30421     1.33831  0.00230815
        1134      1.3185     1.33829  0.00230618
        1135     1.32276     1.33828  0.00230419
        1136     1.30565     1.33825  0.00230234
        1137     1.30729     1.33822  0.00230047
        1138     1.30791      1.3382  0.00229861
        1139       1.296     1.33816  0.00229689
        1140     1.30262     1.33813  0.00229508
        1141     1.28888     1.33809  0.00229348
        1142     1.29699     1.33805  0.00229175
        1143     1.29214     1.33801   0.0022901
        1144     1.29362     1.33797  0.00228842
        1145     1.31404     1.33795  0.00228652
        1146     1.30633     1.33792  0.00228469
        1147     1.29653     1.33789  0.00228299
        1148      1.2957     1.33785  0.00228129
        1149     1.29391     1.33781  0.00227963
        1150     1.27969     1.33776  0.00227821
        1151     1.26883      1.3377  0.00227701
        1152     1.28763     1.33766  0.00227545
        1153     1.28195     1.33761  0.00227399
        1154     1.25669     1.33754   0.0022731
        1155     1.27562     1.33749  0.00227177
        1156     1.27941     1.33744  0.00227036
        1157     1.27121     1.33738  0.00226912
        1158     1.28825     1.33734  0.00226755
        1159     1.29941      1.3373  0.00226583
        1160     1.29626     1.33727  0.00226415
        1161     1.29424     1.33723  0.00226251
        1162     1.29988      1.3372  0.00226079
        1163     1.28133     1.33715  0.00225936
        1164     1.26602     1.33709  0.00225824
        1165     1.30303     1.33706  0.00225649
        1166     1.28442     1.33701  0.00225501
        1167     1.29014     1.33697  0.00225343
        1168     1.30004     1.33694  0.00225173
        1169     1.30196     1.33691     0.00225
        1170     1.29884     1.33688  0.00224831
        1171     1.30275     1.33685  0.00224658
        1172     1.31595     1.33683  0.00224473
        1173     1.30702     1.33681  0.00224296
        1174     1.30786     1.33678  0.00224119
        1175     1.31201     1.33676  0.00223938
        1176     1.28645     1.33672  0.00223789
        1177     1.28645     1.33668  0.00223639
        1178     1.26583     1.33662   0.0022353
        1179     1.27436     1.33656  0.00223403
        1180     1.26384      1.3365  0.00223299
        1181     1.26934     1.33645  0.00223182
        1182     1.28923     1.33641  0.00223029
        1183      1.2686     1.33635  0.00222914
        1184     1.29458     1.33631  0.00222754
        1185     1.28617     1.33627  0.00222606
        1186     1.30276     1.33624  0.00222436
        1187     1.29184     1.33621   0.0022228
        1188     1.28669     1.33616  0.00222132
        1189     1.30138     1.33613  0.00221965
        1190     1.29663      1.3361  0.00221803
        1191     1.31058     1.33608  0.00221627
        1192     1.30719     1.33606  0.00221454
        1193     1.32027     1.33604  0.00221273
        1194      1.3152     1.33602  0.00221094
        1195     1.32968     1.33602   0.0022091
        1196     1.32168     1.33601  0.00220728
        1197     1.32956       1.336  0.00220545
        1198     1.34573     1.33601  0.00220362
        1199     1.34945     1.33602  0.00220181
        1200     1.34815     1.33603      0.0022
        1201     1.33761     1.33603  0.00219817
        1202     1.33357     1.33603  0.00219634
        1203     1.32038     1.33602  0.00219455
        1204     1.33427     1.33602  0.00219273
        1205     1.32259       1.336  0.00219094
        1206     1.32694       1.336  0.00218913
        1207     1.33631       1.336  0.00218732
        1208     1.32937     1.33599  0.00218552
        1209     1.33754     1.33599  0.00218371
        1210     1.33005     1.33599  0.00218191
        1211     1.31462     1.33597  0.00218018
        1212     1.31999     1.33596  0.00217842
        1213     1.29758     1.33593  0.00217686
        1214     1.30223      1.3359  0.00217524
        1215     1.28499     1.33586  0.00217385
        1216     1.29638     1.33582  0.00217231
        1217     1.29296     1.33579  0.00217081
        1218     1.29662     1.33576  0.00216926
        1219     1.30365     1.33573  0.00216764
        1220      1.3099     1.33571  0.00216597
        1221     1.30316     1.33568  0.00216436
        1222     1.31825     1.33567  0.00216264
        1223     1.30819     1.33565  0.00216098
        1224     1.32176     1.33563  0.00215925
        1225     1.33267     1.33563  0.00215749
        1226     1.32889     1.33563  0.00215574
        1227     1.33937     1.33563  0.00215398
        1228     1.34957     1.33564  0.00215226
        1229     1.34122     1.33565  0.00215051
        1230     1.34502     1.33565  0.00214877
        1231     1.35522     1.33567  0.00214709
        1232     1.33552     1.33567  0.00214535
        1233     1.33637     1.33567  0.00214361
        1234     1.32713     1.33566  0.00214188
        1235      1.3306     1.33566  0.00214015
        1236     1.31486     1.33564  0.00213848
        1237     1.32492     1.33563  0.00213677
        1238     1.32098     1.33562  0.00213508
        1239         1.3     1.33559  0.00213355
        1240     1.29965     1.33556  0.00213203
        1241     1.27438     1.33551  0.00213088
        1242     1.29708     1.33548  0.00212939
        1243     1.26896     1.33543  0.00212835
        1244     1.28908     1.33539  0.00212696
        1245     1.29536     1.33536   0.0021255
        1246     1.28955     1.33532  0.00212411
        1247     1.30164      1.3353  0.00212258
        1248     1.29818     1.33527  0.00212108
        1249     1.27425     1.33522  0.00211995
        1250     1.28222     1.33518  0.00211868
        1251     1.26611     1.33512   0.0021177
        1252     1.26609     1.33506  0.00211673
        1253     1.27242     1.33501  0.00211563
        1254     1.26243     1.33496  0.00211473
        1255     1.27443     1.33491   0.0021136
        1256     1.28665     1.33487  0.00211227
        1257     1.28535     1.33483  0.00211095
        1258     1.29721      1.3348  0.00210949
        1259     1.30469     1.33478  0.00210795
        1260     1.30704     1.33476  0.00210639
        1261     1.29691     1.33473  0.00210493
        1262     1.30986     1.33471  0.00210336
        1263     1.31033     1.33469  0.00210178
        1264     1.27992     1.33464  0.00210056
        1265      1.2976     1.33461  0.00209911
        1266     1.29071     1.33458  0.00209773
        1267     1.29684     1.33455  0.00209629
        1268     1.27812      1.3345  0.00209511
        1269     1.28524     1.33447  0.00209382
        1270     1.27504     1.33442  0.00209269
        1271     1.28008     1.33438  0.00209148
        1272     1.26529     1.33432  0.00209054
        1273     1.30404      1.3343  0.00208904
        1274      1.3017     1.33427  0.00208755
        1275     1.31701     1.33426  0.00208596
        1276      1.3359     1.33426  0.00208433
        1277     1.32902     1.33426   0.0020827
        1278     1.33416     1.33426  0.00208107
        1279     1.32588     1.33425  0.00207945
        1280     1.33186     1.33425  0.00207783
        1281     1.30801     1.33423  0.00207631
        1282     1.29523      1.3342  0.00207491
        1283     1.31297     1.33418  0.00207336
        1284     1.29758     1.33415  0.00207194
        1285     1.29807     1.33412  0.00207052
        1286     1.29513     1.33409  0.00206913
        1287     1.30847     1.33407  0.00206762
        1288     1.29778     1.33405   0.0020662
        1289     1.30349     1.33402  0.00206474
        1290     1.32428     1.33401  0.00206315
        1291     1.30852     1.33399  0.00206165
        1292     1.32321     1.33399  0.00206007
        1293     1.30166     1.33396  0.00205863
        1294     1.29844     1.33393  0.00205722
        1295     1.30851     1.33391  0.00205572
        1296     1.31968      1.3339  0.00205417
        1297     1.30008     1.33388  0.00205275
        1298     1.31693     1.33386  0.00205121
        1299     1.31304     1.33385  0.00204969
        1300     1.30251     1.33382  0.00204826
        1301     1.29431     1.33379  0.00204691
        1302     1.28255     1.33375  0.00204571
        1303     1.29507     1.33372  0.00204436
        1304     1.28929     1.33369  0.00204308
        1305     1.29675     1.33366  0.00204171
        1306     1.29756     1.33363  0.00204033
        1307     1.31133     1.33362  0.00203884
        1308     1.30439     1.33359   0.0020374
        1309     1.31946     1.33358  0.00203588
        1310     1.32901     1.33358  0.00203432
        1311     1.33484     1.33358  0.00203277
        1312     1.35522      1.3336  0.00203129
        1313     1.36728     1.33362  0.00202991
        1314      1.3653     1.33365   0.0020285
        1315     1.37202     1.33368  0.00202717
        1316     1.33487     1.33368  0.00202563
        1317      1.3502     1.33369  0.00202413
        1318     1.34337      1.3337  0.00202261
        1319     1.33545      1.3337  0.00202108
        1320     1.32848      1.3337  0.00201955
        1321     1.31805     1.33368  0.00201806
        1322     1.30523     1.33366  0.00201664
        1323     1.29137     1.33363  0.00201537
        1324     1.27749     1.33359   0.0020143
        1325     1.28978     1.33355  0.00201305
        1326     1.27909     1.33351  0.00201195
        1327     1.29692     1.33349  0.00201062
        1328     1.28767     1.33345   0.0020094
        1329     1.29615     1.33342  0.00200809
        1330     1.30361      1.3334   0.0020067
        1331     1.34499     1.33341  0.00200521
        1332     1.32023      1.3334  0.00200373
        1333     1.33201      1.3334  0.00200223
        1334     1.32351     1.33339  0.00200074
        1335     1.31647     1.33338  0.00199928
        1336     1.31393     1.33336  0.00199784
        1337     1.29984     1.33334   0.0019965
        1338      1.2939     1.33331  0.00199523
        1339     1.28425     1.33327  0.00199408
        1340     1.27628     1.33323  0.00199304
        1341     1.29572      1.3332  0.00199175
        1342     1.27679     1.33316  0.00199071
        1343      1.2947     1.33313  0.00198943
        1344     1.30711     1.33311  0.00198805
        1345     1.30564     1.33309  0.00198667
        1346     1.29848     1.33307  0.00198536
        1347     1.31618     1.33305  0.00198393
        1348     1.28959     1.33302  0.00198272
        1349     1.29827       1.333  0.00198142
        1350     1.30195     1.33297  0.00198008
        1351     1.28169     1.33293  0.00197898
        1352     1.28517      1.3329  0.00197783
        1353     1.28515     1.33286  0.00197669
        1354     1.28001     1.33282  0.00197561
        1355     1.27947     1.33279  0.00197455
        1356     1.27728     1.33274  0.00197351
        1357     1.28794     1.33271  0.00197234
        1358     1.28757     1.33268  0.00197116
        1359     1.29154     1.33265  0.00196995
        1360      1.2992     1.33262  0.00196865
        1361     1.31881     1.33261  0.00196723
        1362     1.31661      1.3326  0.00196582
        1363      1.3197     1.33259   0.0019644
        1364     1.32187     1.33258  0.00196298
        1365     1.31088     1.33257   0.0019616
        1366     1.32107     1.33256  0.00196019
        1367      1.3028     1.33254  0.00195887
        1368     1.32978     1.33254  0.00195744
        1369     1.31234     1.33252  0.00195607
        1370     1.32522     1.33252  0.00195465
        1371     1.32992     1.33251  0.00195322
        1372     1.32049     1.33251  0.00195182
        1373     1.31581     1.33249  0.00195043
        1374     1.30044     1.33247  0.00194915
        1375     1.32165     1.33246  0.00194775
        1376     1.31904     1.33245  0.00194636
        1377     1.30791     1.33243  0.00194503
        1378     1.32519     1.33243  0.00194363
        1379     1.31477     1.33242  0.00194226
        1380     1.33073     1.33241  0.00194085
        1381     1.30369     1.33239  0.00193956
        1382     1.32371     1.33239  0.00193816
        1383     1.29029     1.33236    0.001937
        1384     1.32165     1.33235  0.00193562
        1385     1.31592     1.33234  0.00193426
        1386     1.31122     1.33232  0.00193292
        1387     1.32049     1.33231  0.00193155
        1388     1.33115     1.33231  0.00193015
        1389     1.32667     1.33231  0.00192877
        1390     1.34258     1.33232   0.0019274
        1391     1.32624     1.33231  0.00192602
        1392     1.34968     1.33232  0.00192467
        1393     1.35353     1.33234  0.00192335
        1394     1.36281     1.33236  0.00192209
        1395     1.37981      1.3324  0.00192102
        1396     1.36494     1.33242  0.00191978
        1397     1.35721     1.33244  0.00191849
        1398     1.34404     1.33245  0.00191714
        1399     1.32659     1.33244  0.00191577
        1400     1.34329     1.33245  0.00191442
        1401     1.33955     1.33245  0.00191306
        1402     1.35062     1.33247  0.00191174
        1403      1.3628     1.33249   0.0019105
        1404     1.32417     1.33248  0.00190915
        1405     1.31661     1.33247  0.00190782
        1406     1.31767     1.33246  0.00190649
        1407     1.29324     1.33243  0.00190534
        1408     1.28172      1.3324  0.00190433
        1409     1.28611     1.33236  0.00190326
        1410      1.3016     1.33234  0.00190204
        1411     1.32093     1.33233   0.0019007
        1412      1.3311     1.33233  0.00189936
        1413     1.33601     1.33234  0.00189802
        1414      1.3445     1.33234  0.00189669
        1415     1.31173     1.33233  0.00189541
        1416     1.30984     1.33231  0.00189414
        1417     1.29676     1.33229  0.00189297
        1418     1.31076     1.33227  0.00189169
        1419     1.31619     1.33226  0.00189039
        1420     1.30045     1.33224  0.00188919
        1421     1.31929     1.33223  0.00188789
        1422     1.31041     1.33222  0.00188662
        1423     1.30294     1.33219  0.00188541
        1424     1.29788     1.33217  0.00188424
        1425      1.3114     1.33216  0.00188297
        1426     1.31372     1.33214   0.0018817
        1427     1.30742     1.33213  0.00188046
        1428     1.31032     1.33211   0.0018792
        1429     1.31212      1.3321  0.00187794
        1430     1.30857     1.33208   0.0018767
        1431     1.30034     1.33206  0.00187552
        1432     1.30487     1.33204   0.0018743
        1433     1.31267     1.33203  0.00187305
        1434     1.29948       1.332  0.00187188
        1435     1.32897       1.332  0.00187057
        1436     1.32498       1.332  0.00186928
        1437     1.30877     1.33198  0.00186805
        1438     1.30758     1.33196  0.00186682
        1439     1.30363     1.33194  0.00186563
        1440     1.30592     1.33192  0.00186442
        1441     1.28397     1.33189  0.00186343
        1442     1.28657     1.33186   0.0018624
        1443     1.28956     1.33183  0.00186134
        1444     1.30013     1.33181  0.00186018
        1445     1.29691     1.33178  0.00185905
        1446     1.31157     1.33177  0.00185782
        1447      1.3097     1.33176  0.00185659
        1448     1.31831     1.33175  0.00185534
        1449     1.31693     1.33174  0.00185408
        1450     1.30908     1.33172  0.00185287
        1451     1.31099     1.33171  0.00185165
        1452     1.32114      1.3317  0.00185039
        1453     1.30961     1.33168  0.00184918
        1454     1.33404     1.33169  0.00184791
        1455     1.32053     1.33168  0.00184665
        1456     1.33496     1.33168  0.00184538
        1457     1.31003     1.33166  0.00184418
        1458     1.32926     1.33166  0.00184291
        1459     1.32783     1.33166  0.00184165
        1460     1.33001     1.33166  0.00184039
        1461     1.34177     1.33167  0.00183914
        1462     1.30368     1.33165  0.00183799
        1463     1.32953     1.33165  0.00183673
        1464     1.29334     1.33162  0.00183566
        1465     1.30652      1.3316  0.00183449
        1466     1.30666     1.33159  0.00183332
        1467     1.30377     1.33157  0.00183216
        1468     1.30734     1.33155  0.00183099
        1469     1.28863     1.33152  0.00182998
        1470      1.2894     1.33149  0.00182896
        1471     1.30235     1.33147  0.00182782
        1472     1.31176     1.33146  0.00182663
        1473     1.31958     1.33145  0.00182541
        1474     1.34213     1.33146  0.00182418
        1475     1.35115     1.33147  0.00182299
        1476     1.32563     1.33147  0.00182176
        1477     1.33838     1.33147  0.00182054
        1478     1.33068     1.33147   0.0018193
        1479     1.32394     1.33147  0.00181808
        1480      1.3118     1.33145   0.0018169
        1481     1.32668     1.33145  0.00181568
        1482     1.33717     1.33145  0.00181446
        1483     1.33682     1.33146  0.00181324
        1484     1.32831     1.33146  0.00181202
        1485     1.32263     1.33145  0.00181081
        1486     1.32307     1.33144   0.0018096
        1487     1.31579     1.33143  0.00180841
        1488     1.31504     1.33142  0.00180723
        1489     1.30492      1.3314   0.0018061
        1490     1.30325     1.33139  0.00180499
        1491     1.33175     1.33139  0.00180378
        1492      1.3112     1.33137  0.00180262
        1493      1.3105     1.33136  0.00180147
        1494     1.29431     1.33133  0.00180043
        1495      1.2789      1.3313  0.00179957
        1496     1.27431     1.33126  0.00179877
        1497     1.27018     1.33122  0.00179803
        1498     1.27076     1.33118  0.00179728
        1499     1.28964     1.33115   0.0017963
        1500     1.31069     1.33114  0.00179515
        1501     1.34423     1.33115  0.00179398
        1502     1.36239     1.33117   0.0017929
        1503     1.36908     1.33119  0.00179189
        1504     1.35217     1.33121  0.00179075
        1505     1.34125     1.33121  0.00178957
        1506     1.32788     1.33121  0.00178839
        1507     1.33188     1.33121   0.0017872
        1508     1.32538     1.33121  0.00178602
        1509     1.32125      1.3312  0.00178485
        1510     1.30947     1.33119  0.00178372
        1511     1.31067     1.33117  0.00178259
        1512     1.30501     1.33116   0.0017815
        1513     1.31319     1.33114  0.00178036
        1514     1.30063     1.33112   0.0017793
        1515     1.29539      1.3311  0.00177828
        1516     1.29752     1.33108  0.00177725
        1517     1.29314     1.33105  0.00177625
        1518      1.3112     1.33104  0.00177513
        1519     1.28708     1.33101   0.0017742
        1520     1.32151       1.331  0.00177304
        1521     1.28987     1.33098  0.00177208
        1522      1.3186     1.33097  0.00177093
        1523     1.30757     1.33095  0.00176984
        1524     1.30571     1.33094  0.00176875
        1525     1.31829     1.33093  0.00176761
        1526     1.29048      1.3309  0.00176665
        1527     1.31821     1.33089  0.00176552
        1528     1.30151     1.33088  0.00176447
        1529     1.29779     1.33085  0.00176344
        1530     1.28355     1.33082  0.00176256
        1531     1.29036      1.3308  0.00176161
        1532     1.28651     1.33077   0.0017607
        1533     1.28198     1.33074  0.00175984
        1534      1.2983     1.33071  0.00175882
        1535     1.31393      1.3307   0.0017577
        1536     1.33092      1.3307  0.00175656
        1537     1.32862      1.3307  0.00175542
        1538     1.35767     1.33072  0.00175436
        1539     1.36598     1.33074  0.00175337
        1540     1.34253     1.33075  0.00175225
        1541      1.3317     1.33075  0.00175111
        1542     1.32076     1.33074  0.00174999
        1543     1.32444     1.33074  0.00174886
        1544     1.31156     1.33073  0.00174777
        1545     1.29892     1.33071  0.00174676
        1546     1.30828     1.33069  0.00174569
        1547     1.32107     1.33069  0.00174458
        1548     1.30523     1.33067  0.00174353
        1549     1.33922     1.33068  0.00174241
        1550     1.33766     1.33068  0.00174129
        1551     1.33466     1.33068  0.00174017
        1552     1.33091     1.33068  0.00173905
        1553     1.31747     1.33067  0.00173795
        1554      1.3189     1.33067  0.00173685
        1555     1.30562     1.33065  0.00173581
        1556     1.32508     1.33065  0.00173469
        1557     1.30883     1.33063  0.00173364
        1558     1.32436     1.33063  0.00173253
        1559     1.31686     1.33062  0.00173144
        1560     1.32112     1.33061  0.00173034
        1561     1.31243      1.3306  0.00172927
        1562     1.30853     1.33059  0.00172822
        1563      1.3039     1.33057   0.0017272
        1564     1.29637     1.33055  0.00172624
        1565     1.27233     1.33051  0.00172553
        1566     1.27188     1.33047  0.00172484
        1567      1.2817     1.33044  0.00172402
        1568     1.29065     1.33042   0.0017231
        1569     1.30574      1.3304  0.00172208
        1570     1.32671      1.3304  0.00172098
        1571       1.326      1.3304  0.00171989
        1572     1.32696      1.3304   0.0017188
        1573     1.31562     1.33039  0.00171773
        1574     1.32797     1.33038  0.00171664
        1575     1.31125     1.33037  0.00171559
        1576     1.33377     1.33037  0.00171451
        1577     1.34854     1.33039  0.00171346
        1578      1.3632     1.33041   0.0017125
        1579     1.37938     1.33044  0.00171169
        1580     1.35901     1.33046  0.00171071
        1581     1.35878     1.33047  0.00170972
        1582     1.36308     1.33049  0.00170876
        1583     1.35304     1.33051  0.00170774
        1584     1.33984     1.33051  0.00170667
        1585     1.34734     1.33053  0.00170563
        1586     1.35438     1.33054  0.00170462
        1587     1.33019     1.33054  0.00170355
        1588     1.32324     1.33054  0.00170248
        1589      1.3178     1.33053  0.00170143
        1590     1.31801     1.33052  0.00170037
        1591     1.31713     1.33051  0.00169933
        1592     1.30887      1.3305  0.00169831
        1593     1.32153     1.33049  0.00169726
        1594     1.32276     1.33049   0.0016962
        1595     1.34181     1.33049  0.00169515
        1596     1.33578      1.3305  0.00169409
        1597     1.35836     1.33051  0.00169312
        1598     1.37127     1.33054  0.00169225
        1599     1.34498     1.33055  0.00169122
        1600      1.3583     1.33057  0.00169025
        1601     1.32322     1.33056   0.0016892
        1602     1.33063     1.33056  0.00168815
        1603     1.32683     1.33056   0.0016871
        1604      1.3219     1.33055  0.00168605
        1605     1.33497     1.33056    0.001685
        1606     1.32604     1.33055  0.00168396
        1607     1.32963     1.33055  0.00168291
        1608     1.34072     1.33056  0.00168187
        1609     1.31324     1.33055  0.00168086
        1610     1.34606     1.33056  0.00167985
        1611     1.33165     1.33056   0.0016788
        1612     1.32295     1.33055  0.00167777
        1613     1.33742     1.33056  0.00167674
        1614     1.35006     1.33057  0.00167574
        1615     1.36084     1.33059  0.00167481
        1616     1.35773     1.33061  0.00167386
        1617     1.34936     1.33062  0.00167286
        1618     1.34164     1.33063  0.00167184
        1619     1.34475     1.33063  0.00167083
        1620     1.34345     1.33064  0.00166982
        1621     1.31154     1.33063  0.00166883
        1622     1.31758     1.33062  0.00166782
        1623     1.31684     1.33061  0.00166681
        1624     1.31636      1.3306  0.00166581
        1625     1.29783     1.33058  0.00166491
        1626      1.3135     1.33057  0.00166392
        1627     1.32473     1.33057   0.0016629
        1628     1.31276     1.33056  0.00166191
        1629     1.30017     1.33054    0.001661
        1630     1.30746     1.33053  0.00166004
        1631     1.28815      1.3305  0.00165922
        1632     1.29036     1.33048  0.00165839
        1633     1.29342     1.33045  0.00165753
        1634     1.28862     1.33043  0.00165671
        1635     1.29283      1.3304  0.00165586
        1636     1.28009     1.33037  0.00165513
        1637     1.28223     1.33034  0.00165438
        1638     1.28236     1.33032  0.00165363
        1639     1.26591     1.33028  0.00165309
        1640     1.29947     1.33026  0.00165219
        1641     1.29926     1.33024  0.00165129
        1642     1.30245     1.33022  0.00165037
        1643     1.34303     1.33023  0.00164938
        1644     1.32678     1.33023  0.00164838
        1645     1.30829     1.33021  0.00164743
        1646     1.33722     1.33022  0.00164644
        1647     1.32673     1.33022  0.00164544
        1648     1.33073     1.33022  0.00164444
        1649     1.31034      1.3302  0.00164349
        1650     1.30633     1.33019  0.00164256
        1651     1.30793     1.33018  0.00164162
        1652     1.30515     1.33016  0.00164069
        1653     1.31352     1.33015  0.00163973
        1654     1.31831     1.33014  0.00163876
        1655     1.31268     1.33013   0.0016378
        1656     1.30487     1.33012  0.00163688
        1657     1.31086     1.33011  0.00163594
        1658     1.31142      1.3301  0.00163499
        1659     1.31232     1.33008  0.00163404
        1660     1.33002     1.33008  0.00163305
        1661     1.31672     1.33008  0.00163209
        1662     1.32165     1.33007  0.00163111
        1663     1.32486     1.33007  0.00163014
        1664     1.32999     1.33007  0.00162916
        1665     1.35098     1.33008  0.00162823
        1666     1.35223     1.33009   0.0016273
        1667     1.36058     1.33011  0.00162643
        1668     1.34213     1.33012  0.00162547
        1669     1.35538     1.33013  0.00162457
        1670     1.35371     1.33015  0.00162366
        1671     1.34242     1.33016   0.0016227
        1672     1.36663     1.33018  0.00162188
        1673     1.35084     1.33019  0.00162096
        1674     1.34894      1.3302  0.00162003
        1675     1.34622     1.33021  0.00161909
        1676     1.35133     1.33022  0.00161817
        1677     1.34842     1.33023  0.00161724
        1678     1.35762     1.33025  0.00161636
        1679     1.35208     1.33026  0.00161545
        1680     1.34528     1.33027  0.00161451
        1681     1.32365     1.33027  0.00161356
        1682     1.32728     1.33027   0.0016126
        1683     1.30068     1.33025  0.00161174
        1684     1.30318     1.33023  0.00161086
        1685     1.29769     1.33021  0.00161002
        1686     1.28736     1.33019  0.00160927
        1687      1.2905     1.33017  0.00160848
        1688     1.29705     1.33015  0.00160765
        1689      1.3036     1.33013  0.00160677
        1690     1.30767     1.33012  0.00160588
        1691     1.30916      1.3301  0.00160498
        1692     1.31768      1.3301  0.00160405
        1693     1.32516     1.33009   0.0016031
        1694     1.33189     1.33009  0.00160215
        1695     1.34021      1.3301  0.00160122
        1696     1.34249     1.33011  0.00160029
        1697     1.34728     1.33012  0.00159938
        1698     1.33943     1.33012  0.00159845
        1699     1.34203     1.33013  0.00159752
        1700     1.32739     1.33013  0.00159659
        1701     1.32255     1.33012  0.00159565
        1702     1.31741     1.33012  0.00159473
        1703      1.2963      1.3301  0.00159392
        1704     1.30293     1.33008  0.00159306
        1705     1.30334     1.33007  0.00159221
        1706      1.3046     1.33005  0.00159134
        1707     1.29455     1.33003  0.00159055
        1708     1.26507     1.32999  0.00159007
        1709     1.29021     1.32997  0.00158931
        1710     1.28152     1.32994  0.00158863
        1711     1.27564     1.32991  0.00158802
        1712     1.28969     1.32989  0.00158727
        1713     1.30086     1.32987  0.00158643
        1714     1.29925     1.32985  0.00158561
        1715     1.32087     1.32985  0.00158469
        1716     1.32298     1.32984  0.00158377
        1717     1.33163     1.32984  0.00158285
        1718     1.34319     1.32985  0.00158195
        1719     1.34701     1.32986  0.00158106
        1720     1.32442     1.32986  0.00158014
        1721     1.34386     1.32986  0.00157925
        1722     1.34187     1.32987  0.00157834
        1723     1.33144     1.32987  0.00157743
        1724      1.3434     1.32988  0.00157653
        1725     1.32471     1.32988  0.00157562
        1726     1.32844     1.32988  0.00157471
        1727     1.32281     1.32987   0.0015738
        1728     1.30492     1.32986  0.00157296
        1729      1.3109     1.32985  0.00157209
        1730     1.29657     1.32983   0.0015713
        1731     1.31716     1.32982  0.00157041
        1732     1.30647     1.32981  0.00156956
        1733     1.31526      1.3298  0.00156867
        1734     1.33703      1.3298  0.00156777
        1735     1.30774     1.32979  0.00156692
        1736      1.3309     1.32979  0.00156602
        1737     1.30469     1.32978  0.00156519
        1738      1.3273     1.32978  0.00156429
        1739     1.31432     1.32977  0.00156341
        1740      1.3364     1.32977  0.00156252
        1741     1.33452     1.32977  0.00156162
        1742     1.34021     1.32978  0.00156074
        1743     1.34911     1.32979  0.00155988
        1744        1.33     1.32979  0.00155899
        1745     1.33983      1.3298   0.0015581
        1746     1.34457      1.3298  0.00155723
        1747     1.31551      1.3298  0.00155636
        1748     1.31875     1.32979  0.00155549
        1749     1.29672     1.32977  0.00155471
        1750      1.2861     1.32975  0.00155402
        1751     1.28815     1.32972  0.00155332
        1752     1.30235     1.32971  0.00155251
        1753      1.2977     1.32969  0.00155173
        1754     1.32156     1.32968  0.00155085
        1755     1.31559     1.32968  0.00154999
        1756     1.31956     1.32967  0.00154912
        1757     1.32367     1.32967  0.00154824
        1758     1.33153     1.32967  0.00154736
        1759     1.33103     1.32967  0.00154648
        1760     1.33998     1.32967  0.00154561
        1761     1.32408     1.32967  0.00154474
        1762     1.34618     1.32968  0.00154389
        1763      1.3323     1.32968  0.00154302
        1764     1.34415     1.32969  0.00154216
        1765     1.34749      1.3297  0.00154132
        1766      1.3135     1.32969  0.00154048
        1767     1.32601     1.32969  0.00153961
        1768     1.30931     1.32968  0.00153878
        1769     1.28379     1.32965  0.00153813
        1770     1.30067     1.32963  0.00153735
        1771     1.29541     1.32962   0.0015366
        1772     1.29524      1.3296  0.00153585
        1773     1.30828     1.32958  0.00153504
        1774     1.29044     1.32956  0.00153433
        1775     1.29427     1.32954  0.00153359
        1776     1.29081     1.32952  0.00153288
        1777     1.30595     1.32951  0.00153208
        1778     1.31729      1.3295  0.00153123
        1779     1.31153     1.32949  0.00153041
        1780     1.30256     1.32948  0.00152962
        1781     1.30458     1.32946  0.00152883
        1782     1.30646     1.32945  0.00152802
        1783     1.29999     1.32943  0.00152725
        1784     1.30769     1.32942  0.00152645
        1785     1.29085      1.3294  0.00152574
        1786       1.314     1.32939  0.00152491
        1787     1.28929     1.32937  0.00152423
        1788     1.30135     1.32935  0.00152345
        1789     1.31703     1.32934  0.00152262
        1790     1.31096     1.32933   0.0015218
        1791     1.33689     1.32934  0.00152096
        1792     1.33234     1.32934  0.00152011
        1793     1.34293     1.32935  0.00151928
        1794     1.35373     1.32936   0.0015185
        1795     1.33098     1.32936  0.00151765
        1796      1.3606     1.32938  0.00151691
        1797     1.35497     1.32939  0.00151613
        1798     1.35453     1.32941  0.00151535
        1799     1.34381     1.32942  0.00151453
        1800     1.34795     1.32943  0.00151372
        1801     1.32082     1.32942  0.00151289
        1802     1.33779     1.32943  0.00151206
        1803     1.31129     1.32942  0.00151125
        1804     1.31796     1.32941  0.00151043
        1805      1.2928     1.32939  0.00150973
        1806     1.31122     1.32938  0.00150892
        1807     1.30333     1.32936  0.00150816
        1808     1.31197     1.32935  0.00150735
        1809     1.31551     1.32935  0.00150654
        1810     1.33616     1.32935  0.00150571
        1811     1.32449     1.32935  0.00150488
        1812     1.34105     1.32935  0.00150407
        1813     1.35568     1.32937  0.00150331
        1814     1.34651     1.32938  0.00150251
        1815     1.33131     1.32938  0.00150168
        1816      1.3373     1.32938  0.00150086
        1817     1.32036     1.32938  0.00150004
        1818     1.31166     1.32937  0.00149925
        1819     1.30737     1.32936  0.00149847
        1820     1.32564     1.32936  0.00149765
        1821     1.31483     1.32935  0.00149685
        1822     1.32411     1.32934  0.00149603
        1823     1.33962     1.32935  0.00149522
        1824     1.32925     1.32935   0.0014944
        1825     1.34305     1.32936   0.0014936
        1826     1.33327     1.32936  0.00149279
        1827     1.33205     1.32936  0.00149197
        1828     1.32554     1.32936  0.00149115
        1829     1.34633     1.32937  0.00149037
        1830     1.30774     1.32936   0.0014896
        1831     1.31647     1.32935   0.0014888
        1832     1.31865     1.32934    0.001488
        1833     1.32175     1.32934   0.0014872
        1834     1.31648     1.32933   0.0014864
        1835     1.31706     1.32933  0.00148561
        1836     1.31102     1.32932  0.00148483
        1837     1.30036      1.3293  0.00148411
        1838     1.29525     1.32928  0.00148341
        1839     1.29322     1.32926  0.00148274
        1840     1.29637     1.32924  0.00148204
        1841     1.29957     1.32923  0.00148132
        1842     1.29876     1.32921  0.00148061
        1843     1.30939      1.3292  0.00147985
        1844     1.31935      1.3292  0.00147905
        1845     1.31133     1.32919  0.00147828
        1846     1.32703     1.32918  0.00147748
        1847     1.32241     1.32918  0.00147669
        1848     1.35011     1.32919  0.00147593
        1849     1.29791     1.32918  0.00147523
        1850     1.31256     1.32917  0.00147446
        1851     1.31095     1.32916   0.0014737
        1852      1.3103     1.32915  0.00147294
        1853     1.29896     1.32913  0.00147223
        1854     1.32253     1.32913  0.00147144
        1855     1.31188     1.32912  0.00147068
        1856     1.30574      1.3291  0.00146994
        1857      1.3059     1.32909   0.0014692
        1858     1.30804     1.32908  0.00146845
        1859     1.29786     1.32906  0.00146776
        1860     1.30924     1.32905  0.00146701
        1861     1.30151     1.32904   0.0014663
        1862     1.32374     1.32904  0.00146551
        1863     1.32789     1.32903  0.00146472
        1864     1.32367     1.32903  0.00146394
        1865     1.33047     1.32903  0.00146316
        1866     1.34522     1.32904   0.0014624
        1867     1.35169     1.32905  0.00146167
        1868     1.33275     1.32906  0.00146088
        1869     1.33965     1.32906  0.00146011
        1870     1.34173     1.32907  0.00145935
        1871     1.32041     1.32906  0.00145858
        1872     1.32332     1.32906   0.0014578
        1873     1.32148     1.32906  0.00145703
        1874     1.33508     1.32906  0.00145625
        1875     1.34658     1.32907  0.00145551
        1876     1.36275     1.32909  0.00145484
        1877     1.34908      1.3291  0.00145411
        1878     1.35428     1.32911  0.00145339
        1879     1.35296     1.32912  0.00145267
        1880     1.36926     1.32914  0.00145206
        1881     1.36429     1.32916  0.00145141
        1882      1.3833     1.32919  0.00145092
        1883      1.3709     1.32921  0.00145032
        1884     1.38831     1.32925  0.00144989
        1885     1.39523     1.32928  0.00144954
        1886     1.38727     1.32931   0.0014491
        1887     1.39534     1.32935  0.00144875
        1888     1.36576     1.32937  0.00144812
        1889     1.38398     1.32939  0.00144764
        1890     1.36418     1.32941  0.00144699
        1891     1.36795     1.32943  0.00144637
        1892     1.36279     1.32945  0.00144571
        1893     1.35273     1.32946    0.001445
        1894     1.34871     1.32947  0.00144427
        1895     1.33562     1.32948  0.00144351
        1896     1.33107     1.32948  0.00144275
        1897     1.32807     1.32948  0.00144199
        1898      1.3347     1.32948  0.00144123
        1899     1.33963     1.32949  0.00144048
        1900     1.31764     1.32948  0.00143974
        1901     1.31404     1.32947  0.00143901
        1902     1.31463     1.32946  0.00143827
        1903     1.31034     1.32945  0.00143755
        1904     1.28319     1.32943    0.001437
        1905     1.28651     1.32941  0.00143642
        1906     1.28315     1.32938  0.00143587
        1907     1.29501     1.32936  0.00143523
        1908     1.28758     1.32934  0.00143465
        1909     1.31245     1.32933  0.00143392
        1910     1.31613     1.32933  0.00143319
        1911      1.3013     1.32931  0.00143252
        1912     1.33964     1.32932  0.00143178
        1913     1.31488     1.32931  0.00143105
        1914     1.32612     1.32931   0.0014303
        1915     1.34227     1.32931  0.00142957
        1916     1.35867     1.32933  0.00142891
        1917     1.35067     1.32934   0.0014282
        1918     1.34273     1.32935  0.00142748
        1919     1.33976     1.32935  0.00142674
        1920     1.30979     1.32934  0.00142604
        1921      1.3163     1.32934  0.00142531
        1922     1.31636     1.32933  0.00142458
        1923     1.31813     1.32932  0.00142386
        1924     1.32593     1.32932  0.00142312
        1925      1.3311     1.32932  0.00142238
        1926     1.33155     1.32932  0.00142164
        1927     1.32899     1.32932   0.0014209
        1928     1.32603     1.32932  0.00142017
        1929     1.30955     1.32931  0.00141947
        1930     1.30736      1.3293  0.00141878
        1931     1.30911     1.32929  0.00141808
        1932     1.31969     1.32929  0.00141736
        1933     1.32068     1.32928  0.00141663
        1934     1.32773     1.32928   0.0014159
        1935     1.33315     1.32928  0.00141517
        1936     1.32804     1.32928  0.00141444
        1937     1.30488     1.32927  0.00141376
        1938     1.30959     1.32926  0.00141307
        1939     1.29369     1.32924  0.00141246
        1940     1.28488     1.32922  0.00141192
        1941     1.29224      1.3292  0.00141132
        1942     1.29302     1.32918  0.00141071
        1943     1.29496     1.32916   0.0014101
        1944     1.29753     1.32915  0.00140947
        1945     1.31532     1.32914  0.00140876
        1946     1.31525     1.32913  0.00140805
        1947     1.32238     1.32913  0.00140733
        1948     1.33123     1.32913  0.00140661
        1949     1.34582     1.32914  0.00140592
        1950     1.33014     1.32914   0.0014052
        1951     1.35982     1.32915  0.00140456
        1952     1.36729     1.32917  0.00140398
        1953     1.33448     1.32918  0.00140326
        1954     1.37491      1.3292  0.00140274
        1955     1.37227     1.32922   0.0014022
        1956     1.35735     1.32924  0.00140155
        1957     1.37816     1.32926  0.00140106
        1958     1.35426     1.32927   0.0014004
        1959     1.37779      1.3293  0.00139991
        1960     1.36367     1.32932   0.0013993
        1961     1.33427     1.32932  0.00139859
        1962      1.3382     1.32932  0.00139788
        1963     1.33453     1.32933  0.00139718
        1964     1.32301     1.32932  0.00139647
        1965     1.33347     1.32932  0.00139576
        1966     1.31191     1.32932  0.00139508
        1967     1.34003     1.32932  0.00139438
        1968     1.32074     1.32932  0.00139368
        1969      1.3232     1.32931  0.00139297
        1970     1.32776     1.32931  0.00139226
        1971     1.33519     1.32932  0.00139156
        1972     1.35232     1.32933  0.00139091
        1973     1.36389     1.32935  0.00139031
        1974      1.3347     1.32935  0.00138961
        1975     1.36551     1.32937  0.00138903
        1976     1.32575     1.32936  0.00138832
        1977     1.32402     1.32936  0.00138762
        1978     1.32592     1.32936  0.00138692
        1979     1.33742     1.32936  0.00138623
        1980     1.31991     1.32936  0.00138554
        1981     1.31297     1.32935  0.00138486
        1982     1.29787     1.32934  0.00138425
        1983      1.2897     1.32932   0.0013837
        1984     1.30016      1.3293  0.00138308
        1985     1.29798     1.32928  0.00138247
        1986     1.30912     1.32927  0.00138182
        1987     1.31295     1.32927  0.00138115
        1988     1.30484     1.32925  0.00138051
        1989     1.31216     1.32925  0.00137984
        1990       1.308     1.32923  0.00137919
        1991     1.29838     1.32922  0.00137858
        1992     1.30415     1.32921  0.00137795
        1993     1.29795     1.32919  0.00137734
        1994     1.29992     1.32918  0.00137673
        1995     1.29296     1.32916  0.00137616
        1996     1.29493     1.32914  0.00137558
        1997     1.30691     1.32913  0.00137493
        1998     1.30081     1.32912  0.00137432
        1999     1.31192     1.32911  0.00137366
        2000     1.30859      1.3291  0.00137301
