#     BLOCK:   ACTUAL_T:     T_AVE:       ERROR:
           1      2.0729      2.0729           0
           2     2.13455     2.10372   0.0217963
           3     2.14777     2.11841   0.0188385
           4     2.17624     2.13287   0.0188791
           5     2.18956      2.1442   0.0181922
           6     2.10814     2.13819   0.0161226
           7     2.08419     2.13048   0.0155562
           8     2.02639     2.11747   0.0182594
           9     1.93158     2.09681   0.0253498
          10     1.87789     2.07492   0.0308526
          11     1.86343     2.05569    0.033507
          12       1.774     2.03222   0.0380595
          13      1.7776     2.01263   0.0398543
          14     1.73975     1.99314   0.0415013
          15     1.70705     1.97407   0.0428938
          16     1.70268     1.95711   0.0434372
          17     1.67148     1.94031   0.0440117
          18     1.63996     1.92362   0.0446177
          19     1.62705     1.90801   0.0449168
          20     1.61861     1.89354   0.0449413
          21     1.58262     1.87874   0.0451743
          22     1.54748     1.86368   0.0455612
          23     1.56108     1.85052   0.0454401
          24      1.5155     1.83656   0.0456406
          25     1.52671     1.82417   0.0454667
          26     1.52214     1.81255   0.0451776
          27     1.48786     1.80053   0.0450765
          28     1.48818     1.78937   0.0448257
          29      1.4818     1.77877    0.044517
          30     1.47122     1.76851   0.0441977
          31     1.42844     1.75754   0.0441125
          32     1.45579     1.74811   0.0437302
          33     1.42758      1.7384   0.0434704
          34     1.42925     1.72931   0.0431323
          35     1.43571     1.72092   0.0427079
          36     1.42117     1.71259   0.0423254
          37      1.4539      1.7056    0.041755
          38     1.45075     1.69889   0.0411912
          39      1.4383     1.69221   0.0406734
          40     1.43848     1.68587   0.0401482
          41     1.43829     1.67983   0.0396205
          42     1.42842     1.67384   0.0391267
          43     1.45137     1.66867   0.0385573
          44     1.46262     1.66399   0.0379644
          45     1.46146     1.65949   0.0373865
          46     1.47592      1.6555   0.0367861
          47     1.48708     1.65191   0.0361775
          48     1.45103     1.64773   0.0356651
          49     1.47026     1.64411   0.0351206
          50     1.44684     1.64016   0.0346391
          51     1.42157     1.63588   0.0342241
          52     1.41192     1.63157   0.0338358
          53     1.39653     1.62713   0.0334868
          54     1.39087     1.62276   0.0331512
          55     1.38757     1.61848   0.0328231
          56     1.39349     1.61446   0.0324819
          57      1.3785     1.61033   0.0321748
          58     1.39815     1.60667   0.0318273
          59       1.396      1.6031   0.0314875
          60     1.38719      1.5995   0.0311677
          61     1.38134     1.59592   0.0308612
          62     1.38545     1.59253   0.0305496
          63     1.38822     1.58928   0.0302363
          64     1.40148     1.58635   0.0299059
          65     1.37961     1.58317   0.0296145
          66     1.43439     1.58091   0.0292515
          67     1.42274     1.57855     0.02891
          68     1.43289     1.57641   0.0285641
          69     1.42613     1.57423    0.028233
          70     1.43153      1.5722   0.0279032
          71     1.41091     1.56992   0.0276025
          72     1.42059     1.56785   0.0272969
          73     1.43284       1.566   0.0269856
          74     1.42702     1.56412   0.0266862
          75     1.45912     1.56272   0.0263671
          76     1.46686     1.56146   0.0260503
          77     1.46673     1.56023    0.025741
          78      1.4614     1.55896   0.0254422
          79     1.46525     1.55778   0.0251478
          80     1.46578     1.55663   0.0248597
          81     1.46451     1.55549   0.0245788
          82     1.44622     1.55416   0.0243151
          83     1.44747     1.55287   0.0240561
          84     1.44421     1.55158   0.0238045
          85     1.42831     1.55013   0.0235686
          86      1.4156     1.54856   0.0233464
          87     1.42184     1.54711   0.0231234
          88     1.41144     1.54557    0.022912
          89     1.46369     1.54465    0.022673
          90     1.45117     1.54361   0.0224449
          91      1.4632     1.54272   0.0222156
          92     1.47977     1.54204   0.0219847
          93     1.46006     1.54116   0.0217659
          94     1.43667     1.54005   0.0215628
          95     1.46283     1.53923   0.0213511
          96     1.43055      1.5381   0.0211587
          97     1.42034     1.53689   0.0209753
          98     1.42222     1.53572   0.0207939
          99     1.40658     1.53441   0.0206247
         100     1.39259     1.53299   0.0204672
         101     1.41193      1.5318   0.0202996
         102     1.39371     1.53044   0.0201457
         103      1.3821       1.529   0.0200015
         104     1.37346     1.52751    0.019865
         105     1.38211     1.52612   0.0197241
         106     1.37079     1.52466   0.0195923
         107     1.36202     1.52314   0.0194681
         108     1.35927     1.52162   0.0193469
         109     1.34708     1.52002   0.0192355
         110     1.36086     1.51857    0.019115
         111     1.35634     1.51711   0.0189986
         112      1.3602     1.51571   0.0188805
         113     1.35135     1.51425   0.0187694
         114     1.36518     1.51295   0.0186503
         115     1.37816     1.51177   0.0185249
         116     1.36591     1.51052   0.0184078
         117     1.41213     1.50968   0.0182697
         118     1.40823     1.50882   0.0181351
         119     1.39374     1.50785   0.0180084
         120     1.39958     1.50695   0.0178809
         121     1.39517     1.50602    0.017757
         122     1.39368      1.5051   0.0176353
         123     1.41056     1.50433   0.0175087
         124     1.42222     1.50367     0.01738
         125     1.42054     1.50301   0.0172537
         126      1.4194     1.50234   0.0171295
         127     1.42445     1.50173   0.0170056
         128     1.41522     1.50105   0.0168862
         129     1.41909     1.50042   0.0167672
         130     1.40558     1.49969   0.0166541
         131     1.39784     1.49891   0.0165451
         132     1.37142     1.49795   0.0164479
         133     1.38994     1.49713   0.0163443
         134     1.38377     1.49629   0.0162442
         135     1.39033      1.4955   0.0161428
         136     1.39204     1.49474   0.0160421
         137      1.4003     1.49405   0.0159398
         138     1.44071     1.49367    0.015829
         139     1.40891     1.49306   0.0157268
         140     1.43922     1.49267   0.0156192
         141     1.41083     1.49209   0.0155192
         142     1.39459      1.4914   0.0154251
         143     1.39443     1.49073   0.0153321
         144     1.39093     1.49003   0.0152413
         145     1.36994      1.4892   0.0151587
         146     1.39867     1.48858   0.0150675
         147     1.38385     1.48787   0.0149819
         148     1.39067     1.48722    0.014895
         149     1.38981     1.48656   0.0148094
         150     1.38832     1.48591   0.0147251
         151     1.37006     1.48514   0.0146476
         152     1.36943     1.48438    0.014571
         153     1.36027     1.48357   0.0144983
         154     1.35742     1.48275   0.0144273
         155      1.3774     1.48207   0.0143502
         156     1.37785      1.4814   0.0142738
         157     1.38862     1.48081   0.0141951
         158     1.37754     1.48016   0.0141203
         159     1.36732     1.47945   0.0140493
         160     1.37308     1.47878   0.0139772
         161     1.35257       1.478   0.0139124
         162     1.36246     1.47728   0.0138447
         163     1.32538     1.47635   0.0137911
         164     1.34992     1.47558   0.0137286
         165     1.34921     1.47482   0.0136667
         166     1.34941     1.47406   0.0136053
         167     1.32753     1.47318    0.013552
         168      1.3549     1.47248   0.0134897
         169     1.34848     1.47174   0.0134298
         170     1.34037     1.47097    0.013373
         171     1.35277     1.47028   0.0133126
         172     1.34912     1.46958   0.0132539
         173     1.34109     1.46883    0.013198
         174     1.32647     1.46802   0.0131475
         175     1.31727     1.46715   0.0131006
         176     1.30508     1.46623   0.0130585
         177     1.29762     1.46528   0.0130194
         178     1.30295     1.46437   0.0129782
         179     1.30833      1.4635   0.0129349
         180     1.30993     1.46264   0.0128911
         181      1.3238     1.46188   0.0128427
         182      1.3195     1.46109    0.012796
         183     1.32751     1.46036   0.0127468
         184     1.33449     1.45968   0.0126959
         185     1.34486     1.45906   0.0126424
         186     1.33808     1.45841   0.0125912
         187     1.32683     1.45771   0.0125435
         188     1.31213     1.45693   0.0125007
         189      1.2989      1.4561   0.0124625
         190     1.29351     1.45524   0.0124262
         191     1.30049     1.45443   0.0123875
         192     1.30872     1.45367   0.0123462
         193     1.30466      1.4529   0.0123064
         194     1.27473     1.45198   0.0122772
         195     1.29067     1.45115   0.0122421
         196     1.26977     1.45023   0.0122145
         197     1.26182     1.44927   0.0121899
         198     1.27659      1.4484   0.0121595
         199     1.28403     1.44757   0.0121264
         200     1.25557     1.44661   0.0121037
         201     1.28568     1.44581     0.01207
         202     1.28732     1.44503   0.0120357
         203     1.31373     1.44438   0.0119938
         204     1.31124     1.44373   0.0119527
         205     1.31921     1.44312   0.0119098
         206     1.33056     1.44257   0.0118645
         207     1.30383      1.4419   0.0118261
         208      1.3052     1.44125   0.0117875
         209     1.27824     1.44047   0.0117569
         210     1.27706     1.43969   0.0117266
         211     1.28058     1.43893   0.0116953
         212     1.27241     1.43815   0.0116665
         213     1.26666     1.43734   0.0116394
         214     1.28308     1.43662   0.0116074
         215     1.27605     1.43588   0.0115774
         216     1.28448     1.43518    0.011545
         217     1.29722     1.43454   0.0115093
         218     1.31055     1.43397   0.0114705
         219      1.3073     1.43339   0.0114327
         220     1.28581     1.43272   0.0114004
         221     1.29672     1.43211   0.0113654
         222     1.30239     1.43152   0.0113292
         223     1.29787     1.43092   0.0112943
         224     1.31652     1.43041   0.0112554
         225     1.31587      1.4299   0.0112169
         226     1.31727      1.4294   0.0111783
         227     1.30427     1.42885   0.0111426
         228      1.3233     1.42839   0.0111034
         229     1.31276     1.42789   0.0110664
         230     1.32186     1.42742   0.0110279
         231     1.31054     1.42692   0.0109917
         232     1.32006     1.42646    0.010954
         233     1.30771     1.42595   0.0109188
         234     1.33714     1.42557   0.0108788
         235      1.3357     1.42519   0.0108392
         236     1.34398     1.42484   0.0107987
         237     1.34339      1.4245   0.0107586
         238      1.3368     1.42413   0.0107197
         239     1.33485     1.42376   0.0106814
         240     1.31524      1.4233   0.0106464
         241     1.32092     1.42288   0.0106107
         242     1.30529     1.42239    0.010578
         243     1.31254     1.42194   0.0105441
         244     1.28966      1.4214   0.0105149
         245     1.29796      1.4209    0.010484
         246      1.3012     1.42041   0.0104527
         247     1.28137     1.41985   0.0104255
         248     1.30319     1.41938   0.0103941
         249     1.28164     1.41882    0.010367
         250     1.29856     1.41834   0.0103367
         251     1.29549     1.41785   0.0103071
         252     1.29683     1.41737   0.0102774
         253     1.29598     1.41689    0.010248
         254     1.29859     1.41643   0.0102182
         255     1.31121     1.41601   0.0101865
         256     1.30312     1.41557   0.0101562
         257     1.31953      1.4152   0.0101236
         258     1.30535     1.41477   0.0100933
         259     1.29842     1.41432   0.0100643
         260     1.29261     1.41386   0.0100365
         261     1.28467     1.41336   0.0100102
         262     1.29333      1.4129  0.00998248
         263     1.30496     1.41249  0.00995295
         264     1.31685     1.41213  0.00992184
         265     1.32212     1.41179  0.00989022
         266     1.31412     1.41142  0.00985985
         267     1.32789     1.41111  0.00982788
         268     1.31124     1.41074  0.00979827
         269      1.3142     1.41038  0.00976842
         270     1.32957     1.41008  0.00973682
         271     1.33055     1.40979  0.00970532
         272     1.31163     1.40942  0.00967634
         273     1.29926     1.40902  0.00964931
         274      1.2944      1.4086  0.00962316
         275     1.28434     1.40815  0.00959876
         276     1.28206     1.40769  0.00957485
         277     1.28972     1.40727  0.00954975
         278     1.30472      1.4069  0.00952252
         279     1.30836     1.40655  0.00949494
         280      1.3181     1.40623  0.00946628
         281     1.30984     1.40589  0.00943881
         282     1.33666     1.40564  0.00940853
         283     1.33506     1.40539  0.00937859
         284     1.34173     1.40517  0.00934824
         285     1.32689     1.40489  0.00931948
         286     1.36099     1.40474  0.00928816
         287     1.33329     1.40449  0.00925913
         288     1.35173     1.40431  0.00922879
         289       1.351     1.40412   0.0091987
         290     1.34675     1.40393  0.00916911
         291     1.34003     1.40371  0.00914023
         292     1.33701     1.40348  0.00911178
         293      1.3147     1.40317  0.00908572
         294     1.31969     1.40289  0.00905925
         295     1.32153     1.40261  0.00903274
         296     1.31851     1.40233  0.00900669
         297     1.31713     1.40204  0.00898093
         298     1.31071     1.40174  0.00895602
         299     1.31587     1.40145  0.00893067
         300      1.2978      1.4011  0.00890758
         301     1.33209     1.40088  0.00888094
         302     1.30177     1.40055  0.00885759
         303     1.31411     1.40026  0.00883295
         304     1.30286     1.39994  0.00880971
         305     1.32494      1.3997  0.00878425
         306     1.31559     1.39942  0.00875985
         307     1.32332     1.39917  0.00873482
         308     1.32261     1.39892     0.00871
         309     1.34182     1.39874  0.00868377
         310     1.32797     1.39851  0.00865876
         311     1.32526     1.39828  0.00863412
         312     1.35026     1.39812  0.00860782
         313     1.33612     1.39792  0.00858259
         314      1.3572     1.39779  0.00855624
         315     1.36428     1.39769  0.00852974
         316     1.36688     1.39759   0.0085033
         317     1.37772     1.39753  0.00847671
         318     1.35209     1.39738  0.00845126
         319     1.38262     1.39734  0.00842489
         320     1.33584     1.39715  0.00840076
         321     1.35101       1.397  0.00837581
         322     1.32203     1.39677  0.00835304
         323     1.32553     1.39655  0.00833009
         324     1.33029     1.39634  0.00830689
         325     1.32031     1.39611  0.00828462
         326     1.32642      1.3959  0.00826197
         327     1.32846     1.39569  0.00823928
         328     1.32987     1.39549   0.0082166
         329     1.33732     1.39531  0.00819353
         330      1.3362     1.39513  0.00817066
         331     1.35273     1.39501  0.00814698
         332     1.33174     1.39482  0.00812466
         333     1.35071     1.39468  0.00810135
         334     1.34185     1.39452  0.00807863
         335     1.35028     1.39439   0.0080556
         336     1.32004     1.39417  0.00803466
         337     1.34476     1.39402  0.00801216
         338     1.35063      1.3939  0.00798948
         339     1.35678     1.39379  0.00796666
         340     1.35826     1.39368  0.00794392
         341     1.37073     1.39362  0.00792091
         342     1.40317     1.39364   0.0078978
         343     1.38285     1.39361  0.00787483
         344     1.38719     1.39359  0.00785196
         345     1.37107     1.39353  0.00782948
         346     1.35396     1.39341  0.00780768
         347     1.34083     1.39326  0.00778665
         348     1.31645     1.39304   0.0077674
         349     1.34352      1.3929  0.00774644
         350      1.3298     1.39272  0.00772641
         351     1.35983     1.39263  0.00770496
         352     1.35938     1.39253  0.00768365
         353     1.35089     1.39241  0.00766279
         354     1.37013     1.39235  0.00764141
         355     1.34912     1.39223  0.00762085
         356     1.35227     1.39212  0.00760027
         357     1.36372     1.39204   0.0075794
         358     1.38106     1.39201  0.00755829
         359     1.38018     1.39197  0.00753731
         360      1.3754     1.39193  0.00751651
         361     1.36131     1.39184  0.00749617
         362      1.3582     1.39175  0.00747604
         363     1.34057     1.39161  0.00745677
         364     1.34777     1.39149  0.00743726
         365     1.35049     1.39138  0.00741773
         366     1.35909     1.39129  0.00739799
         367     1.36478     1.39121  0.00737818
         368     1.37516     1.39117  0.00735826
         369     1.37278     1.39112  0.00733849
         370     1.38107     1.39109   0.0073187
         371     1.38761     1.39108  0.00729898
         372     1.38402     1.39107  0.00727939
         373     1.37677     1.39103  0.00725997
         374     1.36276     1.39095  0.00724095
         375     1.34122     1.39082  0.00722286
         376      1.3362     1.39067  0.00720511
         377     1.33071     1.39051  0.00718775
         378     1.33093     1.39036  0.00717047
         379     1.32565     1.39019  0.00715358
         380     1.32995     1.39003  0.00713651
         381     1.34985     1.38992  0.00711856
         382     1.34124     1.38979  0.00710106
         383     1.35459      1.3897  0.00708312
         384     1.33846     1.38957  0.00706593
         385     1.34285     1.38945  0.00704862
         386       1.343     1.38933  0.00703138
         387     1.31328     1.38913  0.00701596
         388     1.33533     1.38899  0.00699925
         389     1.32488     1.38883   0.0069832
         390     1.31917     1.38865  0.00696757
         391       1.325     1.38849  0.00695166
         392     1.32917     1.38834  0.00693557
         393     1.34144     1.38822  0.00691895
         394     1.34999     1.38812  0.00690207
         395     1.34295       1.388  0.00688554
         396     1.38639       1.388  0.00686815
         397     1.37353     1.38796  0.00685095
         398     1.37538     1.38793  0.00683381
         399     1.37229     1.38789  0.00681679
         400     1.36005     1.38782  0.00680011
         401     1.35127     1.38773  0.00678376
         402     1.35522     1.38765  0.00676737
         403      1.3492     1.38756  0.00675125
         404     1.34452     1.38745  0.00673538
         405     1.32085     1.38729  0.00672075
         406     1.32951     1.38714  0.00670571
         407     1.30949     1.38695  0.00669194
         408     1.30607     1.38675  0.00667848
         409     1.30574     1.38656  0.00666509
         410     1.28855     1.38632  0.00665312
         411     1.29135     1.38609  0.00664094
         412     1.28951     1.38585  0.00662896
         413      1.2786     1.38559  0.00661799
         414     1.27919     1.38533  0.00660699
         415     1.27379     1.38507  0.00659654
         416     1.27276      1.3848   0.0065862
         417      1.3021      1.3846  0.00657339
         418     1.29454     1.38438   0.0065612
         419     1.32143     1.38423  0.00654726
         420     1.29982     1.38403  0.00653475
         421     1.31274     1.38386  0.00652143
         422     1.32601     1.38372  0.00650741
         423     1.30748     1.38354  0.00649452
         424     1.33012     1.38342  0.00648043
         425     1.31025     1.38325  0.00646747
         426     1.31699     1.38309  0.00645416
         427      1.3383     1.38299  0.00643989
         428     1.31762     1.38283  0.00642666
         429     1.34201     1.38274  0.00641238
         430     1.34752     1.38266  0.00639799
         431     1.34349     1.38256  0.00638379
         432     1.32538     1.38243  0.00637039
         433     1.30451     1.38225  0.00635822
         434     1.30343     1.38207  0.00634616
         435     1.29144     1.38186  0.00633499
         436     1.28847     1.38165  0.00632408
         437     1.29401     1.38145  0.00631279
         438     1.30974     1.38128   0.0063005
         439     1.29323     1.38108  0.00628934
         440      1.2943     1.38089  0.00627814
         441     1.28709     1.38067   0.0062675
         442     1.28082     1.38045  0.00625739
         443     1.27919     1.38022  0.00624744
         444     1.28638     1.38001  0.00623694
         445     1.28179     1.37979  0.00622683
         446     1.29533      1.3796  0.00621575
         447       1.293      1.3794  0.00620486
         448     1.28555     1.37919  0.00619455
         449      1.3024     1.37902  0.00618311
         450     1.30086     1.37885  0.00617181
         451     1.30196     1.37868  0.00616048
         452     1.30392     1.37851  0.00614907
         453     1.30932     1.37836  0.00613739
         454     1.28345     1.37815  0.00612743
         455      1.2875     1.37795  0.00611721
         456     1.27593     1.37773  0.00610788
         457     1.28617     1.37753   0.0060978
         458     1.30508     1.37737  0.00608654
         459      1.3089     1.37722  0.00607511
         460     1.30268     1.37706  0.00606406
         461      1.3093     1.37691  0.00605269
         462     1.30254     1.37675  0.00604173
         463     1.29939     1.37658  0.00603099
         464     1.30692     1.37643  0.00601986
         465     1.30061     1.37627  0.00600912
         466     1.33166     1.37618  0.00599699
         467     1.36329     1.37615  0.00598421
         468     1.36592     1.37613  0.00597146
         469     1.36218      1.3761   0.0059588
         470      1.3727     1.37609  0.00594613
         471     1.36314     1.37606  0.00593357
         472      1.3593     1.37603   0.0059211
         473     1.34271     1.37596    0.005909
         474     1.32083     1.37584  0.00589768
         475     1.29715     1.37567  0.00588759
         476     1.28768     1.37549  0.00587813
         477     1.28678      1.3753  0.00586874
         478     1.28416     1.37511  0.00585956
         479     1.28142     1.37492  0.00585059
         480     1.29269     1.37475  0.00584091
         481     1.29605     1.37458  0.00583106
         482     1.29105     1.37441  0.00582154
         483     1.30492     1.37426  0.00581126
         484     1.30209     1.37412  0.00580117
         485     1.30061     1.37396  0.00579119
         486     1.31443     1.37384  0.00578056
         487     1.30746      1.3737   0.0057703
         488     1.30511     1.37356  0.00576019
         489     1.28635     1.37339  0.00575117
         490     1.27813     1.37319  0.00574272
         491     1.27398     1.37299  0.00573458
         492     1.25909     1.37276  0.00572759
         493     1.28625     1.37258  0.00571866
         494     1.28416      1.3724  0.00570988
         495     1.28435     1.37223  0.00570112
         496     1.28826     1.37206  0.00569214
         497     1.27393     1.37186  0.00568411
         498     1.28433     1.37168  0.00567541
         499     1.28054      1.3715  0.00566698
         500     1.26136     1.37128  0.00565992
         501     1.28035      1.3711  0.00565154
         502     1.28943     1.37094  0.00564262
         503     1.28706     1.37077  0.00563386
         504     1.27632     1.37058   0.0056258
         505     1.32083     1.37048  0.00561552
         506     1.32341     1.37039   0.0056052
         507     1.32511      1.3703  0.00559485
         508     1.32396     1.37021  0.00558458
         509     1.32314     1.37012  0.00557438
         510      1.3128        1.37  0.00556458
         511     1.28815     1.36984  0.00555599
         512     1.28921     1.36969  0.00554737
         513     1.27223      1.3695  0.00553981
         514     1.26325     1.36929  0.00553289
         515     1.26057     1.36908  0.00552617
         516     1.27849      1.3689  0.00551825
         517     1.28026     1.36873  0.00551024
         518     1.29474     1.36859  0.00550145
         519      1.3139     1.36848  0.00549186
         520     1.29818     1.36835  0.00548297
         521     1.30878     1.36823  0.00547363
         522     1.29507     1.36809  0.00546494
         523     1.31191     1.36799  0.00545555
         524     1.29092     1.36784  0.00544712
         525     1.31228     1.36773  0.00543777
         526     1.31068     1.36763  0.00542852
         527     1.29135     1.36748  0.00542014
         528     1.31309     1.36738  0.00541086
         529     1.33517     1.36732  0.00540097
         530     1.31927     1.36723  0.00539154
         531     1.34028     1.36718  0.00538163
         532     1.32502      1.3671  0.00537209
         533      1.3304     1.36703  0.00536246
         534     1.30275     1.36691  0.00535377
         535      1.3002     1.36678  0.00534521
         536     1.30202     1.36666   0.0053366
         537      1.3067     1.36655  0.00532783
         538     1.32519     1.36647  0.00531849
         539     1.33565     1.36642  0.00530893
         540     1.33632     1.36636  0.00529939
         541     1.32719     1.36629  0.00529009
         542     1.31327     1.36619  0.00528123
         543     1.31326     1.36609   0.0052724
         544     1.31426       1.366  0.00526357
         545     1.31351      1.3659   0.0052548
         546      1.2977     1.36578  0.00524666
         547     1.31862     1.36569  0.00523777
         548     1.31984     1.36561  0.00522888
         549     1.32705     1.36554  0.00521983
         550     1.32977     1.36547  0.00521074
         551     1.34342     1.36543  0.00520144
         552     1.34073     1.36539  0.00519221
         553     1.35069     1.36536  0.00518289
         554     1.34918     1.36533  0.00517362
         555     1.34109     1.36529  0.00516448
         556      1.3551     1.36527  0.00515522
         557      1.3478     1.36524  0.00514606
         558     1.36322     1.36523  0.00513684
         559     1.34855      1.3652  0.00512774
         560     1.33889     1.36516   0.0051188
         561     1.33767     1.36511  0.00510991
         562     1.31385     1.36502  0.00510163
         563     1.31623     1.36493   0.0050933
         564     1.32298     1.36486  0.00508482
         565     1.32942     1.36479   0.0050762
         566     1.33289     1.36474  0.00506755
         567     1.33481     1.36468  0.00505889
         568     1.34444     1.36465   0.0050501
         569     1.32024     1.36457  0.00504183
         570     1.32573      1.3645  0.00503345
         571     1.32135     1.36443   0.0050252
         572      1.3157     1.36434  0.00501714
         573     1.33966      1.3643  0.00500856
         574     1.32705     1.36423  0.00500026
         575     1.34152     1.36419  0.00499172
         576     1.34452     1.36416  0.00498317
         577     1.32271     1.36409  0.00497505
         578     1.29992     1.36398  0.00496768
         579      1.3092     1.36388     0.00496
         580      1.2932     1.36376  0.00495295
         581     1.28929     1.36363  0.00494608
         582     1.29482     1.36351    0.004939
         583     1.28397     1.36338  0.00493241
         584     1.29545     1.36326  0.00492533
         585     1.31134     1.36317  0.00491771
         586     1.30484     1.36307  0.00491033
         587     1.30936     1.36298  0.00490282
         588     1.30536     1.36288  0.00489546
         589     1.32438     1.36282  0.00488758
         590     1.33379     1.36277  0.00487955
         591     1.33176     1.36272  0.00487157
         592     1.35389      1.3627  0.00486337
         593     1.34286     1.36267  0.00485528
         594     1.34987     1.36265  0.00484715
         595     1.34188     1.36261  0.00483913
         596     1.33744     1.36257   0.0048312
         597     1.33733     1.36253  0.00482329
         598        1.32     1.36246  0.00481575
         599     1.32043     1.36239  0.00480822
         600     1.33617     1.36234  0.00480041
         601     1.30914     1.36225  0.00479323
         602     1.32338     1.36219  0.00478571
         603      1.3359     1.36214  0.00477797
         604     1.33884     1.36211  0.00477021
         605     1.33767     1.36207   0.0047625
         606     1.33252     1.36202  0.00475489
         607     1.31765     1.36194  0.00474762
         608     1.32312     1.36188  0.00474024
         609     1.31925     1.36181  0.00473297
         610     1.33259     1.36176  0.00472546
         611     1.33774     1.36172  0.00471789
         612     1.35463     1.36171  0.00471019
         613     1.32279     1.36165  0.00470294
         614     1.33987     1.36161  0.00469541
         615     1.36094     1.36161  0.00468778
         616     1.35258      1.3616  0.00468019
         617     1.35253     1.36158  0.00467263
         618      1.3508     1.36156   0.0046651
         619     1.35761     1.36156  0.00465757
         620     1.33846     1.36152   0.0046502
         621     1.34851      1.3615  0.00464276
         622      1.3389     1.36146  0.00463544
         623     1.34084     1.36143  0.00462812
         624       1.329     1.36138  0.00462099
         625     1.32862     1.36133   0.0046139
         626     1.33929     1.36129  0.00460666
         627     1.31452     1.36122  0.00459992
         628     1.31943     1.36115  0.00459307
         629     1.31336     1.36107   0.0045864
         630     1.33753     1.36104  0.00457927
         631     1.31497     1.36096   0.0045726
         632     1.31702     1.36089  0.00456589
         633     1.31927     1.36083  0.00455915
         634     1.29397     1.36072  0.00455318
         635     1.30477     1.36063  0.00454686
         636     1.30197     1.36054  0.00454065
         637     1.31358     1.36047  0.00453412
         638     1.31001     1.36039   0.0045277
         639     1.32679     1.36034  0.00452092
         640     1.32189     1.36028  0.00451426
         641     1.31252      1.3602  0.00450783
         642     1.31146     1.36013  0.00450145
         643     1.31649     1.36006  0.00449496
         644     1.31022     1.35998  0.00448864
         645     1.28373     1.35986  0.00448324
         646     1.30972     1.35979  0.00447697
         647       1.308     1.35971  0.00447077
         648     1.29879     1.35961  0.00446486
         649     1.28286     1.35949  0.00445954
         650     1.29655      1.3594  0.00445373
         651     1.27866     1.35927  0.00444862
         652     1.27948     1.35915  0.00444348
         653     1.28647     1.35904  0.00443807
         654     1.29734     1.35894  0.00443228
         655     1.29964     1.35885  0.00442644
         656     1.30957     1.35878  0.00442033
         657     1.29269     1.35868  0.00441475
         658     1.30882      1.3586  0.00440869
         659     1.30447     1.35852  0.00440276
         660     1.28666     1.35841  0.00439744
         661     1.29628     1.35832  0.00439179
         662     1.29556     1.35822  0.00438618
         663     1.29705     1.35813  0.00438053
         664     1.30265     1.35805  0.00437473
         665     1.31084     1.35798  0.00436873
         666     1.31399     1.35791  0.00436267
         667     1.32182     1.35786  0.00435647
         668     1.31182     1.35779  0.00435049
         669     1.32948     1.35774  0.00434419
         670     1.32987      1.3577  0.00433791
         671     1.31877     1.35764  0.00433183
         672     1.32789      1.3576  0.00432561
         673     1.34256     1.35758  0.00431924
         674     1.34717     1.35756  0.00431286
         675     1.34355     1.35754  0.00430652
         676     1.35293     1.35753  0.00430016
         677     1.35053     1.35752  0.00429382
         678     1.35363     1.35752  0.00428749
         679      1.3507     1.35751  0.00428118
         680     1.35347      1.3575  0.00427489
         681     1.32416     1.35745   0.0042689
         682     1.33074     1.35741  0.00426282
         683     1.32725     1.35737   0.0042568
         684     1.30426     1.35729  0.00425129
         685     1.32062     1.35724  0.00424542
         686     1.33494     1.35721  0.00423935
         687     1.32118     1.35715  0.00423351
         688     1.31512     1.35709   0.0042278
         689     1.34125     1.35707  0.00422172
         690      1.3304     1.35703  0.00421578
         691     1.32515     1.35699  0.00420993
         692     1.33203     1.35695    0.004204
         693     1.33179     1.35691  0.00419809
         694     1.34535      1.3569  0.00419208
         695     1.34198     1.35687   0.0041861
         696     1.31549     1.35682  0.00418051
         697     1.32607     1.35677  0.00417474
         698     1.32065     1.35672  0.00416908
         699     1.29362     1.35663   0.0041641
         700     1.28853     1.35653  0.00415928
         701     1.30114     1.35645   0.0041541
         702     1.30857     1.35638  0.00414874
         703     1.32007     1.35633  0.00414316
         704     1.34232     1.35631  0.00413733
         705     1.33283     1.35628  0.00413159
         706     1.33787     1.35625  0.00412582
         707     1.33976     1.35623  0.00412005
         708     1.33292      1.3562  0.00411436
         709     1.31778     1.35614  0.00410892
         710     1.31388     1.35608  0.00410356
         711     1.31277     1.35602  0.00409824
         712     1.29758     1.35594  0.00409331
         713     1.29472     1.35586  0.00408847
         714     1.30146     1.35578  0.00408345
         715     1.31032     1.35572  0.00407823
         716     1.32824     1.35568  0.00407272
         717     1.32445     1.35563  0.00406727
         718     1.33334      1.3556  0.00406173
         719     1.34668     1.35559   0.0040561
         720     1.36078      1.3556  0.00405047
         721     1.34498     1.35558  0.00404488
         722     1.37292     1.35561  0.00403935
         723     1.39026     1.35565  0.00403404
         724     1.36592     1.35567   0.0040285
         725     1.37386     1.35569  0.00402302
         726     1.36574     1.35571   0.0040175
         727     1.33731     1.35568  0.00401205
         728     1.33286     1.35565  0.00400667
         729     1.31763      1.3556  0.00400151
         730     1.30787     1.35553  0.00399656
         731     1.30024     1.35546  0.00399181
         732     1.31115      1.3554  0.00398682
         733     1.31105     1.35534  0.00398184
         734     1.31498     1.35528  0.00397679
         735      1.2965      1.3552  0.00397218
         736     1.29939     1.35513  0.00396751
         737     1.30674     1.35506  0.00396267
         738     1.30367     1.35499  0.00395791
         739     1.31343     1.35493  0.00395296
         740     1.32624      1.3549  0.00394781
         741     1.34253     1.35488  0.00394251
         742     1.35017     1.35487   0.0039372
         743     1.36563     1.35489  0.00393193
         744     1.36906     1.35491  0.00392669
         745     1.36869     1.35492  0.00392147
         746     1.36888     1.35494  0.00391625
         747     1.34654     1.35493  0.00391103
         748     1.34568     1.35492  0.00390582
         749     1.33259     1.35489  0.00390072
         750     1.33345     1.35486  0.00389562
         751     1.32872     1.35483  0.00389059
         752     1.33102     1.35479  0.00388554
         753     1.34204     1.35478  0.00388042
         754     1.32316     1.35474   0.0038755
         755      1.3304      1.3547   0.0038705
         756     1.33111     1.35467  0.00386551
         757     1.32898     1.35464  0.00386055
         758     1.34224     1.35462  0.00385549
         759     1.32468     1.35458  0.00385062
         760     1.32331     1.35454  0.00384577
         761      1.3169     1.35449  0.00384103
         762     1.32604     1.35445  0.00383617
         763     1.30782     1.35439  0.00383163
         764     1.31074     1.35434  0.00382704
         765     1.30721     1.35427  0.00382254
         766     1.29889      1.3542  0.00381823
         767     1.31939     1.35416  0.00381352
         768     1.33597     1.35413  0.00380863
         769     1.33619     1.35411  0.00380375
         770     1.34075     1.35409  0.00379885
         771     1.36409     1.35411  0.00379394
         772     1.35905     1.35411  0.00378903
         773     1.36137     1.35412  0.00378414
         774     1.33672      1.3541  0.00377932
         775     1.34192     1.35408  0.00377448
         776     1.30055     1.35401  0.00377024
         777     1.30312     1.35395  0.00376596
         778     1.27765     1.35385   0.0037624
         779     1.27615     1.35375  0.00375889
         780     1.26556     1.35364  0.00375577
         781     1.26657     1.35353  0.00375262
         782     1.26892     1.35342  0.00374938
         783     1.26138      1.3533  0.00374643
         784     1.27031     1.35319  0.00374315
         785     1.27949      1.3531  0.00373956
         786     1.28283     1.35301  0.00373587
         787     1.28998     1.35293  0.00373198
         788     1.26549     1.35282  0.00372889
         789     1.29622     1.35275  0.00372485
         790     1.29732     1.35268   0.0037208
         791     1.27533     1.35258  0.00371738
         792     1.30826     1.35252  0.00371311
         793     1.30492     1.35246  0.00370891
         794     1.32046     1.35242  0.00370446
         795     1.32205     1.35239      0.0037
         796     1.33435     1.35236  0.00369542
         797     1.32695     1.35233  0.00369092
         798     1.32573      1.3523  0.00368644
         799      1.3339     1.35228   0.0036819
         800      1.3376     1.35226  0.00367735
         801     1.35897     1.35227  0.00367276
         802     1.34455     1.35226   0.0036682
         803     1.35515     1.35226  0.00366363
         804     1.34201     1.35225   0.0036591
         805     1.35421     1.35225  0.00365455
         806     1.35331     1.35225  0.00365002
         807     1.36499     1.35227  0.00364553
         808     1.38147      1.3523   0.0036412
         809      1.3706     1.35233  0.00363677
         810     1.38216     1.35236  0.00363246
         811     1.39191     1.35241  0.00362831
         812     1.38868     1.35246  0.00362412
         813     1.40506     1.35252  0.00362024
         814      1.3665     1.35254  0.00361583
         815     1.38745     1.35258  0.00361165
         816     1.35404     1.35258  0.00360722
         817     1.34884     1.35258  0.00360281
         818     1.34143     1.35256  0.00359843
         819     1.30686     1.35251  0.00359447
         820     1.32281     1.35247  0.00359027
         821     1.32211     1.35243  0.00358609
         822     1.30878     1.35238  0.00358212
         823     1.33604     1.35236  0.00357782
         824     1.31566     1.35232  0.00357375
         825     1.33257     1.35229   0.0035695
         826     1.32503     1.35226  0.00356533
         827     1.30401      1.3522   0.0035615
         828     1.30928     1.35215  0.00355758
         829     1.30975      1.3521  0.00355365
         830     1.30299     1.35204  0.00354986
         831     1.31082     1.35199  0.00354594
         832     1.30866     1.35194  0.00354206
         833     1.30719     1.35188  0.00353821
         834     1.30855     1.35183  0.00353435
         835     1.29444     1.35176  0.00353079
         836     1.31363     1.35172  0.00352686
         837     1.32446     1.35169   0.0035228
         838     1.33203     1.35166  0.00351867
         839     1.32959     1.35164  0.00351457
         840     1.35588     1.35164  0.00351039
         841     1.34539     1.35163  0.00350623
         842     1.34921     1.35163  0.00350207
         843     1.34156     1.35162  0.00349793
         844       1.324     1.35159  0.00349394
         845     1.30352     1.35153  0.00349027
         846     1.30768     1.35148  0.00348653
         847     1.31631     1.35144  0.00348266
         848     1.32174      1.3514  0.00347873
         849     1.33169     1.35138  0.00347471
         850     1.33628     1.35136  0.00347066
         851      1.3509     1.35136  0.00346659
         852     1.35204     1.35136  0.00346252
         853     1.34085     1.35135  0.00345848
         854     1.34371     1.35134  0.00345444
         855     1.34268     1.35133  0.00345042
         856     1.33267     1.35131  0.00344646
         857     1.32921     1.35128  0.00344253
         858     1.31867     1.35124  0.00343873
         859     1.31789      1.3512  0.00343494
         860     1.31137     1.35116  0.00343126
         861     1.32527     1.35113  0.00342741
         862     1.32559      1.3511  0.00342356
         863     1.33726     1.35108  0.00341963
         864     1.33286     1.35106  0.00341574
         865     1.34856     1.35106  0.00341179
         866     1.32183     1.35102  0.00340802
         867     1.33542     1.35101  0.00340413
         868     1.32089     1.35097  0.00340039
         869     1.31128     1.35093  0.00339678
         870     1.31605     1.35089  0.00339312
         871     1.29406     1.35082  0.00338985
         872     1.29651     1.35076  0.00338653
         873     1.30007      1.3507  0.00338315
         874     1.28673     1.35063  0.00338007
         875     1.29089     1.35056   0.0033769
         876     1.32135     1.35053  0.00337321
         877     1.32505      1.3505  0.00336949
         878     1.33071     1.35047  0.00336572
         879     1.35354     1.35048   0.0033619
         880     1.33954     1.35046   0.0033581
         881      1.3284     1.35044  0.00335438
         882     1.33027     1.35042  0.00335066
         883      1.3398      1.3504  0.00334688
         884     1.31735     1.35037   0.0033433
         885     1.34618     1.35036  0.00333953
         886      1.3237     1.35033   0.0033359
         887     1.32974     1.35031  0.00333222
         888     1.32653     1.35028  0.00332857
         889     1.31418     1.35024  0.00332508
         890     1.30334     1.35019  0.00332176
         891      1.2938     1.35013  0.00331863
         892     1.29932     1.35007   0.0033154
         893     1.29109        1.35  0.00331234
         894      1.3003     1.34995  0.00330911
         895     1.29368     1.34988  0.00330601
         896     1.31693     1.34985  0.00330252
         897     1.32854     1.34982  0.00329892
         898     1.32923      1.3498  0.00329533
         899     1.34266     1.34979  0.00329167
         900     1.32652     1.34977  0.00328812
         901     1.31654     1.34973  0.00328468
         902     1.30933     1.34969  0.00328134
         903     1.31192     1.34964  0.00327797
         904     1.30122     1.34959  0.00327478
         905     1.28661     1.34952  0.00327191
         906     1.30993     1.34948  0.00326859
         907     1.28133      1.3494  0.00326585
         908     1.31054     1.34936  0.00326253
         909     1.28976     1.34929   0.0032596
         910     1.30376     1.34924   0.0032564
         911     1.30288     1.34919  0.00325322
         912     1.27248     1.34911  0.00325074
         913     1.29636     1.34905   0.0032477
         914     1.30039       1.349  0.00324458
         915      1.3118     1.34896  0.00324129
         916     1.32778     1.34893  0.00323783
         917     1.32384     1.34891  0.00323442
         918     1.32912     1.34888  0.00323097
         919     1.33363     1.34887  0.00322749
         920     1.32864     1.34885  0.00322406
         921     1.31137     1.34881  0.00322082
         922     1.31085     1.34876  0.00321759
         923     1.28477     1.34869  0.00321485
         924     1.29092     1.34863  0.00321197
         925     1.27512     1.34855  0.00320949
         926     1.27406     1.34847  0.00320703
         927     1.27147     1.34839  0.00320464
         928     1.27899     1.34831  0.00320206
         929     1.28748     1.34825  0.00319929
         930     1.28106     1.34818  0.00319666
         931     1.29222     1.34812  0.00319379
         932     1.28941     1.34805  0.00319099
         933     1.29889       1.348    0.003188
         934     1.27798     1.34793  0.00318547
         935     1.26665     1.34784  0.00318325
         936     1.26044     1.34775  0.00318122
         937     1.27559     1.34767  0.00317875
         938     1.26997     1.34759  0.00317644
         939     1.29212     1.34753  0.00317361
         940     1.31721     1.34749   0.0031704
         941     1.32941     1.34748  0.00316709
         942     1.32341     1.34745  0.00316383
         943     1.31999     1.34742  0.00316061
         944     1.30353     1.34737   0.0031576
         945     1.30678     1.34733  0.00315455
         946     1.28817     1.34727  0.00315184
         947     1.29882     1.34722  0.00314892
         948     1.30397     1.34717  0.00314593
         949     1.31231     1.34714  0.00314283
         950     1.31731      1.3471  0.00313968
         951     1.29738     1.34705  0.00313681
         952       1.297       1.347  0.00313396
         953     1.28506     1.34693  0.00313135
         954     1.27971     1.34686  0.00312886
         955     1.26712     1.34678  0.00312669
         956     1.29688     1.34673  0.00312386
         957     1.30321     1.34668  0.00312093
         958     1.28397     1.34662  0.00311835
         959     1.28803     1.34656   0.0031157
         960     1.28639     1.34649  0.00311309
         961      1.2676     1.34641  0.00311093
         962      1.2763     1.34634  0.00310855
         963     1.28566     1.34628  0.00310596
         964     1.27914     1.34621  0.00310352
         965     1.28989     1.34615  0.00310085
         966     1.32684     1.34613   0.0030977
         967     1.32006      1.3461  0.00309462
         968     1.30835     1.34606  0.00309167
         969     1.32484     1.34604  0.00308855
         970     1.33488     1.34603  0.00308539
         971     1.31151     1.34599  0.00308242
         972     1.36531     1.34601  0.00307931
         973     1.36912     1.34604  0.00307624
         974     1.35677     1.34605   0.0030731
         975     1.36818     1.34607  0.00307003
         976     1.35984     1.34608  0.00306692
         977     1.34934     1.34609  0.00306378
         978     1.33539     1.34608  0.00306067
         979     1.29631     1.34603  0.00305796
         980     1.32045       1.346  0.00305495
         981     1.32464     1.34598  0.00305192
         982     1.34067     1.34597  0.00304882
         983      1.3362     1.34596  0.00304573
         984     1.36346     1.34598  0.00304269
         985     1.34648     1.34598   0.0030396
         986     1.35418     1.34599  0.00303653
         987     1.35256       1.346  0.00303346
         988     1.34868       1.346  0.00303039
         989     1.34203     1.34599  0.00302733
         990     1.31953     1.34597  0.00302439
         991     1.33895     1.34596  0.00302134
         992     1.34003     1.34595   0.0030183
         993     1.31463     1.34592  0.00301543
         994     1.33206     1.34591  0.00301243
         995     1.33228      1.3459  0.00300943
         996      1.3317     1.34588  0.00300644
         997     1.34021     1.34588  0.00300343
         998     1.34953     1.34588  0.00300043
         999     1.33182     1.34586  0.00299746
        1000     1.33723     1.34586  0.00299447
        1001     1.34027     1.34585  0.00299148
        1002     1.34002     1.34584   0.0029885
        1003     1.35459     1.34585  0.00298554
        1004     1.34759     1.34586  0.00298256
        1005     1.35182     1.34586   0.0029796
        1006     1.33948     1.34585  0.00297665
        1007     1.32656     1.34584  0.00297375
        1008     1.32738     1.34582  0.00297086
        1009     1.29139     1.34576   0.0029684
        1010     1.29883     1.34572  0.00296583
        1011     1.30684     1.34568  0.00296314
        1012     1.31447     1.34565  0.00296038
        1013     1.32241     1.34562  0.00295754
        1014     1.33965     1.34562  0.00295463
        1015     1.34787     1.34562  0.00295172
        1016       1.354     1.34563  0.00294883
        1017     1.33944     1.34562  0.00294594
        1018      1.3542     1.34563  0.00294305
        1019     1.34841     1.34563  0.00294017
        1020     1.31443      1.3456  0.00293744
        1021     1.30908     1.34557  0.00293478
        1022     1.30507     1.34553  0.00293218
        1023     1.30751     1.34549  0.00292955
        1024     1.31314     1.34546  0.00292686
        1025     1.30042     1.34542  0.00292433
        1026     1.29875     1.34537  0.00292184
        1027     1.30691     1.34533  0.00291923
        1028     1.28897     1.34528  0.00291691
        1029     1.28951     1.34522  0.00291458
        1030     1.29667     1.34518  0.00291213
        1031     1.28808     1.34512  0.00290983
        1032     1.30086     1.34508  0.00290733
        1033     1.29578     1.34503   0.0029049
        1034      1.2638     1.34495  0.00290316
        1035     1.29225      1.3449   0.0029008
        1036     1.28204     1.34484  0.00289863
        1037     1.27921     1.34478  0.00289653
        1038     1.28595     1.34472  0.00289429
        1039      1.2933     1.34467  0.00289193
        1040     1.29529     1.34462  0.00288954
        1041     1.29875     1.34458   0.0028871
        1042     1.29043     1.34453  0.00288479
        1043     1.29554     1.34448  0.00288241
        1044     1.29604     1.34443  0.00288002
        1045     1.30911      1.3444  0.00287747
        1046       1.303     1.34436  0.00287499
        1047     1.29945     1.34432  0.00287256
        1048      1.3081     1.34428  0.00287003
        1049     1.30124     1.34424  0.00286759
        1050     1.31482     1.34421  0.00286499
        1051      1.3032     1.34418  0.00286253
        1052     1.31199     1.34414  0.00285997
        1053     1.32641     1.34413  0.00285731
        1054     1.31639      1.3441  0.00285472
        1055     1.31581     1.34407  0.00285214
        1056     1.32457     1.34406   0.0028495
        1057      1.3345     1.34405  0.00284681
        1058     1.32596     1.34403  0.00284418
        1059       1.339     1.34403  0.00284149
        1060     1.32636     1.34401  0.00283886
        1061     1.32773     1.34399  0.00283623
        1062     1.34123     1.34399  0.00283356
        1063       1.351       1.344   0.0028309
        1064     1.35467     1.34401  0.00282826
        1065     1.37092     1.34403  0.00282571
        1066     1.35877     1.34405   0.0028231
        1067     1.36114     1.34406   0.0028205
        1068     1.36755     1.34408  0.00281794
        1069     1.34705     1.34409  0.00281531
        1070     1.35282      1.3441  0.00281269
        1071     1.35575     1.34411  0.00281008
        1072     1.33813      1.3441  0.00280747
        1073     1.34795      1.3441  0.00280485
        1074     1.33345     1.34409  0.00280226
        1075     1.29112     1.34404  0.00280009
        1076     1.31503     1.34402  0.00279761
        1077     1.31396     1.34399  0.00279515
        1078     1.31177     1.34396  0.00279272
        1079     1.31806     1.34394  0.00279024
        1080     1.33463     1.34393  0.00278767
        1081     1.35146     1.34393   0.0027851
        1082      1.3566     1.34395  0.00278255
        1083     1.37281     1.34397  0.00278011
        1084     1.36863       1.344  0.00277763
        1085     1.35125       1.344  0.00277508
        1086     1.33147     1.34399  0.00277255
        1087     1.31844     1.34397   0.0027701
        1088     1.32606     1.34395   0.0027676
        1089     1.31879     1.34393  0.00276516
        1090     1.30767     1.34389  0.00276282
        1091     1.31992     1.34387  0.00276038
        1092     1.30229     1.34383  0.00275811
        1093     1.30457      1.3438  0.00275582
        1094     1.29169     1.34375  0.00275371
        1095     1.30202     1.34371  0.00275146
        1096     1.29069     1.34366  0.00274938
        1097     1.30159     1.34363  0.00274714
        1098     1.30562     1.34359  0.00274485
        1099     1.32002     1.34357  0.00274244
        1100      1.3364     1.34356  0.00273995
        1101     1.34469     1.34356  0.00273747
        1102     1.37316     1.34359  0.00273511
        1103     1.38675     1.34363  0.00273291
        1104     1.38427     1.34367  0.00273069
        1105     1.39569     1.34371  0.00272862
        1106     1.40411     1.34377   0.0027267
        1107     1.40193     1.34382  0.00272474
        1108      1.3977     1.34387  0.00272272
        1109      1.3966     1.34392  0.00272068
        1110     1.38534     1.34395  0.00271848
        1111     1.35937     1.34397  0.00271607
        1112     1.37376       1.344  0.00271376
        1113     1.35018       1.344  0.00271133
        1114     1.37494     1.34403  0.00270904
        1115     1.35623     1.34404  0.00270663
        1116     1.37061     1.34406  0.00270431
        1117     1.35514     1.34407  0.00270191
        1118     1.35369     1.34408   0.0026995
        1119     1.33205     1.34407  0.00269711
        1120     1.33384     1.34406  0.00269472
        1121     1.33619     1.34406  0.00269232
        1122     1.33329     1.34405  0.00268994
        1123     1.34394     1.34405  0.00268755
        1124      1.3266     1.34403   0.0026852
        1125     1.33225     1.34402  0.00268283
        1126     1.34138     1.34402  0.00268045
        1127     1.33828     1.34401  0.00267808
        1128     1.35469     1.34402  0.00267572
        1129     1.37999     1.34405  0.00267354
        1130     1.37668     1.34408  0.00267133
        1131     1.36532      1.3441  0.00266904
        1132      1.3441      1.3441  0.00266668
        1133     1.35317     1.34411  0.00266434
        1134     1.33569      1.3441    0.002662
        1135     1.32771     1.34409  0.00265969
        1136      1.3212     1.34407  0.00265743
        1137     1.32085     1.34405  0.00265517
        1138     1.31667     1.34402  0.00265294
        1139     1.30585     1.34399  0.00265082
        1140     1.29677     1.34395  0.00264882
        1141     1.29784     1.34391  0.00264681
        1142     1.30455     1.34387  0.00264472
        1143     1.32808     1.34386  0.00264244
        1144       1.349     1.34386  0.00264013
        1145      1.3572     1.34388  0.00263785
        1146     1.32455     1.34386   0.0026356
        1147     1.34276     1.34386  0.00263331
        1148     1.29949     1.34382   0.0026313
        1149     1.28575     1.34377  0.00262949
        1150     1.30113     1.34373  0.00262747
        1151     1.30049     1.34369  0.00262545
        1152     1.30865     1.34366  0.00262335
        1153     1.31878     1.34364  0.00262116
        1154     1.31986     1.34362  0.00261897
        1155     1.32933     1.34361  0.00261673
        1156     1.32848      1.3436   0.0026145
        1157     1.34594      1.3436  0.00261225
        1158     1.34353      1.3436  0.00260999
        1159     1.34947      1.3436  0.00260774
        1160     1.35016     1.34361   0.0026055
        1161     1.33757      1.3436  0.00260326
        1162     1.34658     1.34361  0.00260102
        1163     1.32394     1.34359  0.00259884
        1164     1.33797     1.34358  0.00259661
        1165     1.33648     1.34358  0.00259439
        1166     1.32986     1.34357  0.00259219
        1167     1.32462     1.34355  0.00259002
        1168     1.31085     1.34352  0.00258796
        1169     1.31781      1.3435  0.00258584
        1170     1.31539     1.34348  0.00258374
        1171     1.32457     1.34346  0.00258158
        1172     1.31477     1.34344  0.00257949
        1173     1.32674     1.34342  0.00257733
        1174     1.34255     1.34342  0.00257514
        1175      1.3469     1.34342  0.00257295
        1176     1.36447     1.34344  0.00257082
        1177      1.3604     1.34346  0.00256868
        1178     1.35305     1.34346  0.00256651
        1179     1.32755     1.34345  0.00256437
        1180     1.30936     1.34342  0.00256236
        1181     1.31784      1.3434  0.00256028
        1182      1.3006     1.34336  0.00255837
        1183     1.31998     1.34334  0.00255629
        1184      1.3282     1.34333  0.00255416
        1185     1.34765     1.34333  0.00255201
        1186     1.33726     1.34333  0.00254986
        1187     1.34962     1.34333  0.00254772
        1188     1.34755     1.34334  0.00254557
        1189     1.35272     1.34335  0.00254345
        1190     1.34963     1.34335  0.00254131
        1191     1.32848     1.34334  0.00253921
        1192      1.3252     1.34332  0.00253713
        1193     1.31855      1.3433  0.00253509
        1194     1.30199     1.34327   0.0025332
        1195     1.30023     1.34323  0.00253133
        1196     1.29072     1.34319   0.0025296
        1197     1.27501     1.34313  0.00252813
        1198     1.28305     1.34308  0.00252651
        1199     1.27633     1.34303  0.00252502
        1200     1.28558     1.34298  0.00252337
        1201     1.27142     1.34292  0.00252197
        1202     1.27071     1.34286  0.00252059
        1203     1.27046      1.3428  0.00251921
        1204     1.27666     1.34274  0.00251772
        1205     1.29595      1.3427  0.00251593
        1206     1.30961     1.34268  0.00251399
        1207     1.28829     1.34263  0.00251231
        1208     1.31533     1.34261  0.00251033
        1209     1.30819     1.34258  0.00250842
        1210     1.30353     1.34255  0.00250655
        1211     1.28989      1.3425  0.00250486
        1212     1.32082     1.34249  0.00250286
        1213     1.30982     1.34246  0.00250094
        1214     1.31875     1.34244  0.00249896
        1215     1.33083     1.34243  0.00249692
        1216     1.33186     1.34242  0.00249488
        1217     1.33018     1.34241  0.00249285
        1218     1.32959      1.3424  0.00249083
        1219     1.33072     1.34239   0.0024888
        1220     1.31907     1.34237  0.00248683
        1221     1.33141     1.34236  0.00248481
        1222     1.32569     1.34235  0.00248282
        1223     1.33832     1.34235  0.00248079
        1224     1.33624     1.34234  0.00247877
        1225     1.35271     1.34235  0.00247676
        1226     1.33977     1.34235  0.00247474
        1227     1.35683     1.34236  0.00247275
        1228     1.35365     1.34237  0.00247075
        1229      1.3488     1.34237  0.00246875
        1230     1.35605     1.34239  0.00246677
        1231     1.34827     1.34239  0.00246477
        1232     1.35255      1.3424  0.00246278
        1233     1.35819     1.34241  0.00246082
        1234     1.37358     1.34244  0.00245895
        1235     1.35835     1.34245  0.00245699
        1236     1.36601     1.34247  0.00245508
        1237     1.35184     1.34248  0.00245311
        1238     1.33826     1.34247  0.00245113
        1239      1.3468     1.34248  0.00244915
        1240     1.33412     1.34247  0.00244719
        1241      1.3471     1.34247  0.00244522
        1242     1.34608     1.34248  0.00244325
        1243     1.35139     1.34248   0.0024413
        1244     1.35836      1.3425  0.00243937
        1245     1.36326     1.34251  0.00243746
        1246     1.36033     1.34253  0.00243555
        1247       1.354     1.34254  0.00243361
        1248     1.38085     1.34257  0.00243186
        1249     1.37626     1.34259  0.00243006
        1250     1.38653     1.34263  0.00242837
        1251     1.40101     1.34268  0.00242688
        1252     1.38577     1.34271  0.00242518
        1253     1.38309     1.34274  0.00242346
        1254     1.38686     1.34278  0.00242179
        1255     1.38295     1.34281  0.00242007
        1256     1.35662     1.34282  0.00241817
        1257     1.33586     1.34282  0.00241625
        1258     1.32064      1.3428  0.00241439
        1259     1.30963     1.34277  0.00241262
        1260     1.31122     1.34275  0.00241083
        1261     1.30933     1.34272  0.00240907
        1262     1.30764     1.34269  0.00240732
        1263     1.32472     1.34268  0.00240545
        1264     1.32775     1.34267  0.00240358
        1265     1.32598     1.34265  0.00240172
        1266     1.34909     1.34266  0.00239982
        1267     1.34437     1.34266  0.00239793
        1268     1.33809     1.34266  0.00239604
        1269     1.32865     1.34264  0.00239418
        1270     1.33782     1.34264   0.0023923
        1271     1.32216     1.34262  0.00239047
        1272     1.32707     1.34261  0.00238862
        1273     1.30686     1.34258  0.00238691
        1274     1.30172     1.34255  0.00238525
        1275      1.3063     1.34252  0.00238355
        1276     1.30521     1.34249  0.00238186
        1277     1.32421     1.34248  0.00238004
        1278     1.31442     1.34246  0.00237828
        1279     1.31815     1.34244   0.0023765
        1280     1.31444     1.34242  0.00237474
        1281     1.31531      1.3424  0.00237298
        1282       1.314     1.34237  0.00237123
        1283      1.3058     1.34235  0.00236956
        1284     1.31219     1.34232  0.00236783
        1285     1.30812      1.3423  0.00236613
        1286     1.31151     1.34227  0.00236441
        1287     1.31141     1.34225   0.0023627
        1288     1.32396     1.34223  0.00236091
        1289     1.30006      1.3422   0.0023593
        1290     1.29744     1.34217  0.00235773
        1291     1.29248     1.34213  0.00235622
        1292     1.29367     1.34209  0.00235469
        1293     1.27834     1.34204  0.00235339
        1294     1.27517     1.34199  0.00235213
        1295     1.28611     1.34195  0.00235071
        1296     1.29896     1.34191  0.00234913
        1297       1.292     1.34187  0.00234764
        1298     1.33542     1.34187  0.00234583
        1299     1.31979     1.34185  0.00234409
        1300     1.32491     1.34184  0.00234232
        1301     1.32225     1.34182  0.00234057
        1302      1.3398     1.34182  0.00233877
        1303     1.34714     1.34183  0.00233698
        1304     1.34321     1.34183  0.00233519
        1305     1.33938     1.34183   0.0023334
        1306     1.32169     1.34181  0.00233167
        1307     1.32367      1.3418  0.00232992
        1308     1.29983     1.34176  0.00232836
        1309     1.31103     1.34174   0.0023267
        1310     1.30789     1.34171  0.00232507
        1311     1.30081     1.34168  0.00232351
        1312     1.30669     1.34166  0.00232189
        1313     1.32009     1.34164  0.00232018
        1314     1.31758     1.34162  0.00231848
        1315     1.32575     1.34161  0.00231675
        1316     1.34699     1.34161    0.002315
        1317     1.34017     1.34161  0.00231324
        1318     1.34084     1.34161  0.00231148
        1319     1.34733     1.34162  0.00230974
        1320     1.35466     1.34163  0.00230801
        1321     1.33933     1.34163  0.00230626
        1322     1.33686     1.34162  0.00230452
        1323     1.32203     1.34161  0.00230282
        1324     1.31027     1.34158  0.00230121
        1325     1.29585     1.34155  0.00229973
        1326     1.31095     1.34153  0.00229811
        1327     1.31718     1.34151  0.00229645
        1328      1.3315      1.3415  0.00229473
        1329     1.34661      1.3415  0.00229301
        1330     1.34019      1.3415  0.00229129
        1331     1.36331     1.34152  0.00228962
        1332     1.35146     1.34153  0.00228792
        1333     1.34957     1.34153  0.00228621
        1334      1.3454     1.34154   0.0022845
        1335     1.34605     1.34154  0.00228279
        1336     1.32991     1.34153   0.0022811
        1337     1.33794     1.34153  0.00227939
        1338     1.31943     1.34151  0.00227775
        1339     1.31939     1.34149  0.00227611
        1340     1.33106     1.34149  0.00227442
        1341     1.31952     1.34147  0.00227278
        1342     1.33514     1.34147   0.0022711
        1343     1.32447     1.34145  0.00226944
        1344     1.33972     1.34145  0.00226775
        1345      1.3296     1.34144  0.00226608
        1346     1.34651     1.34145   0.0022644
        1347     1.32998     1.34144  0.00226274
        1348     1.34545     1.34144  0.00226106
        1349     1.34169     1.34144  0.00225938
        1350     1.34505     1.34144  0.00225771
        1351     1.34727     1.34145  0.00225605
        1352     1.36235     1.34146  0.00225443
        1353     1.36232     1.34148  0.00225282
        1354     1.36664      1.3415  0.00225123
        1355      1.3631     1.34151  0.00224962
        1356     1.35318     1.34152  0.00224798
        1357     1.35309     1.34153  0.00224634
        1358     1.32465     1.34152  0.00224472
        1359     1.35602     1.34153   0.0022431
        1360     1.33108     1.34152  0.00224146
        1361     1.36346     1.34154  0.00223987
        1362     1.32461     1.34152  0.00223826
        1363      1.3215     1.34151  0.00223667
        1364     1.31435     1.34149  0.00223511
        1365     1.29248     1.34145  0.00223377
        1366      1.2949     1.34142  0.00223239
        1367     1.29471     1.34139  0.00223102
        1368     1.30295     1.34136  0.00222956
        1369     1.31552     1.34134  0.00222802
        1370     1.31132     1.34132   0.0022265
        1371     1.32486     1.34131  0.00222491
        1372     1.32683     1.34129  0.00222331
        1373      1.3235     1.34128  0.00222173
        1374     1.31597     1.34126  0.00222019
        1375     1.33961     1.34126  0.00221857
        1376     1.33344     1.34126  0.00221697
        1377     1.31947     1.34124  0.00221541
        1378     1.31085     1.34122  0.00221392
        1379     1.31748      1.3412  0.00221238
        1380     1.32406     1.34119  0.00221081
        1381     1.31652     1.34117  0.00220928
        1382     1.31122     1.34115  0.00220779
        1383     1.29831     1.34112  0.00220641
        1384      1.2972     1.34109  0.00220504
        1385     1.30153     1.34106  0.00220364
        1386     1.30089     1.34103  0.00220224
        1387     1.28953     1.34099  0.00220096
        1388     1.28821     1.34095   0.0021997
        1389       1.292     1.34092   0.0021984
        1390     1.27958     1.34087  0.00219726
        1391      1.2745     1.34083   0.0021962
        1392      1.2909     1.34079  0.00219492
        1393     1.28316     1.34075  0.00219373
        1394     1.31234     1.34073  0.00219225
        1395     1.31938     1.34071  0.00219074
        1396     1.31515      1.3407  0.00218924
        1397      1.3368     1.34069  0.00218768
        1398     1.32747     1.34068  0.00218613
        1399     1.33234     1.34068  0.00218458
        1400     1.32838     1.34067  0.00218304
        1401     1.34233     1.34067  0.00218148
        1402     1.31779     1.34065  0.00217998
        1403     1.34726     1.34066  0.00217843
        1404     1.34755     1.34066  0.00217689
        1405     1.35721     1.34067  0.00217537
        1406     1.35299     1.34068  0.00217384
        1407     1.33344     1.34068   0.0021723
        1408     1.31718     1.34066  0.00217082
        1409     1.30485     1.34064  0.00216943
        1410     1.30815     1.34061  0.00216802
        1411     1.30818     1.34059   0.0021666
        1412     1.31033     1.34057  0.00216517
        1413     1.31214     1.34055  0.00216373
        1414     1.32271     1.34054  0.00216224
        1415     1.31706     1.34052  0.00216078
        1416     1.34327     1.34052  0.00215925
        1417     1.34825     1.34053  0.00215773
        1418     1.36076     1.34054  0.00215626
        1419     1.36218     1.34056  0.00215479
        1420     1.34707     1.34056  0.00215328
        1421     1.32584     1.34055  0.00215179
        1422     1.32397     1.34054  0.00215031
        1423     1.31699     1.34052  0.00214886
        1424     1.30838      1.3405  0.00214747
        1425     1.29168     1.34047  0.00214624
        1426     1.31126     1.34045  0.00214483
        1427     1.32783     1.34044  0.00214334
        1428        1.33     1.34043  0.00214186
        1429     1.30759     1.34041  0.00214048
        1430     1.33267      1.3404  0.00213899
        1431      1.3162     1.34038  0.00213756
        1432     1.30426     1.34036  0.00213622
        1433     1.31286     1.34034  0.00213481
        1434      1.3194     1.34032  0.00213338
        1435     1.30862      1.3403    0.002132
        1436     1.31896     1.34029  0.00213057
        1437     1.30877     1.34027   0.0021292
        1438     1.29925     1.34024  0.00212791
        1439     1.32007     1.34022  0.00212648
        1440     1.31512     1.34021  0.00212507
        1441     1.32487      1.3402  0.00212363
        1442     1.32795     1.34019  0.00212217
        1443     1.34541     1.34019   0.0021207
        1444     1.35962      1.3402  0.00211928
        1445     1.34756     1.34021  0.00211782
        1446      1.3513     1.34022  0.00211636
        1447      1.3317     1.34021  0.00211491
        1448     1.33212      1.3402  0.00211346
        1449     1.30645     1.34018  0.00211213
        1450     1.32293     1.34017   0.0021107
        1451     1.31986     1.34016   0.0021093
        1452     1.31884     1.34014  0.00210789
        1453     1.32839     1.34013  0.00210646
        1454     1.32956     1.34013  0.00210502
        1455     1.32078     1.34011  0.00210362
        1456     1.34668     1.34012  0.00210218
        1457     1.34793     1.34012  0.00210074
        1458     1.37048     1.34014   0.0020994
        1459     1.36223     1.34016  0.00209802
        1460     1.36095     1.34017  0.00209663
        1461     1.35161     1.34018  0.00209521
        1462      1.3444     1.34018  0.00209378
        1463     1.32213     1.34017  0.00209238
        1464     1.32278     1.34016  0.00209099
        1465     1.32491     1.34015  0.00208959
        1466     1.32421     1.34014  0.00208819
        1467     1.31071     1.34012  0.00208686
        1468     1.30302     1.34009   0.0020856
        1469      1.2865     1.34006  0.00208449
        1470     1.29024     1.34002  0.00208335
        1471     1.29894     1.33999  0.00208212
        1472     1.30529     1.33997  0.00208084
        1473     1.33813     1.33997  0.00207943
        1474     1.32101     1.33996  0.00207806
        1475     1.35052     1.33996  0.00207666
        1476     1.33737     1.33996  0.00207526
        1477     1.35507     1.33997  0.00207388
        1478      1.3377     1.33997  0.00207247
        1479     1.33169     1.33996  0.00207108
        1480     1.33589     1.33996  0.00206968
        1481     1.35921     1.33998  0.00206833
        1482     1.34874     1.33998  0.00206694
        1483     1.33959     1.33998  0.00206554
        1484     1.33652     1.33998  0.00206415
        1485     1.33187     1.33997  0.00206277
        1486     1.32298     1.33996  0.00206141
        1487     1.31108     1.33994  0.00206012
        1488     1.30307     1.33992  0.00205888
        1489     1.29566     1.33989  0.00205772
        1490     1.31221     1.33987  0.00205642
        1491     1.32562     1.33986  0.00205506
        1492     1.32456     1.33985  0.00205371
        1493     1.33775     1.33985  0.00205234
        1494     1.32696     1.33984  0.00205098
        1495     1.31319     1.33982  0.00204969
        1496     1.32575     1.33981  0.00204834
        1497     1.33183     1.33981  0.00204698
        1498     1.30326     1.33978  0.00204575
        1499     1.34218     1.33978  0.00204439
        1500      1.3248     1.33977  0.00204305
        1501      1.3226     1.33976  0.00204172
        1502      1.3087     1.33974  0.00204047
        1503     1.32392     1.33973  0.00203914
        1504     1.31802     1.33972  0.00203783
        1505     1.32931     1.33971  0.00203649
        1506     1.35506     1.33972  0.00203516
        1507     1.34348     1.33972  0.00203381
        1508     1.34148     1.33972  0.00203247
        1509     1.31343     1.33971  0.00203119
        1510     1.30752     1.33968  0.00202996
        1511     1.29911     1.33966   0.0020288
        1512     1.28663     1.33962  0.00202776
        1513      1.3051      1.3396  0.00202654
        1514     1.29557     1.33957  0.00202541
        1515      1.2883     1.33954  0.00202436
        1516     1.30904     1.33952  0.00202312
        1517     1.30341     1.33949  0.00202193
        1518     1.29872     1.33947  0.00202078
        1519     1.30808     1.33945  0.00201955
        1520     1.29405     1.33942  0.00201845
        1521     1.28977     1.33938  0.00201738
        1522     1.30398     1.33936  0.00201619
        1523     1.30916     1.33934  0.00201496
        1524     1.30741     1.33932  0.00201375
        1525     1.32289     1.33931  0.00201246
        1526     1.31424     1.33929  0.00201121
        1527     1.31516     1.33928  0.00200995
        1528     1.32533     1.33927  0.00200866
        1529     1.32012     1.33925  0.00200738
        1530     1.34402     1.33926  0.00200607
        1531     1.34655     1.33926  0.00200477
        1532     1.33558     1.33926  0.00200346
        1533     1.33763     1.33926  0.00200216
        1534     1.33171     1.33925  0.00200086
        1535     1.32498     1.33924  0.00199957
        1536     1.32005     1.33923  0.00199831
        1537      1.3061     1.33921  0.00199713
        1538     1.29785     1.33918  0.00199601
        1539     1.30222     1.33916  0.00199486
        1540     1.31205     1.33914  0.00199364
        1541     1.31049     1.33912  0.00199243
        1542     1.29495      1.3391  0.00199135
        1543     1.31291     1.33908  0.00199013
        1544     1.29546     1.33905  0.00198904
        1545     1.27929     1.33901  0.00198813
        1546     1.28015     1.33897  0.00198721
        1547     1.27599     1.33893  0.00198634
        1548      1.2768     1.33889  0.00198546
        1549     1.25432     1.33884  0.00198493
        1550     1.29068     1.33881  0.00198389
        1551     1.27919     1.33877  0.00198299
        1552     1.28908     1.33874  0.00198197
        1553     1.27878      1.3387  0.00198107
        1554     1.30026     1.33867  0.00197995
        1555     1.28853     1.33864  0.00197894
        1556      1.3009     1.33862  0.00197781
        1557     1.31827      1.3386  0.00197659
        1558     1.32865      1.3386  0.00197533
        1559     1.34951      1.3386  0.00197407
        1560     1.34459     1.33861  0.00197281
        1561     1.35262     1.33862  0.00197157
        1562     1.34849     1.33862  0.00197032
        1563     1.33756     1.33862  0.00196906
        1564     1.32034     1.33861  0.00196783
        1565     1.34344     1.33861  0.00196658
        1566     1.34639     1.33862  0.00196533
        1567     1.34153     1.33862  0.00196407
        1568      1.3351     1.33862  0.00196282
        1569     1.35273     1.33863  0.00196159
        1570     1.34855     1.33863  0.00196035
        1571      1.3681     1.33865  0.00195919
        1572     1.33752     1.33865  0.00195795
        1573     1.34727     1.33866  0.00195671
        1574     1.38636     1.33869   0.0019557
        1575     1.35672      1.3387  0.00195449
        1576     1.37935     1.33872  0.00195342
        1577     1.37494     1.33875  0.00195232
        1578     1.35087     1.33876   0.0019511
        1579      1.3181     1.33874  0.00194991
        1580     1.32254     1.33873   0.0019487
        1581      1.3277     1.33872  0.00194748
        1582       1.335     1.33872  0.00194625
        1583     1.34829     1.33873  0.00194503
        1584     1.36688     1.33875  0.00194388
        1585     1.34194     1.33875  0.00194266
        1586     1.34351     1.33875  0.00194143
        1587     1.35167     1.33876  0.00194023
        1588     1.33788     1.33876  0.00193901
        1589     1.31554     1.33874  0.00193784
        1590     1.37016     1.33876  0.00193672
        1591     1.36898     1.33878   0.0019356
        1592     1.34345     1.33879  0.00193439
        1593     1.36954     1.33881  0.00193327
        1594     1.35058     1.33881  0.00193207
        1595     1.34818     1.33882  0.00193087
        1596     1.34044     1.33882  0.00192966
        1597      1.3473     1.33882  0.00192846
        1598     1.32805     1.33882  0.00192726
        1599     1.34518     1.33882  0.00192606
        1600     1.33439     1.33882  0.00192486
        1601     1.33262     1.33882  0.00192366
        1602     1.33693     1.33881  0.00192246
        1603     1.31035      1.3388  0.00192134
        1604     1.33404     1.33879  0.00192015
        1605     1.34032     1.33879  0.00191895
        1606     1.30617     1.33877  0.00191786
        1607      1.3544     1.33878  0.00191669
        1608     1.35574     1.33879  0.00191553
        1609     1.36257     1.33881   0.0019144
        1610      1.3896     1.33884  0.00191347
        1611     1.37856     1.33887  0.00191244
        1612     1.37613     1.33889  0.00191139
        1613     1.36346      1.3389  0.00191027
        1614     1.36498     1.33892  0.00190915
        1615     1.34544     1.33892  0.00190798
        1616     1.34781     1.33893   0.0019068
        1617     1.32832     1.33892  0.00190564
        1618     1.33005     1.33892  0.00190447
        1619     1.30962      1.3389  0.00190337
        1620     1.31011     1.33888  0.00190228
        1621     1.32289     1.33887  0.00190113
        1622     1.31663     1.33886  0.00190001
        1623     1.33159     1.33885  0.00189885
        1624     1.34509     1.33886  0.00189768
        1625     1.33494     1.33886  0.00189652
        1626     1.32624     1.33885  0.00189536
        1627     1.33063     1.33884  0.00189421
        1628     1.30076     1.33882  0.00189319
        1629     1.30561      1.3388  0.00189214
        1630     1.30308     1.33878   0.0018911
        1631     1.32313     1.33877  0.00188997
        1632     1.33351     1.33876  0.00188881
        1633      1.3372     1.33876  0.00188765
        1634     1.36265     1.33878  0.00188656
        1635     1.34533     1.33878  0.00188541
        1636     1.33352     1.33878  0.00188426
        1637     1.31239     1.33876  0.00188317
        1638     1.31289     1.33875  0.00188209
        1639     1.30203     1.33872  0.00188108
        1640     1.31365     1.33871  0.00187999
        1641     1.30556     1.33869  0.00187895
        1642     1.32506     1.33868  0.00187783
        1643     1.30657     1.33866  0.00187679
        1644     1.31352     1.33865  0.00187571
        1645      1.3334     1.33864  0.00187457
        1646     1.33369     1.33864  0.00187343
        1647     1.35158     1.33865  0.00187231
        1648     1.34238     1.33865  0.00187118
        1649     1.34443     1.33865  0.00187005
        1650     1.35353     1.33866  0.00186893
        1651     1.33287     1.33866  0.00186781
        1652     1.30331     1.33864   0.0018668
        1653     1.30835     1.33862  0.00186576
        1654     1.32361     1.33861  0.00186465
        1655     1.33011      1.3386  0.00186353
        1656     1.34635     1.33861  0.00186241
        1657     1.35015     1.33862   0.0018613
        1658     1.34261     1.33862  0.00186018
        1659     1.34987     1.33863  0.00185907
        1660     1.35681     1.33864  0.00185798
        1661     1.35108     1.33864  0.00185688
        1662     1.36981     1.33866  0.00185586
        1663     1.37605     1.33868  0.00185488
        1664     1.36612      1.3387  0.00185384
        1665     1.35889     1.33871  0.00185276
        1666     1.36079     1.33873   0.0018517
        1667     1.33189     1.33872  0.00185059
        1668     1.33105     1.33872  0.00184949
        1669     1.34233     1.33872  0.00184838
        1670     1.33487     1.33872  0.00184728
        1671     1.31478      1.3387  0.00184623
        1672     1.32585      1.3387  0.00184514
        1673     1.30595     1.33868  0.00184414
        1674      1.3307     1.33867  0.00184304
        1675     1.32103     1.33866  0.00184197
        1676     1.34635     1.33867  0.00184088
        1677     1.32034     1.33865  0.00183982
        1678     1.35749     1.33867  0.00183875
        1679     1.36164     1.33868  0.00183771
        1680     1.32932     1.33867  0.00183662
        1681     1.34715     1.33868  0.00183554
        1682     1.33303     1.33868  0.00183445
        1683     1.31521     1.33866  0.00183341
        1684     1.31569     1.33865  0.00183237
        1685      1.3166     1.33863  0.00183133
        1686     1.31212     1.33862  0.00183032
        1687     1.31648     1.33861  0.00182928
        1688     1.31738     1.33859  0.00182824
        1689     1.32161     1.33858  0.00182718
        1690     1.31792     1.33857  0.00182614
        1691     1.32551     1.33856  0.00182508
        1692     1.31568     1.33855  0.00182405
        1693     1.33282     1.33855  0.00182298
        1694     1.31914     1.33854  0.00182194
        1695     1.33776     1.33853  0.00182086
        1696     1.32953     1.33853  0.00181979
        1697     1.35436     1.33854  0.00181875
        1698     1.33825     1.33854  0.00181767
        1699     1.34096     1.33854  0.00181661
        1700      1.3327     1.33854  0.00181554
        1701     1.33461     1.33853  0.00181447
        1702     1.33907     1.33853  0.00181341
        1703     1.33439     1.33853  0.00181235
        1704     1.32052     1.33852  0.00181131
        1705     1.34832     1.33853  0.00181026
        1706     1.29671      1.3385  0.00180936
        1707     1.30926     1.33849  0.00180838
        1708     1.27375     1.33845  0.00180772
        1709     1.27603     1.33841  0.00180703
        1710     1.27712     1.33838  0.00180633
        1711     1.28946     1.33835   0.0018055
        1712      1.2872     1.33832   0.0018047
        1713     1.30222      1.3383  0.00180377
        1714     1.30899     1.33828  0.00180279
        1715     1.31707     1.33827  0.00180179
        1716     1.31017     1.33825  0.00180081
        1717      1.3071     1.33823  0.00179985
        1718     1.31619     1.33822  0.00179885
        1719     1.30629      1.3382   0.0017979
        1720     1.30557     1.33818  0.00179695
        1721     1.29427     1.33816  0.00179609
        1722     1.30913     1.33814  0.00179513
        1723     1.31725     1.33813  0.00179413
        1724     1.30459     1.33811  0.00179319
        1725     1.31034     1.33809  0.00179222
        1726     1.31484     1.33808  0.00179124
        1727     1.29683     1.33805  0.00179036
        1728      1.3163     1.33804  0.00178937
        1729     1.30284     1.33802  0.00178845
        1730     1.32698     1.33801  0.00178743
        1731     1.35572     1.33802  0.00178642
        1732     1.35708     1.33804  0.00178542
        1733     1.35989     1.33805  0.00178444
        1734     1.37196     1.33807  0.00178352
        1735     1.35331     1.33808  0.00178251
        1736     1.34507     1.33808  0.00178149
        1737     1.33193     1.33808  0.00178047
        1738     1.31515     1.33806  0.00177949
        1739     1.31905     1.33805   0.0017785
        1740     1.32313     1.33804   0.0017775
        1741     1.32529     1.33804  0.00177649
        1742     1.34982     1.33804  0.00177549
        1743     1.33216     1.33804  0.00177447
        1744     1.36122     1.33805   0.0017735
        1745     1.35154     1.33806   0.0017725
        1746     1.35056     1.33807   0.0017715
        1747     1.33842     1.33807  0.00177049
        1748     1.31314     1.33805  0.00176953
        1749     1.32656     1.33805  0.00176853
        1750     1.32701     1.33804  0.00176753
        1751     1.32733     1.33804  0.00176654
        1752     1.31251     1.33802  0.00176559
        1753     1.32132     1.33801  0.00176461
        1754     1.33411     1.33801   0.0017636
        1755     1.32608       1.338  0.00176261
        1756     1.33392       1.338  0.00176161
        1757     1.34703     1.33801  0.00176061
        1758     1.33522       1.338  0.00175961
        1759     1.35553     1.33801  0.00175864
        1760      1.3438     1.33802  0.00175764
        1761     1.34512     1.33802  0.00175665
        1762     1.34509     1.33803  0.00175566
        1763     1.33064     1.33802  0.00175467
        1764     1.34225     1.33802  0.00175367
        1765     1.33887     1.33802  0.00175268
        1766      1.3537     1.33803  0.00175171
        1767     1.36398     1.33805  0.00175078
        1768     1.35909     1.33806  0.00174983
        1769      1.3547     1.33807  0.00174887
        1770     1.36224     1.33808  0.00174793
        1771     1.37615      1.3381  0.00174708
        1772     1.38617     1.33813   0.0017463
        1773     1.36329     1.33815  0.00174537
        1774      1.3707     1.33816  0.00174449
        1775     1.35994     1.33818  0.00174355
        1776     1.34926     1.33818  0.00174258
        1777     1.31012     1.33817  0.00174167
        1778     1.31392     1.33815  0.00174074
        1779     1.30526     1.33813  0.00173986
        1780     1.29057     1.33811  0.00173909
        1781     1.30999     1.33809  0.00173818
        1782     1.29038     1.33807  0.00173742
        1783      1.3204     1.33806  0.00173647
        1784     1.33189     1.33805   0.0017355
        1785     1.30576     1.33803  0.00173462
        1786     1.35142     1.33804  0.00173367
        1787     1.33299     1.33804   0.0017327
        1788      1.3561     1.33805  0.00173176
        1789     1.35184     1.33806  0.00173081
        1790     1.35714     1.33807  0.00172987
        1791      1.3236     1.33806  0.00172893
        1792     1.33461     1.33806  0.00172796
        1793     1.33186     1.33805    0.001727
        1794     1.33369     1.33805  0.00172604
        1795     1.32708     1.33804  0.00172509
        1796     1.32787     1.33804  0.00172414
        1797     1.34257     1.33804  0.00172318
        1798     1.35588     1.33805  0.00172225
        1799     1.35046     1.33806  0.00172131
        1800     1.34175     1.33806  0.00172035
        1801     1.35691     1.33807  0.00171943
        1802     1.35289     1.33808   0.0017185
        1803     1.33457     1.33808  0.00171754
        1804     1.33058     1.33807   0.0017166
        1805     1.31002     1.33806  0.00171572
        1806     1.30021     1.33804  0.00171489
        1807     1.30471     1.33802  0.00171404
        1808     1.29719       1.338  0.00171324
        1809     1.28451     1.33797  0.00171255
        1810     1.28355     1.33794  0.00171187
        1811      1.2627     1.33789  0.00171143
        1812     1.26104     1.33785  0.00171101
        1813     1.25755     1.33781  0.00171064
        1814      1.2448     1.33776  0.00171047
        1815      1.2472     1.33771  0.00171025
        1816      1.2517     1.33766  0.00170996
        1817     1.25644     1.33761  0.00170961
        1818     1.25663     1.33757  0.00170925
        1819     1.26315     1.33753   0.0017088
        1820     1.28883      1.3375  0.00170807
        1821     1.29786     1.33748  0.00170727
        1822     1.33175     1.33748  0.00170633
        1823     1.35534     1.33749  0.00170543
        1824     1.34154     1.33749  0.00170449
        1825     1.33015     1.33749  0.00170356
        1826     1.30474     1.33747  0.00170272
        1827     1.29166     1.33744  0.00170198
        1828     1.29075     1.33742  0.00170124
        1829     1.28342     1.33739  0.00170056
        1830     1.28689     1.33736  0.00169986
        1831     1.26656     1.33732  0.00169937
        1832     1.29309      1.3373  0.00169861
        1833     1.29015     1.33727  0.00169788
        1834      1.3067     1.33725  0.00169704
        1835     1.28289     1.33722  0.00169637
        1836     1.29927      1.3372  0.00169557
        1837     1.29738     1.33718  0.00169479
        1838     1.29381     1.33716  0.00169403
        1839     1.31372     1.33715  0.00169316
        1840     1.30937     1.33713  0.00169231
        1841     1.30096     1.33711   0.0016915
        1842     1.28683     1.33708   0.0016908
        1843     1.28915     1.33706  0.00169008
        1844     1.27467     1.33702  0.00168951
        1845     1.27841     1.33699  0.00168889
        1846     1.27571     1.33696   0.0016883
        1847     1.27922     1.33693  0.00168768
        1848     1.29924     1.33691  0.00168689
        1849     1.28732     1.33688  0.00168619
        1850     1.30336     1.33686  0.00168537
        1851     1.30111     1.33684  0.00168457
        1852     1.31013     1.33683  0.00168373
        1853     1.30612     1.33681   0.0016829
        1854      1.3019     1.33679   0.0016821
        1855     1.31201     1.33678  0.00168124
        1856     1.30956     1.33677   0.0016804
        1857     1.31426     1.33675  0.00167954
        1858     1.33126     1.33675  0.00167864
        1859     1.33577     1.33675  0.00167773
        1860     1.32314     1.33674  0.00167685
        1861      1.3269     1.33674  0.00167596
        1862     1.34075     1.33674  0.00167506
        1863     1.33461     1.33674  0.00167416
        1864     1.33404     1.33674  0.00167326
        1865     1.33644     1.33674  0.00167236
        1866     1.32678     1.33673  0.00167148
        1867     1.31478     1.33672  0.00167062
        1868      1.2973      1.3367  0.00166986
        1869     1.29389     1.33668  0.00166912
        1870     1.28008     1.33665  0.00166851
        1871      1.3078     1.33663  0.00166769
        1872      1.3122     1.33662  0.00166685
        1873     1.32001     1.33661  0.00166598
        1874     1.33869     1.33661  0.00166509
        1875     1.31834      1.3366  0.00166423
        1876     1.31308     1.33659  0.00166339
        1877     1.32611     1.33658  0.00166251
        1878      1.3173     1.33657  0.00166166
        1879     1.30301     1.33655  0.00166087
        1880     1.31601     1.33654  0.00166003
        1881     1.31032     1.33653   0.0016592
        1882     1.32022     1.33652  0.00165834
        1883     1.31116     1.33651  0.00165752
        1884     1.33155      1.3365  0.00165664
        1885      1.3592     1.33652   0.0016558
        1886     1.32571     1.33651  0.00165494
        1887     1.34722     1.33652  0.00165407
        1888     1.34247     1.33652   0.0016532
        1889     1.32749     1.33651  0.00165233
        1890     1.31885      1.3365  0.00165148
        1891      1.3359      1.3365  0.00165061
        1892     1.33323      1.3365  0.00164973
        1893     1.32355      1.3365  0.00164888
        1894     1.33435     1.33649  0.00164801
        1895     1.32367     1.33649  0.00164715
        1896     1.36749      1.3365  0.00164636
        1897     1.35536     1.33651  0.00164553
        1898     1.36529     1.33653  0.00164473
        1899     1.34486     1.33653  0.00164387
        1900     1.33826     1.33653    0.001643
        1901     1.35276     1.33654  0.00164216
        1902     1.35193     1.33655  0.00164132
        1903      1.3378     1.33655  0.00164046
        1904     1.34941     1.33656  0.00163961
        1905      1.3159     1.33655  0.00163878
        1906     1.33476     1.33655  0.00163792
        1907     1.29505     1.33652  0.00163721
        1908     1.27558     1.33649  0.00163666
        1909     1.27619     1.33646  0.00163611
        1910     1.26198     1.33642  0.00163572
        1911     1.25992     1.33638  0.00163535
        1912     1.24213     1.33633  0.00163524
        1913     1.26722      1.3363  0.00163478
        1914     1.26471     1.33626  0.00163436
        1915     1.27726     1.33623  0.00163379
        1916     1.27648      1.3362  0.00163324
        1917     1.28046     1.33617  0.00163265
        1918     1.31617     1.33616  0.00163183
        1919     1.30938     1.33614  0.00163104
        1920     1.33708     1.33614  0.00163019
        1921      1.3171     1.33613  0.00162937
        1922      1.3496     1.33614  0.00162854
        1923     1.34293     1.33615  0.00162769
        1924     1.32526     1.33614  0.00162686
        1925     1.34381     1.33614  0.00162602
        1926     1.36423     1.33616  0.00162524
        1927     1.34895     1.33616  0.00162441
        1928     1.36768     1.33618  0.00162365
        1929     1.36911      1.3362   0.0016229
        1930     1.34553      1.3362  0.00162206
        1931     1.36281     1.33622  0.00162128
        1932     1.34565     1.33622  0.00162045
        1933     1.35233     1.33623  0.00161963
        1934     1.34035     1.33623   0.0016188
        1935     1.34258     1.33624  0.00161796
        1936     1.33615     1.33624  0.00161713
        1937     1.31414     1.33622  0.00161633
        1938     1.35237     1.33623  0.00161552
        1939      1.3324     1.33623  0.00161469
        1940     1.34483     1.33623  0.00161386
        1941     1.32657     1.33623  0.00161304
        1942     1.34191     1.33623  0.00161221
        1943     1.34119     1.33624  0.00161138
        1944     1.33026     1.33623  0.00161056
        1945     1.31563     1.33622  0.00160976
        1946     1.31771     1.33621  0.00160896
        1947     1.30169     1.33619  0.00160824
        1948     1.30442     1.33618  0.00160749
        1949     1.30737     1.33616  0.00160674
        1950     1.29942     1.33614  0.00160602
        1951     1.28643     1.33612   0.0016054
        1952     1.29698      1.3361   0.0016047
        1953     1.29568     1.33608  0.00160402
        1954     1.29872     1.33606  0.00160331
        1955     1.28171     1.33603  0.00160273
        1956     1.29775     1.33601  0.00160203
        1957     1.29137     1.33599  0.00160137
        1958     1.30081     1.33597  0.00160066
        1959     1.31253     1.33596  0.00159988
        1960     1.31037     1.33595  0.00159912
        1961     1.34083     1.33595  0.00159831
        1962     1.32074     1.33594  0.00159751
        1963     1.34038     1.33594   0.0015967
        1964     1.34542     1.33595  0.00159589
        1965     1.33227     1.33595  0.00159508
        1966     1.34031     1.33595  0.00159427
        1967     1.34563     1.33595  0.00159347
        1968     1.36113     1.33597  0.00159271
        1969     1.32754     1.33596  0.00159191
        1970     1.36396     1.33598  0.00159116
        1971      1.3425     1.33598  0.00159036
        1972     1.34861     1.33599  0.00158957
        1973     1.34414     1.33599  0.00158877
        1974     1.33575     1.33599  0.00158796
        1975      1.3037     1.33597  0.00158724
        1976     1.29091     1.33595   0.0015866
        1977      1.3028     1.33593  0.00158589
        1978     1.29422     1.33591  0.00158523
        1979       1.305      1.3359   0.0015845
        1980     1.30139     1.33588   0.0015838
        1981     1.31896     1.33587  0.00158302
        1982     1.32868     1.33587  0.00158223
        1983     1.32095     1.33586  0.00158145
        1984     1.32262     1.33585  0.00158066
        1985     1.32766     1.33585  0.00157987
        1986     1.31701     1.33584  0.00157911
        1987     1.32323     1.33583  0.00157832
        1988     1.30911     1.33582  0.00157759
        1989     1.30931     1.33581  0.00157685
        1990     1.30184     1.33579  0.00157615
        1991     1.33065     1.33579  0.00157536
        1992     1.32073     1.33578  0.00157459
        1993     1.33933     1.33578   0.0015738
        1994     1.32518     1.33578  0.00157302
        1995     1.31614     1.33577  0.00157226
        1996     1.30653     1.33575  0.00157154
        1997     1.31096     1.33574   0.0015708
        1998     1.29603     1.33572  0.00157014
        1999     1.28594     1.33569  0.00156956
        2000     1.26821     1.33566  0.00156913
