#     BLOCK:   ACTUAL_TE:    TE_AVE:      ERROR:
           1     1.58854     1.58854           0
           2     1.59102     1.58978 0.000876863
           3     1.59067     1.59007 0.000632495
           4     1.59068     1.59023 0.000492324
           5      1.5924     1.59066 0.000554002
           6     1.59168     1.59083 0.000487049
           7     1.59275     1.59111 0.000488562
           8     1.59294     1.59133  0.00047825
           9     1.59398     1.59163  0.00050774
          10     1.59322     1.59179 0.000481325
          11     1.59361     1.59195 0.000465235
          12     1.59462     1.59218 0.000476516
          13      1.5932     1.59225 0.000446309
          14     1.59561     1.59249 0.000474435
          15     1.59402      1.5926 0.000453585
          16     1.59499     1.59275 0.000449155
          17     1.59548     1.59291  0.00045068
          18     1.59528     1.59304 0.000444543
          19     1.59517     1.59315 0.000435092
          20     1.59568     1.59328 0.000431258
          21     1.59594      1.5934 0.000429019
          22     1.59635     1.59354 0.000429906
          23     1.59575     1.59363 0.000421798
          24     1.59675     1.59376 0.000423783
          25       1.596     1.59385 0.000416158
          26     1.59638     1.59395 0.000411309
          27     1.59693     1.59406 0.000410594
          28     1.59592     1.59413 0.000401268
          29       1.597     1.59423 0.000399493
          30     1.59646      1.5943 0.000393036
          31     1.59667     1.59438 0.000387727
          32     1.59679     1.59445 0.000382872
          33     1.59647     1.59451 0.000376138
          34     1.59664     1.59458  0.00037024
          35     1.59647     1.59463 0.000363607
          36     1.59655     1.59468 0.000357388
          37     1.59615     1.59472  0.00034993
          38      1.5972     1.59479 0.000346758
          39     1.59626     1.59483 0.000339925
          40     1.59683     1.59488 0.000335109
          41     1.59669     1.59492 0.000329844
          42     1.59663     1.59496 0.000324498
          43     1.59655       1.595  0.00031905
          44     1.59704     1.59505 0.000315152
          45     1.59612     1.59507 0.000309046
          46     1.59752     1.59512 0.000306869
          47     1.59629     1.59515 0.000301348
          48       1.597     1.59519 0.000297531
          49     1.59748     1.59523  0.00029511
          50     1.59725     1.59527 0.000291941
          51     1.59741     1.59531 0.000289206
          52     1.59695     1.59535  0.00028534
          53     1.59724     1.59538 0.000282193
          54     1.59696     1.59541 0.000278484
          55      1.5971     1.59544 0.000275107
          56      1.5969     1.59547 0.000271421
          57     1.59705      1.5955 0.000268073
          58     1.59642     1.59551 0.000263927
          59     1.59722     1.59554 0.000261042
          60     1.59675     1.59556 0.000257463
          61     1.59718     1.59559 0.000254608
          62      1.5968     1.59561 0.000251246
          63     1.59655     1.59562 0.000247703
          64     1.59684     1.59564 0.000244563
          65     1.59632     1.59565 0.000241021
          66     1.59668     1.59567 0.000237869
          67      1.5967     1.59568 0.000234818
          68     1.59653     1.59569 0.000231696
          69     1.59671     1.59571 0.000228801
          70      1.5967     1.59572 0.000225971
          71      1.5969     1.59574 0.000223395
          72     1.59645     1.59575 0.000220508
          73     1.59665     1.59576 0.000217833
          74     1.59606     1.59577 0.000214927
          75     1.59649     1.59578 0.000212279
          76      1.5962     1.59578  0.00020956
          77     1.59719      1.5958 0.000207633
          78     1.59576      1.5958 0.000204971
          79     1.59692     1.59581 0.000202871
          80     1.59635     1.59582 0.000200448
          81     1.59647     1.59583 0.000198136
          82     1.59673     1.59584 0.000196024
          83     1.59722     1.59586 0.000194364
          84     1.59624     1.59586 0.000192104
          85     1.59638     1.59587 0.000189941
          86     1.59689     1.59588 0.000188102
          87     1.59653     1.59589 0.000186088
          88     1.59647     1.59589 0.000184091
          89     1.59655      1.5959 0.000182169
          90     1.59639     1.59591 0.000180227
          91     1.59627     1.59591  0.00017829
          92     1.59658     1.59592 0.000176501
          93     1.59704     1.59593 0.000175017
          94     1.59698     1.59594 0.000173509
          95     1.59603     1.59594 0.000171685
          96     1.59755     1.59596  0.00017071
          97     1.59617     1.59596 0.000168964
          98     1.59703     1.59597  0.00016759
          99      1.5969     1.59598  0.00016616
         100     1.59636     1.59598 0.000164542
         101      1.5969     1.59599 0.000163165
         102     1.59702       1.596 0.000161877
         103     1.59706     1.59601 0.000160632
         104     1.59639     1.59602 0.000159129
         105     1.59686     1.59602 0.000157817
         106      1.5971     1.59604 0.000156655
         107     1.59651     1.59604 0.000155254
         108     1.59721     1.59605 0.000154197
         109     1.59637     1.59605 0.000152811
         110     1.59689     1.59606 0.000151608
         111     1.59664     1.59607 0.000150333
         112     1.59705     1.59607 0.000149249
         113     1.59669     1.59608 0.000148028
         114     1.59627     1.59608 0.000146739
         115     1.59688     1.59609 0.000145628
         116     1.59677     1.59609 0.000144489
         117      1.5962      1.5961 0.000143257
         118     1.59716      1.5961 0.000142326
         119     1.59697     1.59611 0.000141316
         120     1.59653     1.59612 0.000140181
         121     1.59696     1.59612 0.000139195
         122     1.59669     1.59613 0.000138133
         123     1.59673     1.59613 0.000137095
         124     1.59668     1.59614 0.000136062
         125     1.59686     1.59614 0.000135096
         126      1.5971     1.59615 0.000134239
         127     1.59649     1.59615 0.000133209
         128     1.59704     1.59616 0.000132347
         129     1.59724     1.59617 0.000131585
         130     1.59707     1.59617 0.000130754
         131     1.59685     1.59618 0.000129858
         132      1.5972     1.59619 0.000129102
         133     1.59687     1.59619 0.000128233
         134      1.5972      1.5962 0.000127498
         135     1.59653      1.5962 0.000126577
         136     1.59701     1.59621 0.000125785
         137      1.5964     1.59621 0.000124875
         138     1.59692     1.59622 0.000124077
         139     1.59711     1.59622 0.000123352
         140     1.59679     1.59623 0.000122538
         141     1.59771     1.59624 0.000122119
         142     1.59682     1.59624 0.000121328
         143     1.59718     1.59625 0.000120658
         144     1.59723     1.59625 0.000120012
         145     1.59659     1.59626 0.000119206
         146     1.59697     1.59626 0.000118491
         147     1.59724     1.59627 0.000117872
         148     1.59679     1.59627 0.000117128
         149     1.59717     1.59628 0.000116497
         150     1.59688     1.59628 0.000115789
         151     1.59747     1.59629 0.000115291
         152     1.59671     1.59629 0.000114565
         153     1.59701      1.5963 0.000113912
         154     1.59633      1.5963 0.000113172
         155     1.59708      1.5963 0.000112555
         156     1.59659      1.5963 0.000111849
         157     1.59647      1.5963 0.000111141
         158     1.59736     1.59631 0.000110638
         159     1.59696     1.59632 0.000110017
         160     1.59662     1.59632 0.000109346
         161     1.59697     1.59632 0.000108742
         162     1.59669     1.59632 0.000108094
         163     1.59712     1.59633  0.00010754
         164     1.59668     1.59633 0.000106906
         165     1.59707     1.59634 0.000106352
         166     1.59683     1.59634 0.000105753
         167     1.59664     1.59634 0.000105135
         168     1.59747     1.59635 0.000104723
         169     1.59646     1.59635 0.000104106
         170     1.59751     1.59635 0.000103717
         171     1.59636     1.59635 0.000103111
         172     1.59721     1.59636 0.000102632
         173     1.59711     1.59636 0.000102132
         174     1.59713     1.59637 0.000101639
         175       1.597     1.59637 0.000101123
         176     1.59723     1.59638 0.000100666
         177     1.59679     1.59638 0.000100125
         178     1.59711     1.59638 9.96483e-05
         179     1.59674     1.59639 9.91117e-05
         180     1.59695     1.59639 9.86113e-05
         181      1.5969     1.59639 9.81077e-05
         182     1.59721      1.5964 9.76706e-05
         183     1.59662      1.5964 9.71449e-05
         184     1.59687      1.5964 9.66507e-05
         185     1.59723      1.5964 9.62322e-05
         186     1.59739     1.59641 9.58612e-05
         187     1.59677     1.59641 9.53683e-05
         188     1.59744     1.59642 9.50183e-05
         189     1.59685     1.59642 9.45438e-05
         190     1.59723     1.59642 9.41423e-05
         191     1.59699     1.59643 9.36965e-05
         192      1.5967     1.59643 9.32192e-05
         193     1.59749     1.59643 9.28982e-05
         194       1.597     1.59644 9.24658e-05
         195     1.59709     1.59644 9.20531e-05
         196     1.59735     1.59644 9.17012e-05
         197     1.59679     1.59645 9.12522e-05
         198     1.59699     1.59645  9.0833e-05
         199     1.59738     1.59645  9.0497e-05
         200     1.59642     1.59645 9.00447e-05
         201     1.59738     1.59646 8.97135e-05
         202     1.59656     1.59646 8.92707e-05
         203      1.5969     1.59646 8.88573e-05
         204     1.59785     1.59647  8.8681e-05
         205     1.59609     1.59647 8.82679e-05
         206     1.59746     1.59647 8.79707e-05
         207     1.59706     1.59647 8.75923e-05
         208     1.59729     1.59648 8.72585e-05
         209     1.59723     1.59648 8.69155e-05
         210     1.59697     1.59648  8.6533e-05
         211     1.59737     1.59649 8.62239e-05
         212     1.59719     1.59649 8.58811e-05
         213      1.5971     1.59649  8.5525e-05
         214     1.59688     1.59649 8.51444e-05
         215     1.59709      1.5965 8.47937e-05
         216     1.59779      1.5965 8.46108e-05
         217     1.59585      1.5965 8.42739e-05
         218      1.5973      1.5965 8.39676e-05
         219     1.59748     1.59651 8.37015e-05
         220     1.59674     1.59651 8.33275e-05
         221     1.59716     1.59651  8.3003e-05
         222     1.59691     1.59651 8.26484e-05
         223     1.59705     1.59652 8.23124e-05
         224     1.59701     1.59652 8.19749e-05
         225     1.59703     1.59652 8.16425e-05
         226     1.59683     1.59652 8.12928e-05
         227     1.59705     1.59653 8.09678e-05
         228     1.59716     1.59653 8.06604e-05
         229     1.59706     1.59653 8.03418e-05
         230     1.59708     1.59653 8.00283e-05
         231     1.59702     1.59653 7.97092e-05
         232     1.59716     1.59654 7.94105e-05
         233     1.59694     1.59654 7.90887e-05
         234     1.59681     1.59654  7.8759e-05
         235     1.59718     1.59654 7.84714e-05
         236     1.59691     1.59654  7.8154e-05
         237     1.59719     1.59655 7.78723e-05
         238     1.59701     1.59655 7.75694e-05
         239     1.59773     1.59655 7.74018e-05
         240     1.59715     1.59656 7.71195e-05
         241     1.59702     1.59656 7.68234e-05
         242     1.59722     1.59656 7.65539e-05
         243     1.59723     1.59656 7.62885e-05
         244     1.59713     1.59657 7.60114e-05
         245     1.59702     1.59657 7.57233e-05
         246     1.59711     1.59657 7.54478e-05
         247     1.59768     1.59657 7.52759e-05
         248      1.5965     1.59657  7.4973e-05
         249     1.59705     1.59658 7.46965e-05
         250     1.59691     1.59658 7.44095e-05
         251     1.59711     1.59658 7.41428e-05
         252     1.59711     1.59658  7.3878e-05
         253     1.59673     1.59658 7.35883e-05
         254      1.5974     1.59659 7.33693e-05
         255     1.59662     1.59659 7.30817e-05
         256      1.5973     1.59659 7.28494e-05
         257     1.59691     1.59659 7.25767e-05
         258     1.59684     1.59659 7.23016e-05
         259     1.59773      1.5966 7.21567e-05
         260     1.59717      1.5966 7.19136e-05
         261     1.59692      1.5966 7.16488e-05
         262     1.59715      1.5966 7.14061e-05
         263     1.59662      1.5966 7.11346e-05
         264     1.59719      1.5966 7.09006e-05
         265     1.59677      1.5966 7.06359e-05
         266     1.59737     1.59661  7.0429e-05
         267     1.59697     1.59661 7.01786e-05
         268     1.59716     1.59661 6.99475e-05
         269     1.59694     1.59661 6.96984e-05
         270     1.59699     1.59661 6.94546e-05
         271     1.59737     1.59662 6.92549e-05
         272     1.59696     1.59662 6.90117e-05
         273      1.5975     1.59662 6.88355e-05
         274     1.59724     1.59662 6.86213e-05
         275     1.59713     1.59662 6.83962e-05
         276     1.59715     1.59663 6.81745e-05
         277     1.59711     1.59663 6.79509e-05
         278     1.59673     1.59663 6.77074e-05
         279     1.59711     1.59663 6.74866e-05
         280     1.59704     1.59663 6.72615e-05
         281     1.59716     1.59663 6.70481e-05
         282     1.59658     1.59663 6.68106e-05
         283     1.59752     1.59664 6.66484e-05
         284      1.5967     1.59664 6.64142e-05
         285     1.59701     1.59664 6.61941e-05
         286     1.59698     1.59664 6.59737e-05
         287     1.59722     1.59664 6.57752e-05
         288     1.59685     1.59664 6.55509e-05
         289     1.59736     1.59664 6.53713e-05
         290     1.59732     1.59665 6.51875e-05
         291     1.59712     1.59665 6.49835e-05
         292     1.59724     1.59665 6.47925e-05
         293     1.59781     1.59665 6.46912e-05
         294     1.59654     1.59665 6.44722e-05
         295     1.59758     1.59666 6.43297e-05
         296     1.59669     1.59666 6.41125e-05
         297     1.59761     1.59666 6.39767e-05
         298     1.59666     1.59666  6.3762e-05
         299     1.59782     1.59666 6.36663e-05
         300     1.59636     1.59666 6.34622e-05
         301     1.59723     1.59667 6.32789e-05
         302     1.59737     1.59667 6.31122e-05
         303     1.59701     1.59667 6.29143e-05
         304     1.59702     1.59667 6.27178e-05
         305     1.59707     1.59667 6.25261e-05
         306     1.59694     1.59667 6.23278e-05
         307     1.59703     1.59667 6.21358e-05
         308     1.59697     1.59667 6.19414e-05
         309     1.59672     1.59667 6.17411e-05
         310      1.5974     1.59668 6.15868e-05
         311     1.59654     1.59668 6.13902e-05
         312     1.59707     1.59668 6.12068e-05
         313     1.59724     1.59668 6.10374e-05
         314      1.5967     1.59668 6.08431e-05
         315     1.59664     1.59668   6.065e-05
         316     1.59745     1.59668 6.05073e-05
         317     1.59678     1.59668 6.03173e-05
         318     1.59667     1.59668 6.01276e-05
         319     1.59703     1.59668 5.99489e-05
         320     1.59764     1.59669 5.98364e-05
         321     1.59694     1.59669 5.96551e-05
         322     1.59712     1.59669 5.94852e-05
         323     1.59685     1.59669 5.93032e-05
         324     1.59681     1.59669 5.91213e-05
         325     1.59718     1.59669 5.89589e-05
         326     1.59678     1.59669 5.87787e-05
         327     1.59739     1.59669 5.86383e-05
         328     1.59638     1.59669 5.84672e-05
         329     1.59733     1.59669 5.83221e-05
         330     1.59709      1.5967 5.81576e-05
         331     1.59687      1.5967 5.79844e-05
         332     1.59687      1.5967 5.78122e-05
         333     1.59711      1.5967 5.76517e-05
         334     1.59686      1.5967 5.74811e-05
         335     1.59715      1.5967 5.73256e-05
         336     1.59733      1.5967 5.71853e-05
         337     1.59682      1.5967 5.70167e-05
         338     1.59699      1.5967 5.68543e-05
         339     1.59727      1.5967 5.67111e-05
         340     1.59669      1.5967 5.65444e-05
         341     1.59711     1.59671 5.63913e-05
         342      1.5968     1.59671 5.62271e-05
         343     1.59761     1.59671 5.61249e-05
         344      1.5967     1.59671 5.59618e-05
         345     1.59766     1.59671  5.5867e-05
         346     1.59747     1.59671 5.57481e-05
         347     1.59728     1.59671 5.56115e-05
         348     1.59692     1.59672 5.54549e-05
         349     1.59704     1.59672  5.5304e-05
         350     1.59689     1.59672 5.51483e-05
         351     1.59708     1.59672 5.50007e-05
         352     1.59652     1.59672 5.48473e-05
         353     1.59729     1.59672 5.47158e-05
         354     1.59711     1.59672 5.45725e-05
         355     1.59701     1.59672  5.4425e-05
         356     1.59682     1.59672 5.42728e-05
         357      1.5968     1.59672 5.41212e-05
         358     1.59695     1.59672 5.39739e-05
         359     1.59679     1.59672 5.38239e-05
         360     1.59772     1.59672  5.3746e-05
         361     1.59677     1.59672 5.35973e-05
         362     1.59744     1.59673 5.34851e-05
         363     1.59737     1.59673 5.33674e-05
         364     1.59647     1.59673 5.32254e-05
         365     1.59738     1.59673 5.31095e-05
         366     1.59657     1.59673 5.29662e-05
         367     1.59746     1.59673 5.28595e-05
         368     1.59637     1.59673 5.27252e-05
         369     1.59698     1.59673 5.25866e-05
         370     1.59725     1.59673 5.24634e-05
         371     1.59676     1.59673  5.2322e-05
         372      1.5974     1.59673 5.22124e-05
         373     1.59678     1.59673 5.20725e-05
         374     1.59739     1.59674 5.19628e-05
         375     1.59704     1.59674 5.18304e-05
         376     1.59729     1.59674 5.17134e-05
         377     1.59661     1.59674 5.15773e-05
         378     1.59698     1.59674 5.14447e-05
         379     1.59717     1.59674 5.13217e-05
         380     1.59649     1.59674 5.11907e-05
         381     1.59656     1.59674 5.10586e-05
         382      1.5972     1.59674 5.09394e-05
         383     1.59718     1.59674 5.08196e-05
         384     1.59657     1.59674 5.06893e-05
         385     1.59726     1.59674 5.05758e-05
         386     1.59735     1.59674  5.0469e-05
         387     1.59656     1.59674 5.03408e-05
         388     1.59724     1.59674 5.02273e-05
         389     1.59732     1.59675   5.012e-05
         390     1.59697     1.59675 4.99949e-05
         391     1.59667     1.59675 4.98674e-05
         392     1.59718     1.59675 4.97522e-05
         393     1.59652     1.59675 4.96291e-05
         394     1.59691     1.59675 4.95048e-05
         395     1.59715     1.59675   4.939e-05
         396     1.59659     1.59675 4.92669e-05
         397     1.59691     1.59675 4.91445e-05
         398     1.59711     1.59675 4.90296e-05
         399     1.59689     1.59675 4.89079e-05
         400     1.59769     1.59675 4.88418e-05
         401     1.59663     1.59675  4.8721e-05
         402      1.5972     1.59675 4.86125e-05
         403     1.59678     1.59675 4.84919e-05
         404      1.5973     1.59675 4.83905e-05
         405     1.59699     1.59675 4.82745e-05
         406     1.59729     1.59676 4.81738e-05
         407      1.5973     1.59676 4.80737e-05
         408     1.59693     1.59676 4.79577e-05
         409     1.59728     1.59676 4.78576e-05
         410     1.59696     1.59676 4.77434e-05
         411     1.59703     1.59676 4.76316e-05
         412     1.59759     1.59676 4.75582e-05
         413     1.59642     1.59676 4.74501e-05
         414     1.59719     1.59676  4.7347e-05
         415     1.59703     1.59676 4.72373e-05
         416     1.59663     1.59676 4.71248e-05
         417     1.59693     1.59676 4.70134e-05
         418     1.59691     1.59676 4.69023e-05
         419     1.59652     1.59676 4.67941e-05
         420     1.59714     1.59676 4.66912e-05
         421     1.59658     1.59676 4.65823e-05
         422      1.5971     1.59676 4.64789e-05
         423     1.59698     1.59676 4.63718e-05
         424     1.59641     1.59676 4.62701e-05
         425     1.59717     1.59676 4.61712e-05
         426     1.59636     1.59676 4.60728e-05
         427     1.59708     1.59676 4.59709e-05
         428     1.59691     1.59676 4.58648e-05
         429     1.59661     1.59676 4.57594e-05
         430     1.59671     1.59676 4.56531e-05
         431     1.59688     1.59676 4.55479e-05
         432     1.59784     1.59677 4.55098e-05
         433     1.59661     1.59677 4.54061e-05
         434     1.59738     1.59677 4.53236e-05
         435     1.59669     1.59677 4.52198e-05
         436     1.59682     1.59677 4.51162e-05
         437     1.59701     1.59677 4.50165e-05
         438     1.59672     1.59677 4.49138e-05
         439     1.59754     1.59677 4.48456e-05
         440     1.59662     1.59677 4.47451e-05
         441      1.5972     1.59677 4.46541e-05
         442     1.59718     1.59677 4.45624e-05
         443     1.59666     1.59677 4.44625e-05
         444     1.59699     1.59677 4.43651e-05
         445     1.59672     1.59677 4.42655e-05
         446     1.59698     1.59677 4.41686e-05
         447     1.59708     1.59677 4.40752e-05
         448     1.59682     1.59677 4.39769e-05
         449     1.59691     1.59677 4.38801e-05
         450     1.59694     1.59677 4.37842e-05
         451     1.59708     1.59677 4.36923e-05
         452     1.59662     1.59677  4.3597e-05
         453      1.5972     1.59678  4.3511e-05
         454     1.59729     1.59678 4.34299e-05
         455     1.59717     1.59678 4.33431e-05
         456     1.59716     1.59678  4.3256e-05
         457     1.59631     1.59678 4.31733e-05
         458     1.59715     1.59678 4.30865e-05
         459     1.59682     1.59678 4.29928e-05
         460     1.59683     1.59678 4.28995e-05
         461     1.59684     1.59678 4.28066e-05
         462     1.59735     1.59678 4.27317e-05
         463     1.59667     1.59678 4.26401e-05
         464     1.59696     1.59678 4.25499e-05
         465     1.59667     1.59678 4.24591e-05
         466     1.59643     1.59678 4.23744e-05
         467     1.59676     1.59678 4.22837e-05
         468     1.59685     1.59678 4.21937e-05
         469     1.59706     1.59678  4.2108e-05
         470       1.597     1.59678  4.2021e-05
         471     1.59688     1.59678 4.19323e-05
         472     1.59705     1.59678 4.18474e-05
         473     1.59732     1.59678 4.17743e-05
         474     1.59726     1.59678 4.16986e-05
         475     1.59757     1.59678 4.16439e-05
         476     1.59682     1.59678 4.15565e-05
         477     1.59711     1.59679 4.14751e-05
         478     1.59708     1.59679 4.13929e-05
         479     1.59712     1.59679 4.13123e-05
         480     1.59662     1.59679 4.12278e-05
         481     1.59758     1.59679 4.11754e-05
         482     1.59669     1.59679 4.10904e-05
         483     1.59702     1.59679 4.10081e-05
         484     1.59711     1.59679 4.09288e-05
         485     1.59697     1.59679 4.08461e-05
         486     1.59715     1.59679 4.07688e-05
         487     1.59711     1.59679 4.06903e-05
         488     1.59737     1.59679  4.0624e-05
         489     1.59726     1.59679 4.05522e-05
         490     1.59714     1.59679 4.04758e-05
         491     1.59751     1.59679 4.04198e-05
         492     1.59686     1.59679 4.03378e-05
         493     1.59677     1.59679  4.0256e-05
         494     1.59755      1.5968 4.02036e-05
         495     1.59648      1.5968 4.01274e-05
         496     1.59763      1.5968 4.00816e-05
         497     1.59679      1.5968  4.0001e-05
         498      1.5972      1.5968 3.99288e-05
         499     1.59698      1.5968 3.98506e-05
         500     1.59744      1.5968 3.97917e-05
         501     1.59678      1.5968 3.97123e-05
         502       1.597      1.5968 3.96351e-05
         503     1.59728      1.5968 3.95679e-05
         504     1.59694      1.5968 3.94904e-05
         505     1.59676      1.5968 3.94123e-05
         506     1.59732      1.5968 3.93479e-05
         507     1.59711      1.5968 3.92748e-05
         508     1.59676      1.5968 3.91976e-05
         509     1.59812     1.59681 3.92062e-05
         510     1.59664     1.59681 3.91307e-05
         511      1.5979     1.59681 3.91122e-05
         512     1.59742     1.59681 3.90543e-05
         513     1.59736     1.59681 3.89928e-05
         514     1.59761     1.59681 3.89478e-05
         515     1.59654     1.59681 3.88757e-05
         516     1.59719     1.59681 3.88072e-05
         517     1.59695     1.59681  3.8733e-05
         518     1.59671     1.59681 3.86587e-05
         519     1.59731     1.59681 3.85964e-05
         520     1.59682     1.59681 3.85222e-05
         521     1.59776     1.59681 3.84912e-05
         522     1.59634     1.59681  3.8428e-05
         523      1.5973     1.59681  3.8366e-05
         524     1.59707     1.59681  3.8296e-05
         525     1.59706     1.59682 3.82259e-05
         526     1.59717     1.59682 3.81591e-05
         527      1.5971     1.59682 3.80905e-05
         528     1.59703     1.59682 3.80205e-05
         529     1.59684     1.59682 3.79487e-05
         530     1.59698     1.59682 3.78783e-05
         531     1.59707     1.59682   3.781e-05
         532     1.59749     1.59682 3.77602e-05
         533     1.59701     1.59682 3.76911e-05
         534     1.59756     1.59682 3.76462e-05
         535     1.59682     1.59682 3.75758e-05
         536     1.59758     1.59682 3.75323e-05
         537     1.59631     1.59682 3.74746e-05
         538     1.59689     1.59682 3.74052e-05
         539     1.59697     1.59682 3.73368e-05
         540     1.59717     1.59682 3.72733e-05
         541     1.59697     1.59682 3.72054e-05
         542     1.59742     1.59682 3.71533e-05
         543     1.59683     1.59682 3.70849e-05
         544     1.59706     1.59682 3.70194e-05
         545     1.59739     1.59683  3.6966e-05
         546      1.5966     1.59682 3.69006e-05
         547     1.59693     1.59682 3.68336e-05
         548     1.59714     1.59683 3.67708e-05
         549     1.59681     1.59683 3.67038e-05
         550     1.59683     1.59683 3.66371e-05
         551     1.59693     1.59683 3.65711e-05
         552     1.59717     1.59683   3.651e-05
         553       1.597     1.59683 3.64453e-05
         554     1.59728     1.59683 3.63886e-05
         555      1.5971     1.59683 3.63264e-05
         556     1.59685     1.59683 3.62611e-05
         557     1.59705     1.59683 3.61983e-05
         558     1.59709     1.59683 3.61364e-05
         559     1.59713     1.59683 3.60759e-05
         560     1.59709     1.59683 3.60144e-05
         561     1.59756     1.59683 3.59739e-05
         562     1.59703     1.59683 3.59116e-05
         563     1.59719     1.59683 3.58534e-05
         564     1.59712     1.59683 3.57934e-05
         565     1.59646     1.59683 3.57361e-05
         566     1.59759     1.59683 3.56983e-05
         567     1.59627     1.59683  3.5649e-05
         568     1.59734     1.59683 3.55974e-05
         569     1.59726     1.59683 3.55429e-05
         570     1.59682     1.59683 3.54806e-05
         571     1.59733     1.59683 3.54289e-05
         572     1.59651     1.59683 3.53716e-05
         573     1.59663     1.59683 3.53117e-05
         574     1.59736     1.59683  3.5262e-05
         575     1.59654     1.59683 3.52042e-05
         576     1.59783     1.59684 3.51851e-05
         577      1.5967     1.59684 3.51249e-05
         578     1.59703     1.59684 3.50657e-05
         579     1.59709     1.59684 3.50079e-05
         580     1.59721     1.59684 3.49535e-05
         581     1.59664     1.59684  3.4895e-05
         582     1.59699     1.59684  3.4836e-05
         583      1.5968     1.59684 3.47763e-05
         584     1.59693     1.59684 3.47172e-05
         585     1.59645     1.59684 3.46642e-05
         586     1.59707     1.59684 3.46072e-05
         587     1.59643     1.59684 3.45553e-05
         588      1.5971     1.59684 3.44994e-05
         589     1.59684     1.59684 3.44408e-05
         590     1.59624     1.59684 3.43972e-05
         591     1.59685     1.59684  3.4339e-05
         592     1.59666     1.59684 3.42823e-05
         593     1.59713     1.59684  3.4228e-05
         594     1.59742     1.59684 3.41845e-05
         595     1.59626     1.59684 3.41406e-05
         596     1.59718     1.59684 3.40882e-05
         597     1.59722     1.59684  3.4037e-05
         598     1.59668     1.59684 3.39811e-05
         599     1.59691     1.59684 3.39246e-05
         600      1.5969     1.59684 3.38683e-05
         601     1.59698     1.59684 3.38128e-05
         602      1.5967     1.59684 3.37574e-05
         603      1.5968     1.59684 3.37015e-05
         604     1.59723     1.59684  3.3652e-05
         605     1.59686     1.59684 3.35964e-05
         606     1.59729     1.59684 3.35494e-05
         607     1.59709     1.59684 3.34967e-05
         608     1.59696     1.59684 3.34421e-05
         609     1.59692     1.59684 3.33875e-05
         610     1.59706     1.59684 3.33347e-05
         611     1.59681     1.59684 3.32802e-05
         612     1.59692     1.59684  3.3226e-05
         613     1.59722     1.59684 3.31776e-05
         614     1.59703     1.59684  3.3125e-05
         615     1.59691     1.59684 3.30713e-05
         616     1.59704     1.59684 3.30193e-05
         617     1.59683     1.59684 3.29658e-05
         618      1.5969     1.59684 3.29126e-05
         619     1.59732     1.59684 3.28684e-05
         620     1.59666     1.59684 3.28167e-05
         621     1.59734     1.59684 3.27737e-05
         622     1.59674     1.59684 3.27214e-05
         623     1.59688     1.59684 3.26689e-05
         624     1.59746     1.59684 3.26315e-05
         625     1.59666     1.59684 3.25806e-05
         626     1.59687     1.59684 3.25286e-05
         627     1.59696     1.59684 3.24773e-05
         628     1.59736     1.59684 3.24361e-05
         629      1.5959     1.59684 3.24192e-05
         630     1.59685     1.59684 3.23677e-05
         631     1.59762     1.59684 3.23396e-05
         632     1.59612     1.59684 3.23086e-05
         633     1.59696     1.59684 3.22581e-05
         634     1.59719     1.59684  3.2212e-05
         635     1.59627     1.59684 3.21739e-05
         636     1.59743     1.59684 3.21364e-05
         637     1.59598     1.59684 3.21145e-05
         638     1.59724     1.59684 3.20701e-05
         639     1.59674     1.59684 3.20203e-05
         640     1.59701     1.59684 3.19713e-05
         641     1.59694     1.59684 3.19218e-05
         642     1.59705     1.59684 3.18737e-05
         643     1.59701     1.59684 3.18252e-05
         644     1.59702     1.59684 3.17769e-05
         645     1.59743     1.59684 3.17409e-05
         646     1.59653     1.59684 3.16954e-05
         647     1.59726     1.59684 3.16529e-05
         648     1.59717     1.59685 3.16081e-05
         649     1.59687     1.59685 3.15594e-05
         650     1.59708     1.59685  3.1513e-05
         651     1.59709     1.59685 3.14667e-05
         652     1.59732     1.59685  3.1427e-05
         653     1.59659     1.59685 3.13813e-05
         654     1.59692     1.59685 3.13335e-05
         655     1.59768     1.59685 3.13113e-05
         656     1.59637     1.59685 3.12721e-05
         657     1.59702     1.59685 3.12256e-05
         658     1.59695     1.59685 3.11786e-05
         659     1.59738     1.59685 3.11417e-05
         660     1.59695     1.59685 3.10949e-05
         661     1.59701     1.59685 3.10488e-05
         662     1.59691     1.59685  3.1002e-05
         663       1.597     1.59685 3.09561e-05
         664       1.597     1.59685 3.09102e-05
         665     1.59673     1.59685 3.08643e-05
         666     1.59723     1.59685 3.08232e-05
         667     1.59681     1.59685  3.0777e-05
         668     1.59713     1.59685 3.07339e-05
         669     1.59726     1.59685 3.06941e-05
         670     1.59661     1.59685 3.06503e-05
         671     1.59747     1.59685 3.06186e-05
         672     1.59649     1.59685 3.05778e-05
         673     1.59702     1.59685 3.05335e-05
         674     1.59728     1.59685 3.04947e-05
         675     1.59662     1.59685 3.04516e-05
         676      1.5974     1.59685 3.04175e-05
         677      1.5968     1.59685 3.03726e-05
         678     1.59747     1.59685 3.03413e-05
         679     1.59667     1.59685 3.02978e-05
         680     1.59743     1.59685 3.02653e-05
         681     1.59728     1.59685 3.02272e-05
         682      1.5974     1.59685 3.01935e-05
         683     1.59641     1.59685 3.01563e-05
         684     1.59758     1.59686  3.0131e-05
         685     1.59616     1.59685 3.01042e-05
         686     1.59719     1.59685 3.00643e-05
         687     1.59671     1.59685 3.00212e-05
         688     1.59709     1.59685 2.99795e-05
         689     1.59686     1.59685  2.9936e-05
         690     1.59694     1.59685 2.98929e-05
         691     1.59715     1.59686 2.98526e-05
         692     1.59704     1.59686 2.98106e-05
         693     1.59673     1.59686 2.97681e-05
         694     1.59684     1.59686 2.97252e-05
         695     1.59716     1.59686 2.96857e-05
         696     1.59746     1.59686 2.96557e-05
         697     1.59664     1.59686 2.96148e-05
         698     1.59761     1.59686 2.95922e-05
         699     1.59684     1.59686 2.95498e-05
         700     1.59709     1.59686 2.95095e-05
         701      1.5968     1.59686 2.94675e-05
         702     1.59682     1.59686 2.94256e-05
         703     1.59708     1.59686 2.93855e-05
         704      1.5966     1.59686 2.93461e-05
         705     1.59749     1.59686  2.9318e-05
         706     1.59665     1.59686  2.9278e-05
         707     1.59753     1.59686  2.9252e-05
         708      1.5972     1.59686 2.92147e-05
         709     1.59682     1.59686 2.91735e-05
         710     1.59757     1.59686 2.91495e-05
         711      1.5969     1.59686 2.91085e-05
         712     1.59722     1.59686 2.90721e-05
         713     1.59691     1.59686 2.90314e-05
         714     1.59746     1.59686 2.90028e-05
         715     1.59623     1.59686 2.89757e-05
         716     1.59694     1.59686 2.89354e-05
         717     1.59682     1.59686 2.88951e-05
         718     1.59689     1.59686 2.88549e-05
         719     1.59686     1.59686 2.88148e-05
         720      1.5968     1.59686 2.87749e-05
         721     1.59692     1.59686 2.87351e-05
         722     1.59648     1.59686 2.87002e-05
         723      1.5972     1.59686 2.86644e-05
         724     1.59681     1.59686 2.86249e-05
         725     1.59638     1.59686  2.8593e-05
         726     1.59757     1.59686 2.85702e-05
         727     1.59713     1.59686 2.85333e-05
         728     1.59705     1.59686 2.84953e-05
         729     1.59722     1.59686 2.84604e-05
         730     1.59686     1.59686 2.84214e-05
         731     1.59698     1.59686  2.8383e-05
         732     1.59705     1.59686 2.83454e-05
         733     1.59668     1.59686 2.83078e-05
         734     1.59722     1.59686 2.82735e-05
         735      1.5972     1.59686 2.82388e-05
         736     1.59647     1.59686 2.82055e-05
         737      1.5971     1.59686 2.81691e-05
         738     1.59715     1.59686 2.81337e-05
         739      1.5965     1.59686 2.80999e-05
         740     1.59717     1.59686 2.80651e-05
         741     1.59634     1.59686  2.8036e-05
         742     1.59728     1.59686 2.80039e-05
         743      1.5972     1.59686 2.79699e-05
         744      1.5963     1.59686 2.79425e-05
         745     1.59717     1.59686 2.79081e-05
         746     1.59735     1.59686 2.78784e-05
         747     1.59731     1.59686 2.78475e-05
         748     1.59709     1.59687 2.78118e-05
         749     1.59713     1.59687  2.7777e-05
         750     1.59734     1.59687 2.77471e-05
         751     1.59687     1.59687 2.77101e-05
         752     1.59692     1.59687 2.76734e-05
         753     1.59708     1.59687 2.76381e-05
         754     1.59768     1.59687 2.76224e-05
         755     1.59671     1.59687 2.75867e-05
         756     1.59696     1.59687 2.75504e-05
         757     1.59724     1.59687 2.75184e-05
         758      1.5971     1.59687 2.74838e-05
         759     1.59673     1.59687 2.74482e-05
         760     1.59776     1.59687  2.7437e-05
         761     1.59625     1.59687 2.74128e-05
         762     1.59769     1.59687  2.7398e-05
         763     1.59684     1.59687 2.73621e-05
         764     1.59701     1.59687 2.73269e-05
         765     1.59688     1.59687 2.72912e-05
         766     1.59737     1.59687 2.72633e-05
         767     1.59633     1.59687 2.72369e-05
         768     1.59728     1.59687 2.72066e-05
         769      1.5964     1.59687 2.71782e-05
         770     1.59694     1.59687  2.7143e-05
         771     1.59699     1.59687 2.71083e-05
         772     1.59714     1.59687 2.70754e-05
         773     1.59692     1.59687 2.70404e-05
         774     1.59749     1.59687 2.70174e-05
         775       1.597     1.59687 2.69831e-05
         776     1.59718     1.59687 2.69513e-05
         777     1.59754     1.59687 2.69303e-05
         778     1.59756     1.59687 2.69102e-05
         779     1.59667     1.59687 2.68769e-05
         780     1.59722     1.59687 2.68461e-05
         781     1.59689     1.59687 2.68117e-05
         782     1.59715     1.59687 2.67798e-05
         783     1.59696     1.59687 2.67459e-05
         784     1.59704     1.59687 2.67126e-05
         785     1.59661     1.59687 2.66807e-05
         786     1.59683     1.59687 2.66468e-05
         787     1.59692     1.59687  2.6613e-05
         788     1.59675     1.59687 2.65797e-05
         789     1.59656     1.59687  2.6549e-05
         790     1.59745     1.59687 2.65255e-05
         791     1.59655     1.59687 2.64952e-05
         792     1.59689     1.59687 2.64618e-05
         793     1.59674     1.59687 2.64289e-05
         794     1.59685     1.59687 2.63956e-05
         795     1.59684     1.59687 2.63625e-05
         796     1.59661     1.59687 2.63314e-05
         797     1.59721     1.59687 2.63017e-05
         798     1.59637     1.59687 2.62764e-05
         799     1.59717     1.59687 2.62461e-05
         800     1.59624     1.59687 2.62252e-05
         801      1.5967     1.59687 2.61934e-05
         802     1.59687     1.59687 2.61607e-05
         803     1.59717     1.59687 2.61307e-05
         804     1.59668     1.59687 2.60993e-05
         805     1.59661     1.59687 2.60689e-05
         806       1.597     1.59687  2.6037e-05
         807     1.59638     1.59687 2.60119e-05
         808     1.59679     1.59687 2.59799e-05
         809     1.59696     1.59687  2.5948e-05
         810     1.59678     1.59687 2.59162e-05
         811     1.59706     1.59687 2.58853e-05
         812      1.5966     1.59687 2.58555e-05
         813     1.59722     1.59687 2.58274e-05
         814     1.59656     1.59687 2.57985e-05
         815     1.59769     1.59687 2.57862e-05
         816     1.59657     1.59687 2.57572e-05
         817      1.5973     1.59687 2.57311e-05
         818     1.59752     1.59687 2.57117e-05
         819     1.59645     1.59687 2.56854e-05
         820     1.59723     1.59687 2.56577e-05
         821     1.59676     1.59687 2.56268e-05
         822     1.59683     1.59687 2.55957e-05
         823      1.5967     1.59687 2.55655e-05
         824     1.59746     1.59687 2.55444e-05
         825     1.59658     1.59687  2.5516e-05
         826     1.59726     1.59687 2.54893e-05
         827      1.5969     1.59687 2.54585e-05
         828     1.59714     1.59687 2.54298e-05
         829     1.59727     1.59687 2.54037e-05
         830     1.59704     1.59687 2.53738e-05
         831      1.5969     1.59687 2.53433e-05
         832     1.59703     1.59688 2.53135e-05
         833     1.59713     1.59688  2.5285e-05
         834     1.59692     1.59688 2.52547e-05
         835     1.59718     1.59688 2.52271e-05
         836     1.59697     1.59688 2.51972e-05
         837     1.59703     1.59688 2.51677e-05
         838     1.59703     1.59688 2.51384e-05
         839      1.5969     1.59688 2.51084e-05
         840     1.59662     1.59688 2.50804e-05
         841     1.59736     1.59688 2.50572e-05
         842     1.59706     1.59688 2.50284e-05
         843     1.59731     1.59688 2.50039e-05
         844     1.59715     1.59688 2.49764e-05
         845     1.59728     1.59688 2.49514e-05
         846     1.59697     1.59688 2.49222e-05
         847     1.59683     1.59688 2.48928e-05
         848     1.59725     1.59688 2.48673e-05
         849     1.59682     1.59688 2.48381e-05
         850     1.59654     1.59688 2.48121e-05
         851     1.59738     1.59688 2.47898e-05
         852     1.59684     1.59688 2.47608e-05
         853     1.59684     1.59688 2.47318e-05
         854     1.59758     1.59688 2.47165e-05
         855     1.59689     1.59688 2.46876e-05
         856     1.59705     1.59688 2.46596e-05
         857     1.59719     1.59688 2.46335e-05
         858     1.59688     1.59688 2.46048e-05
         859     1.59721     1.59688 2.45792e-05
         860      1.5968     1.59688 2.45508e-05
         861     1.59697     1.59688 2.45225e-05
         862     1.59685     1.59688 2.44941e-05
         863     1.59724     1.59688 2.44691e-05
         864     1.59658     1.59688 2.44433e-05
         865     1.59726     1.59688 2.44191e-05
         866     1.59686     1.59688 2.43909e-05
         867     1.59766     1.59688 2.43794e-05
         868     1.59657     1.59688 2.43539e-05
         869      1.5971     1.59688 2.43272e-05
         870     1.59752     1.59688 2.43103e-05
         871     1.59683     1.59688 2.42825e-05
         872     1.59706     1.59688 2.42555e-05
         873     1.59711     1.59688 2.42292e-05
         874     1.59709     1.59688 2.42026e-05
         875     1.59697     1.59688 2.41751e-05
         876      1.5963     1.59688 2.41567e-05
         877     1.59716     1.59688 2.41313e-05
         878     1.59696     1.59688  2.4104e-05
         879     1.59663     1.59688 2.40782e-05
         880     1.59716     1.59688  2.4053e-05
         881     1.59719     1.59688 2.40281e-05
         882     1.59677     1.59688 2.40012e-05
         883     1.59729     1.59688 2.39785e-05
         884     1.59654     1.59688 2.39546e-05
         885     1.59666     1.59688 2.39289e-05
         886     1.59749     1.59688 2.39117e-05
         887     1.59677     1.59688 2.38851e-05
         888     1.59702     1.59688 2.38587e-05
         889     1.59699     1.59688 2.38322e-05
         890     1.59698     1.59688 2.38057e-05
         891     1.59689     1.59688 2.37789e-05
         892     1.59741     1.59688 2.37596e-05
         893     1.59711     1.59688 2.37344e-05
         894     1.59648     1.59688 2.37121e-05
         895     1.59698     1.59688 2.36859e-05
         896      1.5965     1.59688 2.36633e-05
         897     1.59683     1.59688  2.3637e-05
         898     1.59739     1.59688 2.36175e-05
         899     1.59658     1.59688 2.35937e-05
         900     1.59736     1.59688 2.35734e-05
         901     1.59696     1.59688 2.35474e-05
         902     1.59748     1.59689 2.35306e-05
         903     1.59657     1.59689 2.35072e-05
         904      1.5976     1.59689 2.34943e-05
         905     1.59672     1.59689 2.34691e-05
         906     1.59689     1.59689 2.34432e-05
         907     1.59743     1.59689 2.34249e-05
         908     1.59652     1.59689 2.34027e-05
         909     1.59721     1.59689 2.33797e-05
         910     1.59718     1.59689 2.33563e-05
         911     1.59716     1.59689 2.33326e-05
         912     1.59721     1.59689 2.33097e-05
         913     1.59678     1.59689 2.32845e-05
         914     1.59747     1.59689 2.32679e-05
         915      1.5968     1.59689 2.32426e-05
         916     1.59725     1.59689 2.32207e-05
         917     1.59697     1.59689 2.31956e-05
         918     1.59693     1.59689 2.31703e-05
         919     1.59792     1.59689 2.31723e-05
         920     1.59671     1.59689  2.3148e-05
         921     1.59739     1.59689 2.31292e-05
         922     1.59806     1.59689 2.31389e-05
         923     1.59679     1.59689 2.31141e-05
         924     1.59766     1.59689  2.3104e-05
         925     1.59683     1.59689 2.30791e-05
         926     1.59725     1.59689 2.30575e-05
         927     1.59744     1.59689 2.30403e-05
         928     1.59664     1.59689  2.3017e-05
         929      1.5974     1.59689 2.29987e-05
         930     1.59681     1.59689 2.29741e-05
         931     1.59683     1.59689 2.29495e-05
         932     1.59753     1.59689  2.2935e-05
         933     1.59683     1.59689 2.29105e-05
         934     1.59751     1.59689 2.28954e-05
         935     1.59738     1.59689 2.28768e-05
         936     1.59701     1.59689 2.28527e-05
         937     1.59693     1.59689 2.28284e-05
         938      1.5973      1.5969 2.28082e-05
         939      1.5968     1.59689 2.27841e-05
         940      1.5967     1.59689 2.27608e-05
         941     1.59746      1.5969 2.27444e-05
         942     1.59716      1.5969 2.27221e-05
         943     1.59669      1.5969  2.2699e-05
         944      1.5974      1.5969 2.26812e-05
         945     1.59724      1.5969   2.266e-05
         946     1.59715      1.5969 2.26376e-05
         947     1.59695      1.5969 2.26138e-05
         948     1.59715      1.5969 2.25916e-05
         949     1.59673      1.5969 2.25685e-05
         950      1.5975      1.5969 2.25537e-05
         951     1.59742      1.5969 2.25367e-05
         952     1.59717      1.5969 2.25148e-05
         953     1.59697      1.5969 2.24913e-05
         954     1.59737      1.5969 2.24731e-05
         955     1.59696      1.5969 2.24496e-05
         956     1.59649      1.5969 2.24302e-05
         957     1.59781      1.5969 2.24268e-05
         958     1.59636      1.5969 2.24104e-05
         959     1.59712      1.5969 2.23882e-05
         960     1.59732      1.5969 2.23691e-05
         961      1.5972      1.5969  2.2348e-05
         962     1.59683      1.5969 2.23249e-05
         963     1.59697      1.5969 2.23019e-05
         964     1.59718      1.5969 2.22806e-05
         965     1.59646      1.5969 2.22622e-05
         966     1.59677      1.5969 2.22396e-05
         967     1.59731      1.5969 2.22206e-05
         968     1.59705      1.5969 2.21982e-05
         969     1.59686      1.5969 2.21754e-05
         970     1.59682      1.5969 2.21527e-05
         971     1.59708      1.5969 2.21307e-05
         972     1.59644      1.5969  2.2113e-05
         973     1.59692      1.5969 2.20903e-05
         974     1.59727      1.5969 2.20709e-05
         975       1.597      1.5969 2.20485e-05
         976     1.59713      1.5969 2.20272e-05
         977      1.5971      1.5969 2.20056e-05
         978     1.59801      1.5969 2.20121e-05
         979     1.59666      1.5969  2.1991e-05
         980     1.59696      1.5969 2.19686e-05
         981     1.59686      1.5969 2.19463e-05
         982     1.59709      1.5969 2.19248e-05
         983     1.59693      1.5969 2.19025e-05
         984      1.5968      1.5969 2.18805e-05
         985     1.59717      1.5969 2.18599e-05
         986     1.59688      1.5969 2.18378e-05
         987     1.59723      1.5969 2.18182e-05
         988     1.59702      1.5969 2.17964e-05
         989     1.59774      1.5969 2.17909e-05
         990     1.59687      1.5969 2.17689e-05
         991     1.59653      1.5969 2.17501e-05
         992     1.59737      1.5969 2.17332e-05
         993     1.59697      1.5969 2.17114e-05
         994     1.59692      1.5969 2.16896e-05
         995     1.59729      1.5969 2.16712e-05
         996     1.59661      1.5969 2.16515e-05
         997     1.59673      1.5969 2.16305e-05
         998     1.59744      1.5969 2.16154e-05
         999      1.5967      1.5969 2.15948e-05
        1000     1.59697      1.5969 2.15733e-05
        1001     1.59728      1.5969  2.1555e-05
        1002     1.59717      1.5969 2.15351e-05
        1003     1.59629      1.5969 2.15225e-05
        1004     1.59757      1.5969 2.15113e-05
        1005      1.5967      1.5969 2.14908e-05
        1006     1.59746      1.5969 2.14766e-05
        1007     1.59681      1.5969 2.14555e-05
        1008     1.59731      1.5969  2.1438e-05
        1009     1.59715     1.59691 2.14181e-05
        1010     1.59688     1.59691 2.13969e-05
        1011     1.59692     1.59691 2.13758e-05
        1012      1.5969     1.59691 2.13547e-05
        1013     1.59689     1.59691 2.13336e-05
        1014     1.59691     1.59691 2.13125e-05
        1015     1.59682     1.59691 2.12917e-05
        1016      1.5971     1.59691 2.12717e-05
        1017      1.5979     1.59691 2.12731e-05
        1018     1.59634     1.59691 2.12594e-05
        1019     1.59743     1.59691 2.12447e-05
        1020      1.5975     1.59691 2.12318e-05
        1021     1.59695     1.59691  2.1211e-05
        1022     1.59739     1.59691 2.11956e-05
        1023     1.59684     1.59691  2.1175e-05
        1024     1.59712     1.59691 2.11554e-05
        1025     1.59739     1.59691 2.11401e-05
        1026     1.59683     1.59691 2.11196e-05
        1027     1.59725     1.59691 2.11017e-05
        1028      1.5972     1.59691 2.10832e-05
        1029     1.59691     1.59691 2.10627e-05
        1030     1.59707     1.59691 2.10428e-05
        1031     1.59719     1.59691 2.10241e-05
        1032      1.5969     1.59691 2.10037e-05
        1033     1.59732     1.59691 2.09871e-05
        1034     1.59741     1.59691 2.09724e-05
        1035     1.59677     1.59691 2.09525e-05
        1036     1.59749     1.59691 2.09397e-05
        1037     1.59676     1.59691   2.092e-05
        1038     1.59727     1.59691 2.09028e-05
        1039     1.59691     1.59691 2.08827e-05
        1040     1.59704     1.59691 2.08629e-05
        1041     1.59696     1.59691 2.08429e-05
        1042     1.59698     1.59691 2.08231e-05
        1043     1.59754     1.59691 2.08119e-05
        1044     1.59665     1.59691 2.07935e-05
        1045     1.59706     1.59691  2.0774e-05
        1046      1.5972     1.59691 2.07561e-05
        1047      1.5975     1.59691  2.0744e-05
        1048     1.59627     1.59691 2.07333e-05
        1049      1.5976     1.59691 2.07239e-05
        1050     1.59668     1.59691 2.07054e-05
        1051     1.59714     1.59691 2.06869e-05
        1052     1.59694     1.59691 2.06672e-05
        1053     1.59721     1.59691 2.06495e-05
        1054     1.59708     1.59691 2.06305e-05
        1055     1.59693     1.59691  2.0611e-05
        1056     1.59707     1.59691  2.0592e-05
        1057      1.5969     1.59691 2.05725e-05
        1058     1.59741     1.59691 2.05584e-05
        1059     1.59692     1.59691  2.0539e-05
        1060     1.59699     1.59691 2.05197e-05
        1061     1.59724     1.59691 2.05028e-05
        1062     1.59693     1.59691 2.04835e-05
        1063      1.5971     1.59691  2.0465e-05
        1064     1.59682     1.59691 2.04459e-05
        1065     1.59725     1.59691 2.04291e-05
        1066     1.59696     1.59691   2.041e-05
        1067     1.59726     1.59691 2.03934e-05
        1068     1.59731     1.59691 2.03777e-05
        1069     1.59759     1.59692 2.03685e-05
        1070     1.59628     1.59691 2.03581e-05
        1071      1.5971     1.59691 2.03398e-05
        1072     1.59693     1.59691 2.03208e-05
        1073     1.59696     1.59691 2.03019e-05
        1074     1.59775     1.59692 2.02977e-05
        1075     1.59682     1.59692  2.0279e-05
        1076      1.5968     1.59692 2.02605e-05
        1077      1.5969     1.59692 2.02417e-05
        1078     1.59727     1.59692 2.02256e-05
        1079     1.59629     1.59692 2.02151e-05
        1080     1.59712     1.59692 2.01973e-05
        1081     1.59634     1.59691 2.01855e-05
        1082     1.59681     1.59691 2.01671e-05
        1083     1.59704     1.59691 2.01488e-05
        1084     1.59691     1.59691 2.01302e-05
        1085     1.59761     1.59692 2.01218e-05
        1086     1.59712     1.59692 2.01041e-05
        1087     1.59675     1.59692 2.00862e-05
        1088     1.59742     1.59692  2.0073e-05
        1089     1.59657     1.59692 2.00571e-05
        1090     1.59723     1.59692 2.00407e-05
        1091     1.59703     1.59692 2.00226e-05
        1092     1.59703     1.59692 2.00046e-05
        1093     1.59702     1.59692 1.99865e-05
        1094     1.59739     1.59692  1.9973e-05
        1095     1.59656     1.59692 1.99573e-05
        1096     1.59706     1.59692 1.99396e-05
        1097     1.59688     1.59692 1.99214e-05
        1098       1.597     1.59692 1.99034e-05
        1099     1.59642     1.59692 1.98905e-05
        1100     1.59725     1.59692 1.98748e-05
        1101     1.59626     1.59692 1.98657e-05
        1102     1.59634     1.59692 1.98546e-05
        1103     1.59732     1.59692 1.98401e-05
        1104     1.59664     1.59692 1.98237e-05
        1105     1.59657     1.59692 1.98082e-05
        1106     1.59685     1.59692 1.97903e-05
        1107      1.5971     1.59692 1.97731e-05
        1108     1.59673     1.59692  1.9756e-05
        1109     1.59733     1.59692 1.97417e-05
        1110     1.59705     1.59692 1.97243e-05
        1111     1.59709     1.59692 1.97071e-05
        1112     1.59738     1.59692 1.96938e-05
        1113     1.59658     1.59692 1.96783e-05
        1114     1.59705     1.59692 1.96611e-05
        1115     1.59703     1.59692 1.96437e-05
        1116     1.59732     1.59692 1.96295e-05
        1117     1.59706     1.59692 1.96123e-05
        1118     1.59707     1.59692 1.95952e-05
        1119     1.59755     1.59692 1.95858e-05
        1120     1.59674     1.59692  1.9569e-05
        1121     1.59709     1.59692 1.95521e-05
        1122     1.59682     1.59692 1.95349e-05
        1123     1.59757     1.59692 1.95262e-05
        1124     1.59667     1.59692   1.951e-05
        1125     1.59725     1.59692 1.94949e-05
        1126      1.5967     1.59692 1.94786e-05
        1127     1.59716     1.59692 1.94625e-05
        1128     1.59702     1.59692 1.94454e-05
        1129     1.59688     1.59692 1.94282e-05
        1130     1.59699     1.59692 1.94112e-05
        1131     1.59765     1.59692 1.94048e-05
        1132     1.59692     1.59692 1.93877e-05
        1133     1.59711     1.59692 1.93713e-05
        1134     1.59754     1.59692  1.9362e-05
        1135     1.59704     1.59692 1.93452e-05
        1136     1.59682     1.59692 1.93283e-05
        1137     1.59746     1.59692 1.93171e-05
        1138     1.59689     1.59692 1.93002e-05
        1139     1.59749     1.59692 1.92898e-05
        1140     1.59707     1.59692 1.92733e-05
        1141     1.59686     1.59692 1.92565e-05
        1142     1.59683     1.59692 1.92398e-05
        1143     1.59655     1.59692 1.92257e-05
        1144     1.59678     1.59692 1.92093e-05
        1145      1.5973     1.59692 1.91955e-05
        1146     1.59717     1.59692 1.91799e-05
        1147     1.59726     1.59692 1.91654e-05
        1148     1.59737     1.59692 1.91527e-05
        1149     1.59716     1.59692 1.91372e-05
        1150     1.59688     1.59692 1.91206e-05
        1151     1.59758     1.59692 1.91126e-05
        1152     1.59631     1.59692 1.91034e-05
        1153     1.59712     1.59692 1.90876e-05
        1154     1.59717     1.59692 1.90723e-05
        1155       1.597     1.59692 1.90559e-05
        1156     1.59696     1.59692 1.90394e-05
        1157     1.59677     1.59692 1.90234e-05
        1158     1.59736     1.59692 1.90107e-05
        1159     1.59666     1.59692 1.89956e-05
        1160     1.59787     1.59692 1.89967e-05
        1161     1.59665     1.59692 1.89818e-05
        1162     1.59753     1.59692 1.89726e-05
        1163     1.59695     1.59692 1.89563e-05
        1164     1.59697     1.59692   1.894e-05
        1165     1.59761     1.59692  1.8933e-05
        1166     1.59683     1.59692  1.8917e-05
        1167     1.59739     1.59692  1.8905e-05
        1168     1.59708     1.59692 1.88893e-05
        1169     1.59736     1.59692 1.88767e-05
        1170      1.5967     1.59692 1.88615e-05
        1171     1.59726     1.59692 1.88476e-05
        1172     1.59703     1.59692 1.88318e-05
        1173     1.59666     1.59692  1.8817e-05
        1174     1.59661     1.59692 1.88029e-05
        1175     1.59781     1.59692 1.88021e-05
        1176     1.59621     1.59692  1.8796e-05
        1177     1.59735     1.59692 1.87836e-05
        1178     1.59709     1.59692 1.87681e-05
        1179     1.59765     1.59693 1.87622e-05
        1180     1.59669     1.59693 1.87473e-05
        1181     1.59778     1.59693 1.87453e-05
        1182     1.59645     1.59693 1.87338e-05
        1183     1.59726     1.59693 1.87201e-05
        1184     1.59666     1.59693 1.87056e-05
        1185      1.5969     1.59693 1.86898e-05
        1186     1.59704     1.59693 1.86743e-05
        1187     1.59697     1.59693 1.86586e-05
        1188     1.59722     1.59693 1.86446e-05
        1189     1.59707     1.59693 1.86293e-05
        1190     1.59709     1.59693 1.86142e-05
        1191     1.59769     1.59693 1.86096e-05
        1192       1.597     1.59693  1.8594e-05
        1193     1.59744     1.59693 1.85834e-05
        1194     1.59735     1.59693 1.85712e-05
        1195     1.59698     1.59693 1.85557e-05
        1196     1.59735     1.59693 1.85436e-05
        1197      1.5971     1.59693 1.85287e-05
        1198     1.59738     1.59693 1.85171e-05
        1199     1.59685     1.59693 1.85018e-05
        1200     1.59708     1.59693 1.84868e-05
        1201     1.59703     1.59693 1.84716e-05
        1202     1.59722     1.59693 1.84578e-05
        1203     1.59707     1.59693 1.84428e-05
        1204     1.59683     1.59693 1.84277e-05
        1205     1.59677     1.59693 1.84128e-05
        1206     1.59702     1.59693 1.83977e-05
        1207     1.59706     1.59693 1.83828e-05
        1208     1.59735     1.59693  1.8371e-05
        1209     1.59678     1.59693 1.83562e-05
        1210      1.5972     1.59693 1.83423e-05
        1211     1.59696     1.59693 1.83272e-05
        1212     1.59683     1.59693 1.83123e-05
        1213     1.59727     1.59693 1.82993e-05
        1214      1.5966     1.59693 1.82862e-05
        1215     1.59706     1.59693 1.82715e-05
        1216     1.59675     1.59693 1.82571e-05
        1217     1.59735     1.59693 1.82454e-05
        1218     1.59706     1.59693 1.82307e-05
        1219     1.59702     1.59693 1.82159e-05
        1220     1.59737     1.59693 1.82046e-05
        1221      1.5967     1.59693 1.81906e-05
        1222     1.59725     1.59693 1.81776e-05
        1223     1.59683     1.59693 1.81629e-05
        1224     1.59715     1.59693 1.81489e-05
        1225     1.59674     1.59693 1.81348e-05
        1226     1.59723     1.59693 1.81216e-05
        1227     1.59662     1.59693 1.81086e-05
        1228     1.59792     1.59693 1.81117e-05
        1229     1.59624     1.59693 1.81056e-05
        1230     1.59691     1.59693 1.80909e-05
        1231      1.5975     1.59693 1.80821e-05
        1232     1.59689     1.59693 1.80675e-05
        1233     1.59657     1.59693 1.80552e-05
        1234     1.59692     1.59693 1.80406e-05
        1235     1.59728     1.59693 1.80282e-05
        1236     1.59668     1.59693 1.80148e-05
        1237     1.59752     1.59693 1.80066e-05
        1238     1.59679     1.59693 1.79924e-05
        1239     1.59712     1.59693 1.79786e-05
        1240     1.59711     1.59693 1.79646e-05
        1241     1.59679     1.59693 1.79505e-05
        1242     1.59681     1.59693 1.79364e-05
        1243     1.59695     1.59693 1.79219e-05
        1244     1.59709     1.59693  1.7908e-05
        1245     1.59705     1.59693 1.78938e-05
        1246     1.59679     1.59693 1.78799e-05
        1247     1.59679     1.59693 1.78659e-05
        1248     1.59698     1.59693 1.78516e-05
        1249     1.59777     1.59693 1.78501e-05
        1250     1.59683     1.59693  1.7836e-05
        1251     1.59615     1.59693 1.78327e-05
        1252     1.59768     1.59693 1.78286e-05
        1253     1.59641     1.59693 1.78193e-05
        1254     1.59768     1.59693 1.78152e-05
        1255     1.59714     1.59693 1.78017e-05
        1256     1.59721     1.59693 1.77889e-05
        1257      1.5975     1.59693 1.77804e-05
        1258     1.59711     1.59693 1.77669e-05
        1259     1.59692     1.59693 1.77528e-05
        1260     1.59712     1.59693 1.77393e-05
        1261     1.59694     1.59693 1.77252e-05
        1262     1.59695     1.59693 1.77112e-05
        1263     1.59696     1.59693 1.76971e-05
        1264     1.59715     1.59693  1.7684e-05
        1265     1.59659     1.59693  1.7672e-05
        1266     1.59704     1.59693 1.76583e-05
        1267     1.59762     1.59693 1.76527e-05
        1268     1.59704     1.59693 1.76389e-05
        1269      1.5964     1.59693 1.76301e-05
        1270     1.59754     1.59693 1.76227e-05
        1271       1.597     1.59693  1.7609e-05
        1272     1.59706     1.59693 1.75954e-05
        1273     1.59741     1.59693 1.75856e-05
        1274       1.597     1.59693 1.75718e-05
        1275     1.59677     1.59693 1.75585e-05
        1276     1.59744     1.59693 1.75493e-05
        1277     1.59644     1.59693 1.75399e-05
        1278     1.59758     1.59693 1.75334e-05
        1279      1.5966     1.59693 1.75217e-05
        1280     1.59697     1.59693  1.7508e-05
        1281     1.59713     1.59693  1.7495e-05
        1282     1.59696     1.59693 1.74814e-05
        1283     1.59695     1.59693 1.74678e-05
        1284     1.59747     1.59694 1.74592e-05
        1285     1.59642     1.59693 1.74502e-05
        1286     1.59755     1.59694 1.74432e-05
        1287     1.59693     1.59694 1.74297e-05
        1288     1.59698     1.59694 1.74162e-05
        1289     1.59766     1.59694 1.74118e-05
        1290     1.59679     1.59694 1.73987e-05
        1291     1.59706     1.59694 1.73855e-05
        1292      1.5971     1.59694 1.73725e-05
        1293     1.59709     1.59694 1.73595e-05
        1294     1.59702     1.59694 1.73462e-05
        1295     1.59666     1.59694 1.73341e-05
        1296     1.59697     1.59694 1.73208e-05
        1297     1.59681     1.59694 1.73077e-05
        1298     1.59662     1.59694 1.72961e-05
        1299     1.59779     1.59694 1.72953e-05
        1300     1.59679     1.59694 1.72823e-05
        1301     1.59634     1.59694 1.72752e-05
        1302       1.597     1.59694  1.7262e-05
        1303     1.59691     1.59694 1.72488e-05
        1304     1.59723     1.59694  1.7237e-05
        1305     1.59706     1.59694 1.72241e-05
        1306     1.59738     1.59694 1.72142e-05
        1307     1.59676     1.59694 1.72016e-05
        1308     1.59775     1.59694 1.71997e-05
        1309     1.59628     1.59694 1.71939e-05
        1310     1.59783     1.59694 1.71944e-05
        1311     1.59611     1.59694 1.71928e-05
        1312     1.59715     1.59694 1.71805e-05
        1313      1.5968     1.59694 1.71678e-05
        1314     1.59672     1.59694 1.71555e-05
        1315      1.5968     1.59694 1.71427e-05
        1316     1.59691     1.59694 1.71297e-05
        1317     1.59689     1.59694 1.71167e-05
        1318     1.59744     1.59694 1.71079e-05
        1319     1.59647     1.59694 1.70986e-05
        1320     1.59736     1.59694 1.70886e-05
        1321     1.59714     1.59694 1.70763e-05
        1322     1.59713     1.59694  1.7064e-05
        1323     1.59696     1.59694 1.70511e-05
        1324     1.59775     1.59694 1.70494e-05
        1325     1.59674     1.59694 1.70372e-05
        1326     1.59651     1.59694 1.70274e-05
        1327     1.59684     1.59694 1.70147e-05
        1328     1.59678     1.59694 1.70023e-05
        1329     1.59688     1.59694 1.69896e-05
        1330     1.59667     1.59694  1.6978e-05
        1331     1.59721     1.59694 1.69665e-05
        1332     1.59646     1.59694 1.69575e-05
        1333     1.59736     1.59694 1.69477e-05
        1334     1.59698     1.59694 1.69351e-05
        1335     1.59704     1.59694 1.69226e-05
        1336     1.59699     1.59694   1.691e-05
        1337     1.59712     1.59694 1.68979e-05
        1338     1.59699     1.59694 1.68853e-05
        1339     1.59703     1.59694 1.68728e-05
        1340     1.59669     1.59694 1.68612e-05
        1341     1.59673     1.59694 1.68494e-05
        1342      1.5978     1.59694  1.6849e-05
        1343     1.59596     1.59694 1.68522e-05
        1344     1.59708     1.59694   1.684e-05
        1345      1.5971     1.59694  1.6828e-05
        1346     1.59649     1.59694 1.68187e-05
        1347     1.59741     1.59694 1.68098e-05
        1348     1.59663     1.59694 1.67989e-05
        1349     1.59692     1.59694 1.67865e-05
        1350     1.59655     1.59694 1.67765e-05
        1351      1.5969     1.59694 1.67641e-05
        1352     1.59629     1.59694 1.67585e-05
        1353     1.59792     1.59694  1.6762e-05
        1354     1.59566     1.59694 1.67759e-05
        1355     1.59769     1.59694 1.67727e-05
        1356     1.59668     1.59694 1.67614e-05
        1357     1.59706     1.59694 1.67494e-05
        1358      1.5966     1.59694 1.67389e-05
        1359      1.5975     1.59694 1.67317e-05
        1360     1.59651     1.59694 1.67223e-05
        1361     1.59675     1.59694 1.67106e-05
        1362     1.59774     1.59694 1.67087e-05
        1363     1.59692     1.59694 1.66965e-05
        1364     1.59778     1.59694 1.66958e-05
        1365     1.59644     1.59694 1.66875e-05
        1366     1.59709     1.59694 1.66757e-05
        1367      1.5968     1.59694 1.66638e-05
        1368     1.59695     1.59694 1.66516e-05
        1369      1.5966     1.59694 1.66412e-05
        1370     1.59722     1.59694 1.66303e-05
        1371     1.59695     1.59694 1.66182e-05
        1372     1.59706     1.59694 1.66063e-05
        1373     1.59692     1.59694 1.65942e-05
        1374     1.59717     1.59694 1.65831e-05
        1375     1.59676     1.59694 1.65715e-05
        1376     1.59732     1.59694 1.65618e-05
        1377     1.59727     1.59694 1.65516e-05
        1378     1.59703     1.59694 1.65397e-05
        1379     1.59686     1.59694 1.65278e-05
        1380     1.59697     1.59694 1.65158e-05
        1381       1.598     1.59694 1.65218e-05
        1382     1.59637     1.59694 1.65149e-05
        1383     1.59773     1.59694 1.65128e-05
        1384     1.59687     1.59694  1.6501e-05
        1385     1.59681     1.59694 1.64893e-05
        1386     1.59707     1.59694 1.64777e-05
        1387     1.59743     1.59694 1.64695e-05
        1388     1.59723     1.59694  1.6459e-05
        1389     1.59697     1.59694 1.64472e-05
        1390      1.5977     1.59694 1.64446e-05
        1391     1.59659     1.59694 1.64347e-05
        1392     1.59725     1.59694 1.64244e-05
        1393     1.59655     1.59694  1.6415e-05
        1394     1.59688     1.59694 1.64033e-05
        1395     1.59751     1.59694 1.63966e-05
        1396      1.5964     1.59694 1.63894e-05
        1397     1.59779     1.59694 1.63891e-05
        1398     1.59654     1.59694 1.63799e-05
        1399     1.59742     1.59694 1.63717e-05
        1400     1.59683     1.59694 1.63602e-05
        1401     1.59734     1.59694  1.6351e-05
        1402     1.59702     1.59694 1.63395e-05
        1403      1.5969     1.59694 1.63279e-05
        1404     1.59707     1.59694 1.63165e-05
        1405     1.59675     1.59694 1.63054e-05
        1406     1.59764     1.59694 1.63014e-05
        1407     1.59731     1.59694 1.62919e-05
        1408     1.59723     1.59694 1.62817e-05
        1409     1.59728     1.59694 1.62719e-05
        1410     1.59672     1.59694 1.62611e-05
        1411     1.59713     1.59694 1.62502e-05
        1412     1.59728     1.59694 1.62405e-05
        1413     1.59652     1.59694 1.62317e-05
        1414     1.59692     1.59694 1.62202e-05
        1415     1.59722     1.59694 1.62099e-05
        1416      1.5966     1.59694 1.62003e-05
        1417     1.59686     1.59694  1.6189e-05
        1418     1.59754     1.59694  1.6183e-05
        1419     1.59686     1.59694 1.61717e-05
        1420     1.59768     1.59694 1.61687e-05
        1421     1.59677     1.59694 1.61578e-05
        1422      1.5972     1.59694 1.61474e-05
        1423     1.59718     1.59694 1.61369e-05
        1424     1.59718     1.59694 1.61265e-05
        1425     1.59734     1.59694 1.61175e-05
        1426     1.59646     1.59694 1.61098e-05
        1427     1.59698     1.59694 1.60985e-05
        1428     1.59685     1.59694 1.60874e-05
        1429     1.59755     1.59694 1.60818e-05
        1430     1.59653     1.59694 1.60731e-05
        1431     1.59792     1.59694 1.60765e-05
        1432     1.59652     1.59694 1.60679e-05
        1433     1.59683     1.59694 1.60569e-05
        1434     1.59704     1.59694 1.60458e-05
        1435     1.59692     1.59694 1.60347e-05
        1436     1.59704     1.59694 1.60237e-05
        1437     1.59683     1.59694 1.60127e-05
        1438     1.59697     1.59694 1.60016e-05
        1439     1.59662     1.59694 1.59921e-05
        1440     1.59708     1.59694 1.59813e-05
        1441     1.59685     1.59694 1.59703e-05
        1442     1.59645     1.59694 1.59628e-05
        1443     1.59672     1.59694 1.59525e-05
        1444     1.59784     1.59694 1.59534e-05
        1445     1.59644     1.59694 1.59462e-05
        1446     1.59719     1.59694 1.59361e-05
        1447     1.59712     1.59694 1.59255e-05
        1448     1.59758     1.59694 1.59206e-05
        1449       1.597     1.59694 1.59096e-05
        1450     1.59695     1.59694 1.58987e-05
        1451     1.59717     1.59694 1.58885e-05
        1452     1.59661     1.59694 1.58792e-05
        1453     1.59735     1.59694 1.58708e-05
        1454     1.59695     1.59694 1.58598e-05
        1455     1.59723     1.59694 1.58502e-05
        1456     1.59653     1.59694 1.58419e-05
        1457     1.59698     1.59694  1.5831e-05
        1458     1.59727     1.59694 1.58218e-05
        1459     1.59676     1.59694 1.58114e-05
        1460     1.59723     1.59694 1.58018e-05
        1461     1.59718     1.59694 1.57918e-05
        1462      1.5968     1.59694 1.57813e-05
        1463     1.59759     1.59694 1.57766e-05
        1464     1.59689     1.59694 1.57659e-05
        1465     1.59673     1.59694 1.57558e-05
        1466     1.59708     1.59694 1.57454e-05
        1467     1.59706     1.59694 1.57349e-05
        1468     1.59701     1.59694 1.57242e-05
        1469     1.59721     1.59694 1.57146e-05
        1470     1.59664     1.59694 1.57052e-05
        1471     1.59684     1.59694 1.56947e-05
        1472     1.59674     1.59694 1.56847e-05
        1473     1.59634     1.59694 1.56794e-05
        1474     1.59726     1.59694 1.56703e-05
        1475     1.59614     1.59694 1.56691e-05
        1476     1.59713     1.59694  1.5659e-05
        1477     1.59678     1.59694 1.56488e-05
        1478     1.59707     1.59694 1.56385e-05
        1479      1.5969     1.59694 1.56279e-05
        1480     1.59641     1.59694 1.56215e-05
        1481       1.597     1.59694  1.5611e-05
        1482     1.59675     1.59694  1.5601e-05
        1483     1.59714     1.59694 1.55911e-05
        1484     1.59681     1.59694 1.55808e-05
        1485     1.59748     1.59694 1.55745e-05
        1486      1.5969     1.59694  1.5564e-05
        1487     1.59698     1.59694 1.55536e-05
        1488     1.59727     1.59694 1.55447e-05
        1489     1.59681     1.59694 1.55345e-05
        1490     1.59674     1.59694 1.55247e-05
        1491     1.59686     1.59694 1.55143e-05
        1492     1.59688     1.59694  1.5504e-05
        1493     1.59701     1.59694 1.54937e-05
        1494     1.59718     1.59694 1.54842e-05
        1495     1.59712     1.59694 1.54743e-05
        1496     1.59691     1.59694 1.54639e-05
        1497      1.5974     1.59694 1.54566e-05
        1498      1.5965     1.59694 1.54492e-05
        1499     1.59737     1.59694 1.54415e-05
        1500     1.59719     1.59694 1.54321e-05
        1501     1.59726     1.59694 1.54232e-05
        1502     1.59696     1.59694  1.5413e-05
        1503     1.59695     1.59694 1.54027e-05
        1504     1.59723     1.59694 1.53936e-05
        1505     1.59662     1.59694  1.5385e-05
        1506     1.59723     1.59694 1.53759e-05
        1507     1.59694     1.59694 1.53657e-05
        1508     1.59753     1.59694 1.53605e-05
        1509     1.59738     1.59694  1.5353e-05
        1510     1.59708     1.59694  1.5343e-05
        1511     1.59731     1.59695 1.53348e-05
        1512     1.59686     1.59694 1.53247e-05
        1513     1.59719     1.59695 1.53155e-05
        1514     1.59722     1.59695 1.53065e-05
        1515     1.59664     1.59695 1.52977e-05
        1516     1.59726     1.59695  1.5289e-05
        1517     1.59741     1.59695  1.5282e-05
        1518     1.59702     1.59695  1.5272e-05
        1519     1.59714     1.59695 1.52625e-05
        1520     1.59725     1.59695 1.52538e-05
        1521     1.59754     1.59695 1.52487e-05
        1522     1.59658     1.59695 1.52406e-05
        1523     1.59728     1.59695 1.52322e-05
        1524     1.59687     1.59695 1.52223e-05
        1525     1.59701     1.59695 1.52124e-05
        1526     1.59731     1.59695 1.52043e-05
        1527     1.59685     1.59695 1.51945e-05
        1528     1.59821     1.59695  1.5207e-05
        1529     1.59607     1.59695 1.52077e-05
        1530     1.59656     1.59695 1.51999e-05
        1531     1.59735     1.59695 1.51923e-05
        1532      1.5969     1.59695 1.51824e-05
        1533     1.59693     1.59695 1.51726e-05
        1534     1.59723     1.59695 1.51638e-05
        1535     1.59752     1.59695 1.51585e-05
        1536      1.5968     1.59695  1.5149e-05
        1537     1.59709     1.59695 1.51394e-05
        1538     1.59719     1.59695 1.51304e-05
        1539     1.59685     1.59695 1.51207e-05
        1540     1.59723     1.59695  1.5112e-05
        1541     1.59733     1.59695 1.51043e-05
        1542     1.59636     1.59695 1.50993e-05
        1543     1.59748     1.59695 1.50934e-05
        1544     1.59761     1.59695 1.50898e-05
        1545     1.59684     1.59695 1.50802e-05
        1546     1.59745     1.59695 1.50739e-05
        1547     1.59698     1.59695 1.50642e-05
        1548     1.59735     1.59695 1.50567e-05
        1549     1.59696     1.59695  1.5047e-05
        1550     1.59659     1.59695 1.50391e-05
        1551     1.59779     1.59695 1.50393e-05
        1552     1.59655     1.59695 1.50318e-05
        1553     1.59769     1.59695 1.50297e-05
        1554      1.5967     1.59695 1.50209e-05
        1555     1.59694     1.59695 1.50113e-05
        1556     1.59695     1.59695 1.50016e-05
        1557     1.59697     1.59695  1.4992e-05
        1558     1.59661     1.59695  1.4984e-05
        1559     1.59708     1.59695 1.49746e-05
        1560     1.59725     1.59695 1.49662e-05
        1561      1.5969     1.59695 1.49567e-05
        1562     1.59713     1.59695 1.49476e-05
        1563      1.5975     1.59695 1.49422e-05
        1564      1.5968     1.59695 1.49329e-05
        1565     1.59744     1.59695 1.49267e-05
        1566     1.59686     1.59695 1.49173e-05
        1567     1.59746     1.59695 1.49113e-05
        1568     1.59698     1.59695 1.49018e-05
        1569     1.59686     1.59695 1.48924e-05
        1570     1.59709     1.59695 1.48832e-05
        1571     1.59741     1.59695 1.48766e-05
        1572     1.59685     1.59695 1.48672e-05
        1573      1.5976     1.59695 1.48636e-05
        1574     1.59631     1.59695 1.48597e-05
        1575     1.59697     1.59695 1.48503e-05
        1576     1.59723     1.59695 1.48419e-05
        1577     1.59735     1.59695 1.48347e-05
        1578     1.59754     1.59695 1.48299e-05
        1579      1.5973     1.59695 1.48221e-05
        1580     1.59702     1.59695 1.48128e-05
        1581     1.59693     1.59695 1.48035e-05
        1582     1.59674     1.59695 1.47947e-05
        1583     1.59722     1.59695 1.47863e-05
        1584      1.5967     1.59695 1.47778e-05
        1585     1.59759     1.59695 1.47739e-05
        1586     1.59693     1.59695 1.47646e-05
        1587      1.5973     1.59695  1.4757e-05
        1588     1.59712     1.59695 1.47481e-05
        1589     1.59669     1.59695 1.47397e-05
        1590     1.59701     1.59695 1.47305e-05
        1591     1.59718     1.59695 1.47219e-05
        1592     1.59721     1.59695 1.47136e-05
        1593     1.59683     1.59695 1.47045e-05
        1594     1.59738     1.59695 1.46978e-05
        1595     1.59694     1.59695 1.46886e-05
        1596     1.59714     1.59695 1.46798e-05
        1597     1.59686     1.59695 1.46708e-05
        1598     1.59741     1.59695 1.46644e-05
        1599      1.5967     1.59695 1.46561e-05
        1600     1.59735     1.59695 1.46491e-05
        1601     1.59647     1.59695  1.4643e-05
        1602     1.59795     1.59695  1.4647e-05
        1603     1.59638     1.59695 1.46422e-05
        1604     1.59702     1.59695 1.46331e-05
        1605     1.59698     1.59695  1.4624e-05
        1606     1.59701     1.59695  1.4615e-05
        1607     1.59662     1.59695 1.46073e-05
        1608     1.59682     1.59695 1.45985e-05
        1609     1.59644     1.59695 1.45929e-05
        1610     1.59726     1.59695  1.4585e-05
        1611     1.59673     1.59695 1.45766e-05
        1612     1.59738     1.59695   1.457e-05
        1613     1.59682     1.59695 1.45612e-05
        1614     1.59717     1.59695 1.45528e-05
        1615     1.59727     1.59695 1.45452e-05
        1616     1.59678     1.59695 1.45366e-05
        1617     1.59731     1.59695 1.45292e-05
        1618      1.5968     1.59695 1.45206e-05
        1619      1.5971     1.59695 1.45118e-05
        1620     1.59686     1.59695  1.4503e-05
        1621     1.59688     1.59695 1.44941e-05
        1622     1.59683     1.59695 1.44854e-05
        1623     1.59675     1.59695  1.4477e-05
        1624      1.5971     1.59695 1.44684e-05
        1625     1.59679     1.59695 1.44598e-05
        1626     1.59691     1.59695 1.44509e-05
        1627     1.59707     1.59695 1.44422e-05
        1628     1.59717     1.59695  1.4434e-05
        1629     1.59658     1.59695 1.44269e-05
        1630     1.59756     1.59695 1.44229e-05
        1631     1.59694     1.59695 1.44141e-05
        1632     1.59553     1.59695 1.44314e-05
        1633     1.59693     1.59695 1.44226e-05
        1634     1.59692     1.59695 1.44138e-05
        1635     1.59721     1.59695 1.44058e-05
        1636     1.59716     1.59695 1.43976e-05
        1637     1.59736     1.59695  1.4391e-05
        1638     1.59658     1.59695  1.4384e-05
        1639     1.59685     1.59695 1.43753e-05
        1640     1.59732     1.59695 1.43684e-05
        1641     1.59652     1.59695  1.4362e-05
        1642     1.59709     1.59695 1.43535e-05
        1643     1.59704     1.59695 1.43449e-05
        1644     1.59646     1.59695 1.43393e-05
        1645     1.59739     1.59695 1.43331e-05
        1646     1.59644     1.59695 1.43278e-05
        1647     1.59723     1.59695 1.43201e-05
        1648     1.59686     1.59695 1.43115e-05
        1649     1.59694     1.59695 1.43028e-05
        1650     1.59744     1.59695 1.42972e-05
        1651     1.59698     1.59695 1.42885e-05
        1652     1.59762     1.59695 1.42857e-05
        1653     1.59675     1.59695 1.42775e-05
        1654     1.59696     1.59695 1.42689e-05
        1655     1.59696     1.59695 1.42603e-05
        1656     1.59695     1.59695 1.42517e-05
        1657     1.59698     1.59695 1.42431e-05
        1658     1.59745     1.59695 1.42377e-05
        1659     1.59677     1.59695 1.42295e-05
        1660     1.59709     1.59695 1.42212e-05
        1661     1.59731     1.59695 1.42142e-05
        1662     1.59682     1.59695 1.42059e-05
        1663     1.59733     1.59695 1.41992e-05
        1664      1.5967     1.59695 1.41915e-05
        1665     1.59708     1.59695 1.41832e-05
        1666     1.59705     1.59695 1.41748e-05
        1667     1.59746     1.59695 1.41695e-05
        1668     1.59714     1.59695 1.41615e-05
        1669     1.59681     1.59695 1.41532e-05
        1670     1.59732     1.59695 1.41465e-05
        1671     1.59714     1.59695 1.41385e-05
        1672     1.59689     1.59695 1.41301e-05
        1673     1.59714     1.59695 1.41221e-05
        1674     1.59688     1.59695 1.41137e-05
        1675     1.59676     1.59695 1.41058e-05
        1676     1.59716     1.59695 1.40979e-05
        1677      1.5967     1.59695 1.40903e-05
        1678     1.59704     1.59695  1.4082e-05
        1679     1.59723     1.59695 1.40746e-05
        1680     1.59733     1.59695  1.4068e-05
        1681     1.59692     1.59695 1.40596e-05
        1682     1.59746     1.59695 1.40545e-05
        1683     1.59696     1.59695 1.40462e-05
        1684     1.59743     1.59695 1.40406e-05
        1685      1.5966     1.59695 1.40339e-05
        1686     1.59737     1.59696 1.40277e-05
        1687     1.59683     1.59695 1.40196e-05
        1688     1.59696     1.59695 1.40113e-05
        1689     1.59706     1.59696 1.40031e-05
        1690     1.59699     1.59696 1.39949e-05
        1691     1.59723     1.59696 1.39875e-05
        1692     1.59701     1.59696 1.39793e-05
        1693     1.59696     1.59696  1.3971e-05
        1694     1.59709     1.59696  1.3963e-05
        1695     1.59695     1.59696 1.39548e-05
        1696     1.59681     1.59696 1.39468e-05
        1697     1.59726     1.59696 1.39397e-05
        1698     1.59718     1.59696 1.39322e-05
        1699     1.59696     1.59696  1.3924e-05
        1700     1.59722     1.59696 1.39166e-05
        1701      1.5971     1.59696 1.39087e-05
        1702     1.59704     1.59696 1.39006e-05
        1703     1.59723     1.59696 1.38934e-05
        1704     1.59667     1.59696 1.38863e-05
        1705     1.59745     1.59696 1.38812e-05
        1706     1.59757     1.59696 1.38777e-05
        1707     1.59685     1.59696 1.38697e-05
        1708     1.59776     1.59696 1.38695e-05
        1709     1.59686     1.59696 1.38615e-05
        1710     1.59704     1.59696 1.38535e-05
        1711     1.59674     1.59696  1.3846e-05
        1712     1.59719     1.59696 1.38386e-05
        1713     1.59686     1.59696 1.38306e-05
        1714     1.59682     1.59696 1.38228e-05
        1715     1.59703     1.59696 1.38148e-05
        1716     1.59756     1.59696 1.38112e-05
        1717     1.59652     1.59696 1.38055e-05
        1718     1.59705     1.59696 1.37976e-05
        1719     1.59746     1.59696 1.37927e-05
        1720     1.59665     1.59696 1.37858e-05
        1721     1.59719     1.59696 1.37785e-05
        1722     1.59657     1.59696 1.37723e-05
        1723     1.59771     1.59696 1.37713e-05
        1724     1.59644     1.59696 1.37666e-05
        1725     1.59721     1.59696 1.37594e-05
        1726     1.59685     1.59696 1.37515e-05
        1727     1.59696     1.59696 1.37436e-05
        1728     1.59706     1.59696 1.37357e-05
        1729     1.59714     1.59696 1.37282e-05
        1730     1.59631     1.59696 1.37254e-05
        1731     1.59706     1.59696 1.37176e-05
        1732     1.59668     1.59696 1.37106e-05
        1733     1.59689     1.59696 1.37028e-05
        1734     1.59716     1.59696 1.36953e-05
        1735     1.59701     1.59696 1.36875e-05
        1736     1.59733     1.59696 1.36813e-05
        1737     1.59763     1.59696 1.36789e-05
        1738     1.59667     1.59696  1.3672e-05
        1739     1.59699     1.59696 1.36641e-05
        1740     1.59716     1.59696 1.36568e-05
        1741     1.59662     1.59696 1.36503e-05
        1742     1.59696     1.59696 1.36425e-05
        1743     1.59665     1.59696 1.36358e-05
        1744     1.59705     1.59696 1.36281e-05
        1745     1.59679     1.59696 1.36206e-05
        1746     1.59771     1.59696 1.36196e-05
        1747     1.59736     1.59696 1.36138e-05
        1748     1.59631     1.59696  1.3611e-05
        1749     1.59689     1.59696 1.36032e-05
        1750     1.59681     1.59696 1.35957e-05
        1751     1.59734     1.59696 1.35897e-05
        1752     1.59656     1.59696 1.35839e-05
        1753     1.59694     1.59696 1.35761e-05
        1754     1.59721     1.59696 1.35691e-05
        1755     1.59689     1.59696 1.35614e-05
        1756     1.59659     1.59696 1.35553e-05
        1757     1.59723     1.59696 1.35485e-05
        1758     1.59667     1.59696 1.35418e-05
        1759     1.59701     1.59696 1.35341e-05
        1760     1.59728     1.59696 1.35276e-05
        1761     1.59724     1.59696 1.35209e-05
        1762     1.59694     1.59696 1.35132e-05
        1763     1.59691     1.59696 1.35056e-05
        1764     1.59699     1.59696  1.3498e-05
        1765     1.59682     1.59696 1.34905e-05
        1766     1.59694     1.59696 1.34829e-05
        1767     1.59712     1.59696 1.34756e-05
        1768     1.59682     1.59696 1.34682e-05
        1769     1.59697     1.59696 1.34606e-05
        1770     1.59686     1.59696 1.34531e-05
        1771     1.59707     1.59696 1.34457e-05
        1772     1.59705     1.59696 1.34382e-05
        1773     1.59684     1.59696 1.34308e-05
        1774     1.59736     1.59696 1.34251e-05
        1775     1.59725     1.59696 1.34185e-05
        1776     1.59711     1.59696 1.34112e-05
        1777     1.59737     1.59696 1.34056e-05
        1778     1.59729     1.59696 1.33994e-05
        1779     1.59738     1.59696  1.3394e-05
        1780     1.59689     1.59696 1.33865e-05
        1781     1.59708     1.59696 1.33792e-05
        1782     1.59671     1.59696 1.33724e-05
        1783     1.59669     1.59696 1.33657e-05
        1784     1.59747     1.59696 1.33614e-05
        1785     1.59672     1.59696 1.33545e-05
        1786     1.59685     1.59696 1.33472e-05
        1787     1.59704     1.59696 1.33398e-05
        1788     1.59674     1.59696 1.33329e-05
        1789     1.59713     1.59696 1.33258e-05
        1790     1.59722     1.59696 1.33191e-05
        1791     1.59705     1.59696 1.33118e-05
        1792     1.59716     1.59696 1.33048e-05
        1793       1.597     1.59696 1.32974e-05
        1794     1.59692     1.59696   1.329e-05
        1795      1.5972     1.59696 1.32833e-05
        1796     1.59672     1.59696 1.32766e-05
        1797     1.59672     1.59696 1.32699e-05
        1798     1.59705     1.59696 1.32626e-05
        1799     1.59724     1.59696 1.32561e-05
        1800     1.59627     1.59696 1.32542e-05
        1801     1.59721     1.59696 1.32476e-05
        1802      1.5973     1.59696 1.32416e-05
        1803     1.59725     1.59696 1.32352e-05
        1804     1.59703     1.59696 1.32279e-05
        1805     1.59733     1.59696 1.32222e-05
        1806     1.59683     1.59696  1.3215e-05
        1807      1.5974     1.59696   1.321e-05
        1808     1.59705     1.59696 1.32028e-05
        1809     1.59731     1.59696 1.31969e-05
        1810     1.59694     1.59696 1.31897e-05
        1811     1.59733     1.59696  1.3184e-05
        1812     1.59696     1.59696 1.31767e-05
        1813     1.59709     1.59696 1.31696e-05
        1814     1.59712     1.59696 1.31627e-05
        1815     1.59703     1.59696 1.31555e-05
        1816     1.59732     1.59696 1.31497e-05
        1817     1.59679     1.59696 1.31428e-05
        1818     1.59701     1.59696 1.31356e-05
        1819     1.59691     1.59696 1.31284e-05
        1820      1.5968     1.59696 1.31215e-05
        1821     1.59676     1.59696 1.31148e-05
        1822     1.59666     1.59696 1.31086e-05
        1823     1.59688     1.59696 1.31015e-05
        1824     1.59752     1.59696 1.30979e-05
        1825     1.59727     1.59696 1.30918e-05
        1826     1.59711     1.59696 1.30849e-05
        1827     1.59728     1.59696 1.30789e-05
        1828     1.59715     1.59696 1.30722e-05
        1829     1.59715     1.59696 1.30654e-05
        1830     1.59733     1.59696 1.30599e-05
        1831      1.5967     1.59696 1.30535e-05
        1832     1.59715     1.59696 1.30468e-05
        1833     1.59689     1.59696 1.30397e-05
        1834     1.59715     1.59696  1.3033e-05
        1835     1.59713     1.59696 1.30263e-05
        1836      1.5975     1.59696 1.30225e-05
        1837     1.59712     1.59696 1.30157e-05
        1838      1.5963     1.59696 1.30136e-05
        1839     1.59719     1.59696 1.30071e-05
        1840      1.5973     1.59696 1.30013e-05
        1841     1.59755     1.59696 1.29982e-05
        1842     1.59667     1.59696 1.29921e-05
        1843     1.59733     1.59696 1.29866e-05
        1844     1.59739     1.59696 1.29816e-05
        1845     1.59696     1.59696 1.29746e-05
        1846     1.59717     1.59696 1.29681e-05
        1847     1.59679     1.59696 1.29614e-05
        1848     1.59727     1.59696 1.29555e-05
        1849     1.59683     1.59696 1.29487e-05
        1850      1.5974     1.59696 1.29439e-05
        1851     1.59676     1.59696 1.29373e-05
        1852     1.59712     1.59696 1.29306e-05
        1853     1.59708     1.59696 1.29238e-05
        1854     1.59709     1.59696  1.2917e-05
        1855     1.59685     1.59696 1.29102e-05
        1856     1.59756     1.59696 1.29073e-05
        1857     1.59653     1.59696 1.29025e-05
        1858     1.59722     1.59696 1.28963e-05
        1859     1.59665     1.59696 1.28905e-05
        1860     1.59761     1.59696 1.28883e-05
        1861     1.59699     1.59696 1.28814e-05
        1862     1.59671     1.59696 1.28752e-05
        1863     1.59727     1.59696 1.28693e-05
        1864     1.59701     1.59696 1.28625e-05
        1865      1.5972     1.59696 1.28562e-05
        1866      1.5969     1.59696 1.28494e-05
        1867     1.59716     1.59696 1.28429e-05
        1868     1.59739     1.59696 1.28381e-05
        1869     1.59691     1.59696 1.28313e-05
        1870      1.5971     1.59696 1.28246e-05
        1871     1.59638     1.59696 1.28215e-05
        1872     1.59703     1.59696 1.28147e-05
        1873     1.59669     1.59696 1.28087e-05
        1874     1.59714     1.59696 1.28022e-05
        1875     1.59727     1.59696 1.27964e-05
        1876     1.59687     1.59696 1.27897e-05
        1877       1.597     1.59696 1.27829e-05
        1878     1.59731     1.59696 1.27775e-05
        1879     1.59688     1.59696 1.27707e-05
        1880     1.59716     1.59696 1.27644e-05
        1881     1.59681     1.59696 1.27579e-05
        1882      1.5972     1.59696 1.27517e-05
        1883     1.59677     1.59696 1.27453e-05
        1884     1.59673     1.59696 1.27392e-05
        1885     1.59689     1.59696 1.27325e-05
        1886     1.59742     1.59696  1.2728e-05
        1887     1.59657     1.59696  1.2723e-05
        1888     1.59724     1.59696 1.27171e-05
        1889     1.59728     1.59696 1.27115e-05
        1890     1.59657     1.59696 1.27065e-05
        1891     1.59727     1.59696 1.27008e-05
        1892     1.59682     1.59696 1.26943e-05
        1893     1.59733     1.59696 1.26891e-05
        1894     1.59674     1.59696 1.26829e-05
        1895     1.59648     1.59696 1.26788e-05
        1896     1.59695     1.59696 1.26721e-05
        1897     1.59724     1.59696 1.26662e-05
        1898     1.59663     1.59696 1.26608e-05
        1899     1.59775     1.59696 1.26609e-05
        1900     1.59721     1.59696 1.26549e-05
        1901     1.59628     1.59696 1.26533e-05
        1902     1.59718     1.59696 1.26472e-05
        1903     1.59767     1.59696 1.26459e-05
        1904     1.59658     1.59696 1.26409e-05
        1905      1.5977     1.59696 1.26402e-05
        1906     1.59698     1.59696 1.26336e-05
        1907     1.59761     1.59696 1.26315e-05
        1908     1.59725     1.59696 1.26257e-05
        1909     1.59743     1.59696 1.26215e-05
        1910     1.59718     1.59696 1.26154e-05
        1911     1.59767     1.59697 1.26142e-05
        1912     1.59673     1.59697 1.26082e-05
        1913     1.59722     1.59697 1.26023e-05
        1914     1.59671     1.59697 1.25964e-05
        1915     1.59718     1.59697 1.25903e-05
        1916     1.59691     1.59697 1.25838e-05
        1917     1.59685     1.59697 1.25774e-05
        1918      1.5972     1.59697 1.25714e-05
        1919     1.59632     1.59696 1.25694e-05
        1920     1.59763     1.59697 1.25676e-05
        1921     1.59664     1.59696 1.25622e-05
        1922     1.59717     1.59697 1.25561e-05
        1923     1.59722     1.59697 1.25503e-05
        1924     1.59712     1.59697  1.2544e-05
        1925     1.59684     1.59697 1.25377e-05
        1926     1.59713     1.59697 1.25315e-05
        1927     1.59675     1.59697 1.25255e-05
        1928     1.59704     1.59697  1.2519e-05
        1929     1.59723     1.59697 1.25133e-05
        1930     1.59658     1.59697 1.25084e-05
        1931     1.59748     1.59697 1.25048e-05
        1932     1.59702     1.59697 1.24983e-05
        1933      1.5971     1.59697 1.24921e-05
        1934     1.59661     1.59697 1.24869e-05
        1935     1.59718     1.59697 1.24809e-05
        1936     1.59704     1.59697 1.24746e-05
        1937     1.59671     1.59697 1.24688e-05
        1938     1.59673     1.59697  1.2463e-05
        1939     1.59716     1.59697 1.24569e-05
        1940      1.5969     1.59697 1.24506e-05
        1941     1.59717     1.59697 1.24446e-05
        1942     1.59662     1.59697 1.24395e-05
        1943     1.59739     1.59697  1.2435e-05
        1944     1.59689     1.59697 1.24287e-05
        1945     1.59731     1.59697 1.24235e-05
        1946     1.59659     1.59697 1.24186e-05
        1947     1.59745     1.59697 1.24147e-05
        1948     1.59656     1.59697 1.24101e-05
        1949     1.59698     1.59697 1.24037e-05
        1950      1.5972     1.59697 1.23979e-05
        1951     1.59655     1.59697 1.23934e-05
        1952     1.59674     1.59697 1.23876e-05
        1953     1.59684     1.59697 1.23814e-05
        1954     1.59727     1.59697  1.2376e-05
        1955     1.59695     1.59697 1.23697e-05
        1956     1.59661     1.59697 1.23647e-05
        1957     1.59682     1.59697 1.23586e-05
        1958     1.59682     1.59697 1.23525e-05
        1959     1.59679     1.59696 1.23466e-05
        1960     1.59654     1.59696 1.23421e-05
        1961     1.59691     1.59696 1.23359e-05
        1962     1.59677     1.59696   1.233e-05
        1963     1.59711     1.59696 1.23239e-05
        1964     1.59659     1.59696 1.23191e-05
        1965     1.59706     1.59696 1.23129e-05
        1966     1.59683     1.59696 1.23068e-05
        1967     1.59691     1.59696 1.23006e-05
        1968     1.59707     1.59696 1.22945e-05
        1969     1.59686     1.59696 1.22883e-05
        1970     1.59709     1.59696 1.22823e-05
        1971     1.59692     1.59696 1.22761e-05
        1972     1.59724     1.59696 1.22706e-05
        1973      1.5969     1.59696 1.22644e-05
        1974     1.59736     1.59696 1.22599e-05
        1975     1.59742     1.59697 1.22558e-05
        1976     1.59696     1.59697 1.22496e-05
        1977     1.59749     1.59697 1.22463e-05
        1978     1.59663     1.59697 1.22412e-05
        1979     1.59715     1.59697 1.22354e-05
        1980     1.59685     1.59697 1.22294e-05
        1981     1.59696     1.59697 1.22232e-05
        1982     1.59663     1.59696 1.22182e-05
        1983     1.59772     1.59697  1.2218e-05
        1984     1.59655     1.59697 1.22136e-05
        1985     1.59768     1.59697 1.22128e-05
        1986     1.59659     1.59697 1.22081e-05
        1987     1.59698     1.59697 1.22019e-05
        1988     1.59717     1.59697 1.21962e-05
        1989     1.59712     1.59697 1.21904e-05
        1990     1.59659     1.59697 1.21857e-05
        1991     1.59715     1.59697 1.21799e-05
        1992     1.59655     1.59697 1.21756e-05
        1993     1.59707     1.59697 1.21696e-05
        1994     1.59691     1.59697 1.21635e-05
        1995     1.59679     1.59697 1.21577e-05
        1996     1.59705     1.59697 1.21517e-05
        1997     1.59715     1.59697  1.2146e-05
        1998     1.59678     1.59697 1.21402e-05
        1999     1.59729     1.59697 1.21353e-05
        2000     1.59693     1.59697 1.21292e-05
