#     BLOCK:   ACTUAL_TE:    TE_AVE:      ERROR:
           1     1.58796     1.58796           0
           2     1.59405       1.591  0.00215439
           3     1.58821     1.59007  0.00162518
           4     1.59216     1.59059  0.00129978
           5     1.59297     1.59107  0.00112365
           6     1.59085     1.59103 0.000936944
           7     1.59512     1.59162 0.000968303
           8     1.59186     1.59165 0.000847744
           9     1.59387     1.59189  0.00078876
          10     1.59469     1.59217 0.000757882
          11     1.59409     1.59235 0.000708624
          12     1.59412      1.5925   0.0006648
          13     1.59478     1.59267 0.000636422
          14     1.59509     1.59284 0.000614044
          15     1.59518       1.593  0.00059253
          16     1.59569     1.59317 0.000578827
          17     1.59516     1.59329 0.000556551
          18     1.59606     1.59344  0.00054654
          19     1.59575     1.59356 0.000531145
          20     1.59623     1.59369 0.000521107
          21     1.59565     1.59379 0.000504562
          22     1.59592     1.59388 0.000490814
          23     1.59601     1.59398 0.000478059
          24     1.59558     1.59404 0.000462778
          25     1.59624     1.59413 0.000452539
          26     1.59607     1.59421 0.000441242
          27     1.59608     1.59428 0.000430312
          28     1.59589     1.59433 0.000418812
          29     1.59695     1.59442 0.000413999
          30      1.5956     1.59446 0.000402059
          31     1.59616     1.59452 0.000392812
          32      1.5963     1.59457 0.000384473
          33     1.59654     1.59463 0.000377389
          34     1.59667     1.59469 0.000371011
          35     1.59618     1.59474 0.000362832
          36     1.59665     1.59479 0.000356623
          37     1.59603     1.59482 0.000348565
          38     1.59575     1.59485 0.000340247
          39     1.59637     1.59489 0.000333746
          40     1.59654     1.59493 0.000327947
          41     1.59624     1.59496 0.000321512
          42     1.59613     1.59499 0.000315064
          43     1.59743     1.59504 0.000312817
          44     1.59591     1.59506 0.000306321
          45     1.59677      1.5951 0.000301846
          46     1.59652     1.59513 0.000296867
          47     1.59637     1.59516 0.000291723
          48     1.59642     1.59518 0.000286835
          49     1.59691     1.59522 0.000283146
          50     1.59618     1.59524 0.000278127
          51     1.59662     1.59527 0.000273984
          52     1.59703      1.5953 0.000270806
          53     1.59653     1.59532 0.000266685
          54     1.59657     1.59535  0.00026275
          55     1.59712     1.59538 0.000259947
          56     1.59648      1.5954 0.000256047
          57      1.5968     1.59542 0.000252728
          58     1.59646     1.59544 0.000248999
          59     1.59667     1.59546 0.000245649
          60     1.59608     1.59547 0.000241775
          61     1.59735      1.5955 0.000239756
          62     1.59625     1.59551 0.000236195
          63     1.59689     1.59554 0.000233448
          64     1.59683     1.59556 0.000230677
          65      1.5973     1.59558 0.000228687
          66     1.59623     1.59559 0.000225433
          67     1.59684     1.59561 0.000222835
          68     1.59677     1.59563 0.000220206
          69     1.59652     1.59564 0.000217391
          70     1.59765     1.59567  0.00021617
          71     1.59647     1.59568 0.000213422
          72      1.5967      1.5957 0.000210928
          73     1.59673     1.59571 0.000208514
          74     1.59705     1.59573 0.000206477
          75     1.59743     1.59575 0.000204962
          76      1.5969     1.59577 0.000202823
          77     1.59684     1.59578 0.000200666
          78     1.59695      1.5958 0.000198657
          79     1.59723     1.59581 0.000196965
          80     1.59661     1.59582 0.000194754
          81     1.59749     1.59584 0.000193435
          82     1.59679     1.59586 0.000191421
          83     1.59679     1.59587 0.000189448
          84      1.5972     1.59588  0.00018786
          85     1.59647     1.59589 0.000185777
          86     1.59696      1.5959  0.00018403
          87      1.5971     1.59592 0.000182429
          88     1.59671     1.59592 0.000180581
          89     1.59774     1.59595 0.000179706
          90     1.59667     1.59595 0.000177892
          91     1.59708     1.59597 0.000176369
          92     1.59681     1.59597 0.000174692
          93     1.59736     1.59599 0.000173447
          94      1.5967       1.596 0.000171766
          95     1.59703     1.59601 0.000170303
          96     1.59723     1.59602 0.000169007
          97     1.59706     1.59603 0.000167602
          98      1.5975     1.59605 0.000166557
          99     1.59698     1.59606 0.000165141
         100     1.59684     1.59606 0.000163676
         101     1.59716     1.59607 0.000162413
         102     1.59674     1.59608 0.000160951
         103     1.59694     1.59609 0.000159607
         104     1.59652     1.59609 0.000158126
         105     1.59767     1.59611 0.000157327
         106       1.596     1.59611 0.000155846
         107     1.59721     1.59612  0.00015473
         108     1.59671     1.59612 0.000153393
         109     1.59651     1.59613 0.000152026
         110      1.5971     1.59614   0.0001509
         111      1.5972     1.59615 0.000149846
         112     1.59626     1.59615 0.000148512
         113      1.5973     1.59616 0.000147547
         114     1.59687     1.59616 0.000146384
         115     1.59756     1.59617 0.000145612
         116     1.59624     1.59618 0.000144357
         117     1.59723     1.59618 0.000143406
         118     1.59693     1.59619 0.000142331
         119     1.59685      1.5962 0.000141244
         120     1.59685      1.5962 0.000140171
         121     1.59701     1.59621  0.00013917
         122      1.5967     1.59621 0.000138089
         123     1.59677     1.59622  0.00013704
         124     1.59676     1.59622 0.000136005
         125     1.59684     1.59623 0.000135006
         126     1.59636     1.59623 0.000133939
         127     1.59707     1.59623 0.000133048
         128      1.5977     1.59625   0.0001325
         129     1.59621     1.59625 0.000131473
         130     1.59684     1.59625  0.00013054
         131     1.59687     1.59625  0.00012963
         132     1.59668     1.59626 0.000128688
         133     1.59708     1.59626 0.000127868
         134     1.59695     1.59627 0.000127016
         135     1.59697     1.59627 0.000126183
         136     1.59657     1.59628 0.000125274
         137     1.59685     1.59628 0.000124431
         138     1.59665     1.59628 0.000123558
         139     1.59714     1.59629 0.000122823
         140     1.59647     1.59629 0.000121952
         141     1.59714      1.5963 0.000121238
         142     1.59658      1.5963   0.0001204
         143     1.59683      1.5963 0.000119616
         144     1.59644      1.5963 0.000118789
         145     1.59639      1.5963 0.000117971
         146     1.59732     1.59631 0.000117368
         147     1.59621     1.59631 0.000116571
         148     1.59665     1.59631 0.000115806
         149     1.59697     1.59632 0.000115113
         150     1.59658     1.59632 0.000114359
         151     1.59681     1.59632 0.000113647
         152     1.59672     1.59632  0.00011293
         153     1.59727     1.59633 0.000112361
         154     1.59616     1.59633 0.000111637
         155     1.59681     1.59633  0.00011096
         156     1.59654     1.59633 0.000110257
         157     1.59731     1.59634 0.000109729
         158     1.59685     1.59634 0.000109081
         159     1.59731     1.59635 0.000108563
         160     1.59677     1.59635 0.000107916
         161     1.59639     1.59635 0.000107246
         162     1.59681     1.59636 0.000106622
         163     1.59679     1.59636 0.000106001
         164     1.59799     1.59637 0.000105819
         165     1.59625     1.59637  0.00010518
         166     1.59672     1.59637 0.000104568
         167     1.59725     1.59637 0.000104076
         168     1.59649     1.59638 0.000103458
         169     1.59642     1.59638 0.000102847
         170     1.59704     1.59638 0.000102315
         171     1.59679     1.59638 0.000101745
         172     1.59727     1.59639 0.000101284
         173     1.59638     1.59639 0.000100699
         174     1.59687     1.59639 0.000100158
         175     1.59662     1.59639 9.95946e-05
         176     1.59713      1.5964 9.91176e-05
         177     1.59678      1.5964 9.85813e-05
         178     1.59684      1.5964 9.80583e-05
         179     1.59686      1.5964 9.75435e-05
         180     1.59653      1.5964 9.70042e-05
         181     1.59699     1.59641 9.65226e-05
         182     1.59678     1.59641 9.60139e-05
         183     1.59675     1.59641 9.55073e-05
         184     1.59742     1.59642 9.51456e-05
         185     1.59593     1.59641 9.46672e-05
         186      1.5968     1.59642 9.41813e-05
         187     1.59702     1.59642 9.37324e-05
         188     1.59706     1.59642 9.32954e-05
         189     1.59686     1.59642   9.283e-05
         190     1.59651     1.59642 9.23424e-05
         191     1.59727     1.59643 9.19644e-05
         192     1.59693     1.59643 9.15231e-05
         193     1.59687     1.59643 9.10767e-05
         194     1.59775     1.59644 9.08595e-05
         195     1.59565     1.59644 9.04847e-05
         196     1.59719     1.59644 9.01039e-05
         197      1.5964     1.59644 8.96467e-05
         198     1.59709     1.59644 8.92534e-05
         199     1.59708     1.59645 8.88622e-05
         200     1.59683     1.59645  8.8439e-05
         201     1.59719     1.59645 8.80751e-05
         202     1.59619     1.59645 8.76487e-05
         203     1.59743     1.59646   8.735e-05
         204     1.59619     1.59645 8.69314e-05
         205     1.59687     1.59646 8.65307e-05
         206      1.5972     1.59646 8.61859e-05
         207     1.59665     1.59646 8.57742e-05
         208     1.59674     1.59646 8.53723e-05
         209     1.59742     1.59647 8.50867e-05
         210      1.5961     1.59647    8.47e-05
         211     1.59738     1.59647 8.44086e-05
         212     1.59675     1.59647 8.40207e-05
         213     1.59709     1.59647 8.36765e-05
         214     1.59706     1.59648 8.33297e-05
         215     1.59729     1.59648 8.30286e-05
         216     1.59642     1.59648 8.26446e-05
         217     1.59745     1.59648 8.23854e-05
         218     1.59637     1.59648 8.20091e-05
         219     1.59722     1.59649 8.17027e-05
         220     1.59637     1.59649 8.13331e-05
         221      1.5969     1.59649 8.09863e-05
         222     1.59723     1.59649  8.0691e-05
         223     1.59717      1.5965  8.0386e-05
         224      1.5976      1.5965 8.01793e-05
         225     1.59702      1.5965 7.98564e-05
         226     1.59689      1.5965 7.95219e-05
         227     1.59685     1.59651 7.91859e-05
         228     1.59663     1.59651 7.88405e-05
         229      1.5968     1.59651 7.85066e-05
         230     1.59703     1.59651 7.81975e-05
         231     1.59645     1.59651 7.78595e-05
         232     1.59707     1.59651 7.75614e-05
         233     1.59683     1.59651 7.72406e-05
         234     1.59676     1.59651 7.69178e-05
         235     1.59753     1.59652 7.67127e-05
         236     1.59663     1.59652 7.63893e-05
         237     1.59682     1.59652 7.60774e-05
         238     1.59698     1.59652 7.57821e-05
         239     1.59705     1.59652 7.54966e-05
         240     1.59693     1.59653 7.52012e-05
         241     1.59659     1.59653 7.48896e-05
         242     1.59693     1.59653 7.45988e-05
         243     1.59714     1.59653 7.43349e-05
         244     1.59664     1.59653 7.40315e-05
         245     1.59722     1.59653 7.37824e-05
         246     1.59659     1.59653 7.34828e-05
         247     1.59694     1.59654 7.32039e-05
         248     1.59667     1.59654 7.29107e-05
         249     1.59648     1.59654 7.26182e-05
         250     1.59703     1.59654 7.23543e-05
         251     1.59633     1.59654 7.20707e-05
         252     1.59714     1.59654 7.18238e-05
         253     1.59625     1.59654 7.15488e-05
         254     1.59645     1.59654 7.12681e-05
         255     1.59614     1.59654 7.10054e-05
         256     1.59639     1.59654 7.07302e-05
         257     1.59664     1.59654 7.04561e-05
         258     1.59615     1.59654 7.01989e-05
         259     1.59712     1.59654 6.99641e-05
         260     1.59654     1.59654  6.9695e-05
         261     1.59658     1.59654 6.94281e-05
         262     1.59679     1.59654 6.91699e-05
         263     1.59678     1.59654  6.8913e-05
         264     1.59648     1.59654 6.86523e-05
         265      1.5969     1.59654 6.84069e-05
         266     1.59635     1.59654 6.81535e-05
         267     1.59691     1.59654 6.79121e-05
         268     1.59629     1.59654  6.7665e-05
         269     1.59694     1.59654 6.74297e-05
         270      1.5966     1.59654 6.71804e-05
         271     1.59704     1.59654 6.69578e-05
         272     1.59677     1.59654  6.6717e-05
         273     1.59714     1.59655 6.65086e-05
         274     1.59663     1.59655 6.62666e-05
         275     1.59702     1.59655 6.60481e-05
         276     1.59682     1.59655 6.58162e-05
         277     1.59677     1.59655 6.55832e-05
         278     1.59706     1.59655 6.53731e-05
         279     1.59689     1.59655 6.51497e-05
         280     1.59714     1.59656 6.49505e-05
         281     1.59685     1.59656 6.47276e-05
         282     1.59739     1.59656 6.45653e-05
         283     1.59678     1.59656 6.43418e-05
         284     1.59717     1.59656 6.41514e-05
         285     1.59685     1.59656 6.39344e-05
         286     1.59666     1.59656 6.37118e-05
         287     1.59718     1.59657 6.35259e-05
         288     1.59643     1.59657 6.33072e-05
         289     1.59707     1.59657 6.31124e-05
         290     1.59686     1.59657 6.29029e-05
         291     1.59723     1.59657 6.27276e-05
         292     1.59688     1.59657 6.25217e-05
         293     1.59658     1.59657 6.23084e-05
         294     1.59673     1.59657 6.20988e-05
         295     1.59704     1.59657 6.19083e-05
         296     1.59786     1.59658 6.18508e-05
         297     1.59534     1.59657  6.1782e-05
         298     1.59765     1.59658 6.16795e-05
         299     1.59612     1.59658 6.14925e-05
         300     1.59681     1.59658 6.12925e-05
         301     1.59709     1.59658 6.11126e-05
         302      1.5963     1.59658  6.0917e-05
         303     1.59737     1.59658 6.07715e-05
         304      1.5969     1.59658 6.05805e-05
         305     1.59636     1.59658 6.03862e-05
         306     1.59686     1.59658 6.01958e-05
         307     1.59773     1.59659 6.01158e-05
         308     1.59562     1.59658  6.0002e-05
         309     1.59688     1.59658 5.98157e-05
         310     1.59732     1.59659 5.96694e-05
         311     1.59639     1.59658 5.94808e-05
         312     1.59669     1.59659  5.9291e-05
         313     1.59695     1.59659 5.91131e-05
         314      1.5973     1.59659  5.8969e-05
         315     1.59654     1.59659  5.8782e-05
         316     1.59706     1.59659 5.86146e-05
         317     1.59723     1.59659 5.84642e-05
         318     1.59685     1.59659 5.82861e-05
         319     1.59726     1.59659 5.81407e-05
         320     1.59703      1.5966 5.79746e-05
         321     1.59672      1.5966 5.77953e-05
         322     1.59736      1.5966 5.76644e-05
         323     1.59628      1.5966 5.74946e-05
         324     1.59702      1.5966 5.73318e-05
         325       1.597      1.5966 5.71686e-05
         326     1.59663      1.5966 5.69933e-05
         327     1.59789      1.5966 5.69543e-05
         328     1.59621      1.5966 5.67936e-05
         329     1.59698      1.5966 5.66323e-05
         330     1.59713     1.59661 5.64832e-05
         331     1.59692     1.59661 5.63207e-05
         332     1.59672     1.59661 5.61521e-05
         333     1.59706     1.59661 5.60002e-05
         334     1.59701     1.59661 5.58453e-05
         335     1.59677     1.59661 5.56806e-05
         336     1.59717     1.59661 5.55396e-05
         337     1.59664     1.59661 5.53749e-05
         338     1.59672     1.59661  5.5212e-05
         339     1.59669     1.59661 5.50496e-05
         340     1.59777     1.59662 5.49933e-05
         341     1.59659     1.59662 5.48321e-05
         342     1.59711     1.59662 5.46909e-05
         343     1.59737     1.59662 5.45748e-05
         344     1.59679     1.59662 5.44185e-05
         345     1.59679     1.59662  5.4263e-05
         346     1.59629     1.59662 5.41145e-05
         347     1.59711     1.59662 5.39772e-05
         348     1.59641     1.59662 5.38255e-05
         349     1.59702     1.59662 5.36834e-05
         350     1.59681     1.59662 5.35327e-05
         351     1.59733     1.59662 5.34181e-05
         352     1.59641     1.59662 5.32698e-05
         353     1.59658     1.59662 5.31191e-05
         354      1.5969     1.59662 5.29746e-05
         355     1.59663     1.59662 5.28253e-05
         356     1.59657     1.59662 5.26772e-05
         357     1.59754     1.59663 5.25921e-05
         358     1.59673     1.59663 5.24461e-05
         359     1.59776     1.59663 5.23943e-05
         360     1.59661     1.59663 5.22488e-05
         361     1.59693     1.59663 5.21106e-05
         362     1.59679     1.59663 5.19686e-05
         363     1.59683     1.59663 5.18284e-05
         364     1.59678     1.59663 5.16877e-05
         365     1.59706     1.59663  5.1559e-05
         366     1.59685     1.59663 5.14217e-05
         367     1.59666     1.59663 5.12816e-05
         368     1.59732     1.59664 5.11758e-05
         369     1.59667     1.59664 5.10372e-05
         370     1.59691     1.59664 5.09046e-05
         371       1.597     1.59664 5.07768e-05
         372     1.59705     1.59664 5.06524e-05
         373     1.59673     1.59664 5.05172e-05
         374     1.59675     1.59664 5.03829e-05
         375     1.59681     1.59664 5.02505e-05
         376     1.59683     1.59664 5.01196e-05
         377     1.59638     1.59664 4.99912e-05
         378     1.59716     1.59664 4.98778e-05
         379     1.59624     1.59664 4.97576e-05
         380     1.59681     1.59664 4.96287e-05
         381      1.5972     1.59664   4.952e-05
         382     1.59647     1.59664 4.93925e-05
         383     1.59702     1.59664 4.92736e-05
         384     1.59724     1.59664 4.91702e-05
         385     1.59668     1.59664 4.90425e-05
         386     1.59717     1.59665 4.89341e-05
         387     1.59693     1.59665 4.88131e-05
         388     1.59711     1.59665 4.87017e-05
         389     1.59663     1.59665 4.85766e-05
         390     1.59706     1.59665 4.84636e-05
         391     1.59714     1.59665 4.83559e-05
         392     1.59707     1.59665 4.82444e-05
         393     1.59673     1.59665 4.81221e-05
         394     1.59713     1.59665 4.80156e-05
         395     1.59679     1.59665 4.78952e-05
         396     1.59657     1.59665 4.77748e-05
         397     1.59711     1.59665 4.76684e-05
         398     1.59644     1.59665 4.75516e-05
         399     1.59706     1.59665 4.74432e-05
         400     1.59664     1.59665 4.73246e-05
         401     1.59658     1.59665  4.7207e-05
         402     1.59722     1.59666 4.71104e-05
         403     1.59705     1.59666 4.70039e-05
         404     1.59741     1.59666 4.69246e-05
         405     1.59662     1.59666 4.68089e-05
         406     1.59742     1.59666 4.67314e-05
         407      1.5966     1.59666 4.66168e-05
         408     1.59706     1.59666  4.6513e-05
         409     1.59688     1.59666 4.64023e-05
         410     1.59738     1.59666 4.63223e-05
         411     1.59692     1.59666 4.62139e-05
         412     1.59662     1.59666 4.61018e-05
         413     1.59713     1.59666 4.60042e-05
         414     1.59632     1.59666 4.59007e-05
         415     1.59693     1.59666 4.57947e-05
         416     1.59754     1.59667 4.57325e-05
         417     1.59624     1.59667  4.5634e-05
         418     1.59683     1.59667 4.55266e-05
         419       1.597     1.59667 4.54248e-05
         420      1.5968     1.59667 4.53178e-05
         421     1.59662     1.59667 4.52103e-05
         422     1.59686     1.59667 4.51054e-05
         423     1.59683     1.59667 4.50004e-05
         424     1.59636     1.59667 4.49001e-05
         425     1.59776     1.59667 4.48681e-05
         426     1.59672     1.59667  4.4763e-05
         427     1.59707     1.59667 4.46681e-05
         428     1.59741     1.59667 4.45975e-05
         429     1.59696     1.59667 4.44986e-05
         430     1.59704     1.59667 4.44033e-05
         431     1.59712     1.59667 4.43122e-05
         432     1.59657     1.59667 4.42103e-05
         433      1.5977     1.59668 4.41716e-05
         434      1.5964     1.59668 4.40744e-05
         435     1.59706     1.59668 4.39819e-05
         436     1.59685     1.59668 4.38828e-05
         437     1.59686     1.59668 4.37844e-05
         438     1.59719     1.59668 4.37002e-05
         439     1.59665     1.59668 4.36007e-05
         440     1.59701     1.59668 4.35082e-05
         441     1.59721     1.59668 4.34263e-05
         442     1.59694     1.59668 4.33321e-05
         443     1.59698     1.59668 4.32395e-05
         444     1.59728     1.59668 4.31629e-05
         445     1.59686     1.59668 4.30677e-05
         446     1.59689     1.59668 4.29737e-05
         447     1.59766     1.59669 4.29328e-05
         448     1.59646     1.59669   4.284e-05
         449     1.59754     1.59669 4.27865e-05
         450       1.597     1.59669 4.26972e-05
         451     1.59627     1.59669 4.26128e-05
         452     1.59707     1.59669 4.25267e-05
         453     1.59686     1.59669 4.24345e-05
         454     1.59684     1.59669 4.23424e-05
         455     1.59685     1.59669 4.22508e-05
         456     1.59699     1.59669 4.21631e-05
         457     1.59663     1.59669  4.2071e-05
         458     1.59648     1.59669 4.19817e-05
         459     1.59662     1.59669 4.18905e-05
         460     1.59699     1.59669 4.18047e-05
         461     1.59687     1.59669 4.17158e-05
         462     1.59681     1.59669 4.16264e-05
         463     1.59712     1.59669  4.1547e-05
         464     1.59678     1.59669 4.14579e-05
         465     1.59656     1.59669 4.13697e-05
         466     1.59685     1.59669 4.12824e-05
         467     1.59692     1.59669 4.11969e-05
         468     1.59712     1.59669 4.11188e-05
         469     1.59658     1.59669 4.10318e-05
         470     1.59675     1.59669 4.09447e-05
         471     1.59684     1.59669 4.08589e-05
         472     1.59701     1.59669 4.07779e-05
         473     1.59647     1.59669 4.06945e-05
         474     1.59664     1.59669 4.06088e-05
         475     1.59613     1.59669 4.05405e-05
         476     1.59708     1.59669 4.04634e-05
         477     1.59663     1.59669 4.03788e-05
         478     1.59639     1.59669 4.02992e-05
         479       1.597     1.59669 4.02202e-05
         480     1.59674     1.59669 4.01365e-05
         481     1.59659     1.59669 4.00537e-05
         482      1.5965     1.59669 3.99726e-05
         483     1.59658     1.59669 3.98905e-05
         484     1.59683     1.59669 3.98091e-05
         485     1.59636     1.59669 3.97328e-05
         486     1.59677     1.59669 3.96514e-05
         487     1.59678     1.59669 3.95704e-05
         488     1.59705     1.59669 3.94961e-05
         489     1.59654     1.59669 3.94165e-05
         490     1.59648     1.59669 3.93385e-05
         491     1.59694     1.59669 3.92616e-05
         492     1.59701     1.59669 3.91869e-05
         493     1.59676     1.59669 3.91077e-05
         494     1.59682     1.59669 3.90293e-05
         495     1.59631     1.59669 3.89582e-05
         496      1.5972     1.59669 3.88931e-05
         497     1.59687     1.59669 3.88163e-05
         498     1.59608     1.59669  3.8758e-05
         499     1.59669     1.59669 3.86804e-05
         500     1.59725     1.59669 3.86191e-05
         501     1.59754      1.5967 3.85784e-05
         502     1.59678      1.5967 3.85019e-05
         503     1.59681      1.5967 3.84261e-05
         504     1.59701      1.5967 3.83548e-05
         505     1.59723      1.5967 3.82936e-05
         506     1.59677      1.5967 3.82182e-05
         507      1.5966      1.5967 3.81433e-05
         508     1.59748      1.5967 3.80994e-05
         509     1.59728      1.5967 3.80415e-05
         510     1.59674      1.5967  3.7967e-05
         511     1.59709      1.5967 3.79002e-05
         512     1.59696      1.5967 3.78297e-05
         513      1.5966      1.5967 3.77565e-05
         514     1.59679      1.5967 3.76834e-05
         515     1.59694      1.5967 3.76131e-05
         516      1.5964      1.5967 3.75449e-05
         517      1.5968      1.5967 3.74727e-05
         518     1.59699      1.5967 3.74045e-05
         519     1.59662      1.5967 3.73328e-05
         520     1.59742      1.5967 3.72866e-05
         521      1.5965      1.5967 3.72172e-05
         522     1.59676      1.5967  3.7146e-05
         523     1.59687      1.5967 3.70764e-05
         524     1.59659      1.5967 3.70062e-05
         525     1.59691      1.5967 3.69378e-05
         526     1.59753     1.59671 3.69007e-05
         527      1.5963     1.59671 3.68388e-05
         528     1.59729     1.59671 3.67859e-05
         529     1.59651     1.59671 3.67182e-05
         530     1.59727     1.59671 3.66644e-05
         531     1.59694     1.59671 3.65981e-05
         532     1.59744     1.59671 3.65552e-05
         533     1.59697     1.59671 3.64898e-05
         534     1.59693     1.59671 3.64238e-05
         535      1.5972     1.59671 3.63674e-05
         536     1.59694     1.59671  3.6302e-05
         537     1.59677     1.59671 3.62346e-05
         538     1.59716     1.59671 3.61767e-05
         539     1.59623     1.59671 3.61207e-05
         540     1.59706     1.59671 3.60595e-05
         541     1.59685     1.59671 3.59937e-05
         542       1.597     1.59671 3.59312e-05
         543     1.59751     1.59671  3.5895e-05
         544     1.59673     1.59671  3.5829e-05
         545     1.59697     1.59671 3.57664e-05
         546     1.59658     1.59671 3.57017e-05
         547     1.59744     1.59672 3.56611e-05
         548     1.59636     1.59671 3.56021e-05
         549     1.59718     1.59672 3.55475e-05
         550     1.59666     1.59672  3.5483e-05
         551     1.59707     1.59672 3.54245e-05
         552     1.59663     1.59672 3.53607e-05
         553     1.59676     1.59672 3.52969e-05
         554     1.59698     1.59672 3.52364e-05
         555     1.59696     1.59672 3.51755e-05
         556      1.5972     1.59672 3.51228e-05
         557     1.59691     1.59672 3.50614e-05
         558     1.59686     1.59672 3.49994e-05
         559     1.59687     1.59672 3.49379e-05
         560     1.59672     1.59672 3.48755e-05
         561     1.59677     1.59672 3.48135e-05
         562     1.59672     1.59672 3.47515e-05
         563       1.597     1.59672 3.46933e-05
         564     1.59706     1.59672 3.46369e-05
         565     1.59678     1.59672 3.45758e-05
         566     1.59722     1.59672 3.45259e-05
         567     1.59646     1.59672 3.44681e-05
         568     1.59689     1.59672 3.44087e-05
         569     1.59714     1.59672 3.43563e-05
         570     1.59668     1.59672 3.42961e-05
         571     1.59709     1.59672 3.42419e-05
         572     1.59713     1.59672 3.41895e-05
         573     1.59717     1.59672 3.41386e-05
         574      1.5968     1.59672 3.40794e-05
         575     1.59694     1.59672 3.40222e-05
         576     1.59642     1.59672 3.39672e-05
         577     1.59723     1.59672 3.39195e-05
         578     1.59646     1.59672 3.38639e-05
         579     1.59664     1.59672 3.38058e-05
         580     1.59675     1.59672 3.37475e-05
         581     1.59688     1.59672 3.36904e-05
         582     1.59707     1.59672 3.36377e-05
         583     1.59684     1.59672 3.35805e-05
         584     1.59709     1.59673 3.35289e-05
         585     1.59723     1.59673 3.34826e-05
         586     1.59669     1.59673 3.34255e-05
         587     1.59747     1.59673 3.33928e-05
         588     1.59642     1.59673   3.334e-05
         589     1.59677     1.59673 3.32834e-05
         590     1.59727     1.59673 3.32397e-05
         591     1.59657     1.59673 3.31846e-05
         592     1.59718     1.59673 3.31374e-05
         593     1.59658     1.59673 3.30825e-05
         594     1.59692     1.59673 3.30283e-05
         595     1.59691     1.59673 3.29742e-05
         596     1.59676     1.59673 3.29189e-05
         597     1.59698     1.59673 3.28665e-05
         598     1.59693     1.59673 3.28132e-05
         599     1.59684     1.59673  3.2759e-05
         600     1.59721     1.59673  3.2714e-05
         601     1.59666     1.59673 3.26598e-05
         602     1.59687     1.59673 3.26064e-05
         603     1.59692     1.59673 3.25539e-05
         604     1.59652     1.59673 3.25019e-05
         605     1.59713     1.59673 3.24549e-05
         606     1.59627     1.59673 3.24103e-05
         607     1.59667     1.59673 3.23571e-05
         608     1.59659     1.59673 3.23047e-05
         609      1.5969     1.59673 3.22529e-05
         610     1.59699     1.59673 3.22028e-05
         611     1.59699     1.59673 3.21528e-05
         612     1.59712     1.59673 3.21065e-05
         613     1.59718     1.59673 3.20623e-05
         614     1.59667     1.59673 3.20103e-05
         615     1.59659     1.59673 3.19591e-05
         616     1.59751     1.59673 3.19319e-05
         617     1.59653     1.59673 3.18818e-05
         618     1.59681     1.59673 3.18305e-05
         619      1.5969     1.59673 3.17802e-05
         620     1.59728     1.59673 3.17409e-05
         621     1.59641     1.59673 3.16942e-05
         622      1.5967     1.59673 3.16433e-05
         623     1.59703     1.59673 3.15961e-05
         624     1.59688     1.59673 3.15464e-05
         625     1.59724     1.59674 3.15064e-05
         626     1.59752     1.59674 3.14812e-05
         627     1.59656     1.59674 3.14323e-05
         628     1.59725     1.59674 3.13929e-05
         629     1.59683     1.59674 3.13433e-05
         630     1.59663     1.59674  3.1294e-05
         631     1.59687     1.59674 3.12452e-05
         632     1.59699     1.59674 3.11983e-05
         633     1.59633     1.59674 3.11556e-05
         634     1.59772     1.59674 3.11452e-05
         635     1.59654     1.59674 3.10976e-05
         636     1.59704     1.59674 3.10523e-05
         637      1.5975     1.59674 3.10266e-05
         638      1.5966     1.59674 3.09787e-05
         639      1.5969     1.59674 3.09313e-05
         640     1.59725     1.59674 3.08933e-05
         641     1.59693     1.59674 3.08465e-05
         642     1.59722     1.59674 3.08075e-05
         643     1.59734     1.59674 3.07735e-05
         644     1.59704     1.59674 3.07292e-05
         645     1.59708     1.59674 3.06859e-05
         646     1.59681     1.59674 3.06386e-05
         647     1.59677     1.59674 3.05912e-05
         648     1.59709     1.59674 3.05488e-05
         649     1.59667     1.59674  3.0502e-05
         650     1.59694     1.59675 3.04566e-05
         651     1.59691     1.59675 3.04109e-05
         652     1.59671     1.59675 3.03643e-05
         653     1.59662     1.59675 3.03184e-05
         654     1.59755     1.59675 3.02969e-05
         655     1.59654     1.59675 3.02522e-05
         656     1.59694     1.59675 3.02076e-05
         657     1.59717     1.59675 3.01684e-05
         658     1.59695     1.59675 3.01241e-05
         659     1.59676     1.59675 3.00784e-05
         660     1.59652     1.59675 3.00348e-05
         661     1.59676     1.59675 2.99893e-05
         662      1.5968     1.59675 2.99442e-05
         663     1.59617     1.59675 2.99116e-05
         664     1.59682     1.59675 2.98667e-05
         665      1.5963     1.59675 2.98295e-05
         666     1.59674     1.59675 2.97847e-05
         667     1.59671     1.59675 2.97401e-05
         668     1.59664     1.59675  2.9696e-05
         669     1.59692     1.59675 2.96527e-05
         670     1.59642     1.59675 2.96125e-05
         671     1.59691     1.59675 2.95695e-05
         672     1.59668     1.59675 2.95256e-05
         673     1.59683     1.59675  2.9482e-05
         674     1.59667     1.59675 2.94385e-05
         675      1.5965     1.59674  2.9397e-05
         676     1.59709     1.59675 2.93581e-05
         677     1.59658     1.59675 2.93157e-05
         678     1.59694     1.59675 2.92739e-05
         679     1.59657     1.59675 2.92319e-05
         680     1.59677     1.59675  2.9189e-05
         681     1.59686     1.59675 2.91466e-05
         682      1.5967     1.59675  2.9104e-05
         683     1.59665     1.59675 2.90617e-05
         684     1.59615     1.59674 2.90324e-05
         685     1.59672     1.59674   2.899e-05
         686     1.59635     1.59674 2.89535e-05
         687     1.59635     1.59674  2.8917e-05
         688     1.59646     1.59674  2.8878e-05
         689     1.59688     1.59674 2.88368e-05
         690     1.59708     1.59674  2.8799e-05
         691     1.59619     1.59674 2.87684e-05
         692     1.59722     1.59674  2.8735e-05
         693     1.59699     1.59674 2.86957e-05
         694     1.59678     1.59674 2.86544e-05
         695     1.59689     1.59674 2.86139e-05
         696     1.59706     1.59674 2.85764e-05
         697     1.59696     1.59674 2.85371e-05
         698     1.59684     1.59674 2.84965e-05
         699     1.59747     1.59675 2.84748e-05
         700     1.59687     1.59675 2.84346e-05
         701     1.59679     1.59675 2.83941e-05
         702     1.59692     1.59675 2.83547e-05
         703     1.59685     1.59675 2.83147e-05
         704     1.59661     1.59675 2.82752e-05
         705     1.59696     1.59675 2.82368e-05
         706     1.59686     1.59675 2.81973e-05
         707     1.59672     1.59675 2.81574e-05
         708     1.59674     1.59675 2.81177e-05
         709     1.59727     1.59675 2.80877e-05
         710     1.59655     1.59675 2.80495e-05
         711     1.59745     1.59675 2.80276e-05
         712     1.59681     1.59675 2.79884e-05
         713     1.59739     1.59675 2.79636e-05
         714      1.5963     1.59675 2.79315e-05
         715     1.59675     1.59675 2.78925e-05
         716      1.5964     1.59675 2.78578e-05
         717     1.59688     1.59675 2.78195e-05
         718     1.59723     1.59675  2.7789e-05
         719     1.59632     1.59675 2.77568e-05
         720     1.59707     1.59675 2.77218e-05
         721      1.5965     1.59675 2.76855e-05
         722     1.59691     1.59675 2.76481e-05
         723     1.59626     1.59675 2.76182e-05
         724     1.59677     1.59675 2.75801e-05
         725     1.59771     1.59675  2.7574e-05
         726     1.59604     1.59675 2.75535e-05
         727     1.59746     1.59675 2.75332e-05
         728     1.59663     1.59675 2.74959e-05
         729     1.59674     1.59675 2.74582e-05
         730     1.59711     1.59675  2.7425e-05
         731     1.59649     1.59675 2.73897e-05
         732     1.59704     1.59675 2.73552e-05
         733      1.5964     1.59675  2.7322e-05
         734     1.59769     1.59675 2.73147e-05
         735     1.59623     1.59675 2.72868e-05
         736     1.59705     1.59675 2.72528e-05
         737     1.59715     1.59675 2.72211e-05
         738     1.59719     1.59675 2.71906e-05
         739     1.59662     1.59675 2.71544e-05
         740     1.59694     1.59675 2.71189e-05
         741     1.59704     1.59675 2.70851e-05
         742     1.59684     1.59675 2.70488e-05
         743     1.59643     1.59675 2.70159e-05
         744      1.5971     1.59675 2.69836e-05
         745     1.59642     1.59675  2.6951e-05
         746     1.59725     1.59675 2.69232e-05
         747     1.59665     1.59675 2.68875e-05
         748     1.59727     1.59675 2.68604e-05
         749     1.59668     1.59675 2.68247e-05
         750     1.59703     1.59675 2.67916e-05
         751     1.59683     1.59675 2.67561e-05
         752     1.59668     1.59675 2.67207e-05
         753     1.59683     1.59675 2.66854e-05
         754     1.59737     1.59675 2.66625e-05
         755      1.5966     1.59675  2.6628e-05
         756     1.59723     1.59675 2.66003e-05
         757     1.59733     1.59676 2.65759e-05
         758       1.597     1.59676 2.65428e-05
         759     1.59699     1.59676 2.65096e-05
         760     1.59628     1.59676 2.64821e-05
         761      1.5972     1.59676 2.64539e-05
         762     1.59616     1.59675 2.64308e-05
         763     1.59717     1.59676 2.64019e-05
         764     1.59666     1.59676 2.63676e-05
         765     1.59657     1.59676 2.63342e-05
         766     1.59718     1.59676 2.63058e-05
         767     1.59689     1.59676 2.62721e-05
         768     1.59736     1.59676 2.62495e-05
         769     1.59664     1.59676 2.62158e-05
         770     1.59721     1.59676 2.61885e-05
         771     1.59646     1.59676 2.61574e-05
         772      1.5969     1.59676 2.61241e-05
         773     1.59674     1.59676 2.60904e-05
         774     1.59779     1.59676 2.60908e-05
         775     1.59638     1.59676 2.60618e-05
         776     1.59703     1.59676 2.60306e-05
         777     1.59695     1.59676 2.59982e-05
         778     1.59689     1.59676 2.59653e-05
         779       1.597     1.59676 2.59338e-05
         780     1.59679     1.59676 2.59005e-05
         781     1.59658     1.59676 2.58684e-05
         782     1.59684     1.59676 2.58356e-05
         783     1.59726     1.59676 2.58106e-05
         784     1.59639     1.59676  2.5782e-05
         785     1.59709     1.59676 2.57525e-05
         786     1.59675     1.59676 2.57198e-05
         787     1.59707     1.59676 2.56902e-05
         788     1.59638     1.59676 2.56622e-05
         789     1.59701     1.59676 2.56316e-05
         790     1.59687     1.59676 2.55995e-05
         791     1.59705     1.59676 2.55697e-05
         792     1.59622     1.59676 2.55465e-05
         793     1.59723     1.59676  2.5521e-05
         794     1.59617     1.59676 2.54996e-05
         795     1.59669     1.59676 2.54677e-05
         796     1.59717     1.59676 2.54409e-05
         797     1.59619     1.59676 2.54189e-05
         798     1.59686     1.59676 2.53874e-05
         799     1.59714     1.59676 2.53601e-05
         800     1.59709     1.59676 2.53317e-05
         801     1.59641     1.59676 2.53039e-05
         802      1.5966     1.59676 2.52731e-05
         803     1.59714     1.59676 2.52462e-05
         804     1.59658     1.59676 2.52157e-05
         805     1.59782     1.59676  2.5219e-05
         806     1.59613     1.59676    2.52e-05
         807     1.59736     1.59676 2.51799e-05
         808      1.5967     1.59676 2.51488e-05
         809       1.597     1.59676 2.51194e-05
         810     1.59648     1.59676 2.50908e-05
         811     1.59693     1.59676 2.50607e-05
         812     1.59708     1.59676  2.5033e-05
         813     1.59667     1.59676 2.50024e-05
         814     1.59704     1.59676 2.49741e-05
         815     1.59653     1.59676 2.49451e-05
         816     1.59679     1.59676 2.49146e-05
         817     1.59674     1.59676 2.48841e-05
         818     1.59678     1.59676 2.48537e-05
         819     1.59643     1.59676 2.48267e-05
         820     1.59689     1.59676 2.47969e-05
         821     1.59659     1.59676 2.47676e-05
         822     1.59645     1.59676 2.47404e-05
         823     1.59677     1.59676 2.47103e-05
         824     1.59682     1.59676 2.46804e-05
         825     1.59638     1.59676 2.46548e-05
         826     1.59746     1.59676 2.46395e-05
         827     1.59617     1.59676 2.46202e-05
         828     1.59686     1.59676 2.45908e-05
         829     1.59705     1.59676 2.45637e-05
         830     1.59679     1.59676 2.45341e-05
         831     1.59667     1.59676 2.45048e-05
         832     1.59703     1.59676 2.44775e-05
         833     1.59711     1.59676 2.44518e-05
         834     1.59639     1.59676 2.44266e-05
         835     1.59686     1.59676 2.43977e-05
         836      1.5972     1.59676 2.43742e-05
         837     1.59646     1.59676 2.43477e-05
         838     1.59753     1.59676 2.43357e-05
         839     1.59672     1.59676 2.43068e-05
         840     1.59707     1.59676 2.42806e-05
         841     1.59681     1.59676 2.42518e-05
         842     1.59656     1.59676 2.42241e-05
         843     1.59712     1.59676 2.41991e-05
         844     1.59658     1.59676 2.41714e-05
         845     1.59715     1.59676 2.41471e-05
         846     1.59655     1.59676 2.41198e-05
         847     1.59656     1.59676 2.40926e-05
         848     1.59698     1.59676 2.40656e-05
         849     1.59643     1.59676 2.40405e-05
         850     1.59652     1.59676 2.40138e-05
         851     1.59669     1.59676 2.39858e-05
         852     1.59644     1.59676 2.39606e-05
         853     1.59678     1.59676 2.39325e-05
         854     1.59662     1.59676  2.3905e-05
         855      1.5964     1.59676 2.38807e-05
         856     1.59647     1.59676 2.38553e-05
         857      1.5972     1.59676 2.38328e-05
         858     1.59662     1.59676 2.38056e-05
         859     1.59676     1.59676 2.37779e-05
         860     1.59669     1.59676 2.37504e-05
         861     1.59684     1.59676  2.3723e-05
         862      1.5966     1.59676 2.36962e-05
         863     1.59684     1.59676 2.36689e-05
         864     1.59713     1.59676 2.36454e-05
         865     1.59696     1.59676 2.36192e-05
         866     1.59707     1.59676 2.35945e-05
         867     1.59693     1.59676  2.3568e-05
         868     1.59644     1.59676 2.35438e-05
         869     1.59672     1.59676 2.35167e-05
         870     1.59656     1.59676 2.34909e-05
         871     1.59676     1.59676 2.34639e-05
         872     1.59641     1.59676 2.34405e-05
         873     1.59675     1.59676 2.34136e-05
         874     1.59684     1.59676  2.3387e-05
         875     1.59682     1.59676 2.33604e-05
         876     1.59658     1.59676 2.33347e-05
         877     1.59689     1.59676 2.33086e-05
         878     1.59631     1.59676 2.32877e-05
         879     1.59649     1.59676 2.32631e-05
         880     1.59745     1.59676 2.32501e-05
         881      1.5962     1.59676 2.32323e-05
         882     1.59642     1.59676 2.32092e-05
         883     1.59709     1.59676 2.31859e-05
         884     1.59669     1.59676 2.31598e-05
         885     1.59725     1.59676 2.31402e-05
         886     1.59713     1.59676 2.31179e-05
         887     1.59648     1.59676 2.30939e-05
         888       1.597     1.59676 2.30695e-05
         889     1.59713     1.59676 2.30472e-05
         890     1.59684     1.59676 2.30215e-05
         891     1.59671     1.59676 2.29957e-05
         892     1.59682     1.59676   2.297e-05
         893     1.59677     1.59676 2.29443e-05
         894     1.59669     1.59676 2.29188e-05
         895     1.59728     1.59676 2.29006e-05
         896     1.59594     1.59676 2.28933e-05
         897     1.59717     1.59676 2.28723e-05
         898     1.59674     1.59676 2.28468e-05
         899     1.59628     1.59676 2.28277e-05
         900     1.59674     1.59676 2.28023e-05
         901     1.59696     1.59676  2.2778e-05
         902     1.59647     1.59676  2.2755e-05
         903     1.59771     1.59676  2.2754e-05
         904     1.59665     1.59676 2.27292e-05
         905     1.59718     1.59676 2.27088e-05
         906     1.59699     1.59676 2.26851e-05
         907     1.59659     1.59676 2.26609e-05
         908     1.59675     1.59676  2.2636e-05
         909     1.59694     1.59676 2.26119e-05
         910     1.59666     1.59676 2.25873e-05
         911     1.59616     1.59676 2.25721e-05
         912     1.59671     1.59676 2.25475e-05
         913     1.59679     1.59676 2.25228e-05
         914     1.59641     1.59676 2.25014e-05
         915     1.59676     1.59676 2.24768e-05
         916     1.59679     1.59676 2.24523e-05
         917     1.59652     1.59676 2.24293e-05
         918     1.59738     1.59676 2.24151e-05
         919     1.59638     1.59676 2.23945e-05
         920      1.5968     1.59676 2.23702e-05
         921     1.59732     1.59676 2.23541e-05
         922     1.59651     1.59676 2.23315e-05
         923     1.59686     1.59676 2.23076e-05
         924     1.59692     1.59676 2.22841e-05
         925       1.597     1.59676 2.22615e-05
         926     1.59663     1.59676  2.2238e-05
         927     1.59716     1.59676  2.2218e-05
         928     1.59638     1.59676 2.21979e-05
         929     1.59722     1.59676 2.21796e-05
         930     1.59648     1.59676 2.21577e-05
         931     1.59672     1.59676  2.2134e-05
         932      1.5966     1.59676 2.21109e-05
         933     1.59665     1.59676 2.20876e-05
         934     1.59637     1.59676 2.20678e-05
         935      1.5974     1.59676 2.20547e-05
         936     1.59621     1.59676 2.20392e-05
         937     1.59723     1.59676 2.20213e-05
         938     1.59668     1.59676  2.1998e-05
         939     1.59692     1.59676 2.19752e-05
         940     1.59735     1.59676 2.19608e-05
         941     1.59651     1.59676 2.19392e-05
         942     1.59718     1.59676 2.19203e-05
         943     1.59718     1.59676 2.19014e-05
         944     1.59667     1.59676 2.18785e-05
         945       1.597     1.59676 2.18568e-05
         946     1.59712     1.59676 2.18369e-05
         947     1.59651     1.59676 2.18154e-05
         948     1.59689     1.59676 2.17928e-05
         949     1.59642     1.59676 2.17728e-05
         950     1.59687     1.59676 2.17502e-05
         951     1.59649     1.59676 2.17293e-05
         952     1.59712     1.59676 2.17096e-05
         953      1.5964     1.59676 2.16902e-05
         954     1.59689     1.59676 2.16678e-05
         955     1.59662     1.59676 2.16456e-05
         956     1.59742     1.59676 2.16338e-05
         957     1.59653     1.59676 2.16126e-05
         958     1.59687     1.59676 2.15903e-05
         959     1.59662     1.59676 2.15683e-05
         960     1.59667     1.59676  2.1546e-05
         961     1.59644     1.59676 2.15262e-05
         962     1.59626     1.59676 2.15103e-05
         963     1.59727     1.59676 2.14943e-05
         964     1.59638     1.59676 2.14757e-05
         965     1.59671     1.59676 2.14535e-05
         966     1.59754     1.59676 2.14463e-05
         967      1.5965     1.59676 2.14259e-05
         968     1.59653     1.59676  2.1405e-05
         969     1.59678     1.59676  2.1383e-05
         970     1.59657     1.59676 2.13618e-05
         971     1.59629     1.59676 2.13454e-05
         972     1.59732     1.59676 2.13311e-05
         973     1.59653     1.59676 2.13106e-05
         974     1.59774     1.59676 2.13124e-05
         975       1.596     1.59676 2.13051e-05
         976     1.59702     1.59676 2.12849e-05
         977     1.59663     1.59676 2.12635e-05
         978     1.59684     1.59676 2.12419e-05
         979     1.59677     1.59676 2.12202e-05
         980     1.59694     1.59676 2.11993e-05
         981     1.59677     1.59676 2.11777e-05
         982     1.59676     1.59676 2.11561e-05
         983      1.5966     1.59676 2.11353e-05
         984     1.59659     1.59676 2.11145e-05
         985     1.59659     1.59676 2.10938e-05
         986     1.59674     1.59676 2.10724e-05
         987     1.59633     1.59676 2.10556e-05
         988     1.59657     1.59676 2.10352e-05
         989     1.59687     1.59676 2.10142e-05
         990     1.59694     1.59676 2.09937e-05
         991     1.59672     1.59676 2.09726e-05
         992     1.59702     1.59676 2.09531e-05
         993     1.59666     1.59676 2.09323e-05
         994     1.59633     1.59676 2.09157e-05
         995     1.59704     1.59676 2.08965e-05
         996     1.59637     1.59676 2.08793e-05
         997     1.59649     1.59676 2.08602e-05
         998     1.59681     1.59676 2.08394e-05
         999     1.59662     1.59676  2.0819e-05
        1000     1.59732     1.59676 2.08057e-05
        1001     1.59642     1.59676 2.07877e-05
        1002      1.5964     1.59676 2.07701e-05
        1003     1.59698     1.59676 2.07505e-05
        1004     1.59668     1.59676 2.07299e-05
        1005     1.59639     1.59676 2.07127e-05
        1006     1.59673     1.59676 2.06921e-05
        1007     1.59739     1.59676  2.0681e-05
        1008     1.59667     1.59676 2.06607e-05
        1009     1.59735     1.59676 2.06483e-05
        1010     1.59719     1.59676 2.06321e-05
        1011     1.59673     1.59676 2.06118e-05
        1012     1.59724     1.59676 2.05967e-05
        1013     1.59625     1.59676 2.05827e-05
        1014     1.59677     1.59676 2.05624e-05
        1015     1.59665     1.59676 2.05424e-05
        1016     1.59697     1.59676 2.05232e-05
        1017     1.59629     1.59676 2.05083e-05
        1018     1.59713     1.59676 2.04912e-05
        1019     1.59691     1.59676 2.04716e-05
        1020     1.59707     1.59676 2.04538e-05
        1021     1.59691     1.59676 2.04343e-05
        1022     1.59727     1.59676 2.04203e-05
        1023     1.59719     1.59676 2.04046e-05
        1024     1.59675     1.59676 2.03847e-05
        1025     1.59693     1.59676 2.03655e-05
        1026     1.59682     1.59676 2.03457e-05
        1027     1.59692     1.59676 2.03265e-05
        1028     1.59688     1.59676  2.0307e-05
        1029     1.59705     1.59677 2.02892e-05
        1030     1.59632     1.59676 2.02742e-05
        1031     1.59724     1.59677 2.02597e-05
        1032     1.59676     1.59677 2.02401e-05
        1033     1.59656     1.59677 2.02215e-05
        1034     1.59707     1.59677  2.0204e-05
        1035      1.5972     1.59677 2.01889e-05
        1036      1.5971     1.59677  2.0172e-05
        1037     1.59635     1.59677 2.01566e-05
        1038     1.59713     1.59677 2.01402e-05
        1039     1.59656     1.59677 2.01217e-05
        1040     1.59689     1.59677 2.01028e-05
        1041     1.59707     1.59677 2.00855e-05
        1042     1.59682     1.59677 2.00663e-05
        1043     1.59686     1.59677 2.00473e-05
        1044     1.59732     1.59677 2.00349e-05
        1045     1.59679     1.59677 2.00158e-05
        1046     1.59701     1.59677  1.9998e-05
        1047     1.59727     1.59677 1.99848e-05
        1048     1.59708     1.59677 1.99679e-05
        1049     1.59666     1.59677 1.99491e-05
        1050     1.59726     1.59677 1.99355e-05
        1051     1.59657     1.59677 1.99175e-05
        1052     1.59724     1.59677 1.99036e-05
        1053     1.59656     1.59677 1.98857e-05
        1054       1.597     1.59677  1.9868e-05
        1055     1.59704     1.59677 1.98509e-05
        1056     1.59681     1.59677 1.98321e-05
        1057     1.59738     1.59677 1.98219e-05
        1058     1.59687     1.59677 1.98033e-05
        1059     1.59696     1.59677 1.97855e-05
        1060     1.59687     1.59677  1.9767e-05
        1061      1.5974     1.59677 1.97573e-05
        1062     1.59669     1.59677 1.97388e-05
        1063     1.59688     1.59677 1.97205e-05
        1064     1.59661     1.59677 1.97025e-05
        1065     1.59703     1.59677 1.96855e-05
        1066     1.59686     1.59677 1.96672e-05
        1067     1.59757     1.59677  1.9663e-05
        1068     1.59638     1.59677  1.9648e-05
        1069     1.59741     1.59677 1.96388e-05
        1070     1.59661     1.59677  1.9621e-05
        1071     1.59693     1.59677 1.96032e-05
        1072     1.59682     1.59677  1.9585e-05
        1073     1.59646     1.59677  1.9569e-05
        1074      1.5968     1.59677 1.95508e-05
        1075     1.59657     1.59677 1.95335e-05
        1076     1.59731     1.59677 1.95217e-05
        1077     1.59706     1.59677 1.95054e-05
        1078     1.59676     1.59677 1.94873e-05
        1079     1.59761     1.59677 1.94845e-05
        1080     1.59632     1.59677 1.94711e-05
        1081     1.59748     1.59677 1.94641e-05
        1082     1.59629     1.59677 1.94512e-05
        1083     1.59717     1.59677 1.94367e-05
        1084     1.59674     1.59677 1.94188e-05
        1085     1.59705     1.59677 1.94026e-05
        1086     1.59698     1.59677 1.93857e-05
        1087     1.59632     1.59677 1.93723e-05
        1088     1.59683     1.59677 1.93546e-05
        1089     1.59766     1.59677 1.93541e-05
        1090     1.59566     1.59677 1.93632e-05
        1091     1.59672     1.59677 1.93455e-05
        1092     1.59725     1.59677 1.93326e-05
        1093      1.5965     1.59677 1.93165e-05
        1094     1.59676     1.59677 1.92988e-05
        1095     1.59743     1.59677 1.92907e-05
        1096     1.59655     1.59677 1.92741e-05
        1097      1.5968     1.59677 1.92566e-05
        1098     1.59677     1.59677 1.92391e-05
        1099     1.59675     1.59677 1.92216e-05
        1100     1.59654     1.59677 1.92052e-05
        1101     1.59705     1.59677 1.91894e-05
        1102     1.59662     1.59677 1.91726e-05
        1103     1.59643     1.59677 1.91577e-05
        1104     1.59718     1.59677 1.91438e-05
        1105      1.5968     1.59677 1.91265e-05
        1106     1.59685     1.59677 1.91093e-05
        1107     1.59731     1.59677 1.90982e-05
        1108     1.59641     1.59677 1.90837e-05
        1109     1.59719     1.59677 1.90702e-05
        1110     1.59696     1.59677 1.90538e-05
        1111     1.59723     1.59677 1.90411e-05
        1112     1.59704     1.59677 1.90254e-05
        1113     1.59685     1.59677 1.90084e-05
        1114     1.59693     1.59677 1.89919e-05
        1115     1.59707     1.59678 1.89767e-05
        1116     1.59677     1.59678 1.89597e-05
        1117      1.5969     1.59678 1.89431e-05
        1118     1.59715     1.59678 1.89291e-05
        1119     1.59705     1.59678 1.89138e-05
        1120     1.59678     1.59678 1.88969e-05
        1121     1.59702     1.59678 1.88813e-05
        1122      1.5973     1.59678 1.88701e-05
        1123     1.59694     1.59678 1.88539e-05
        1124     1.59627     1.59678 1.88425e-05
        1125     1.59762     1.59678 1.88408e-05
        1126     1.59637     1.59678 1.88274e-05
        1127     1.59692     1.59678 1.88111e-05
        1128     1.59707     1.59678 1.87963e-05
        1129     1.59694     1.59678 1.87802e-05
        1130      1.5969     1.59678 1.87639e-05
        1131     1.59693     1.59678 1.87478e-05
        1132     1.59747     1.59678 1.87413e-05
        1133     1.59627     1.59678 1.87301e-05
        1134      1.5966     1.59678 1.87143e-05
        1135     1.59734     1.59678 1.87043e-05
        1136     1.59677     1.59678 1.86878e-05
        1137     1.59705     1.59678 1.86729e-05
        1138     1.59704     1.59678 1.86579e-05
        1139     1.59688     1.59678 1.86417e-05
        1140     1.59708     1.59678 1.86272e-05
        1141       1.597     1.59678 1.86119e-05
        1142     1.59654     1.59678 1.85967e-05
        1143     1.59737     1.59678 1.85875e-05
        1144     1.59654     1.59678 1.85725e-05
        1145     1.59711     1.59678 1.85585e-05
        1146     1.59709     1.59678 1.85444e-05
        1147     1.59676     1.59678 1.85282e-05
        1148      1.5972     1.59678 1.85158e-05
        1149     1.59693     1.59678 1.85001e-05
        1150     1.59761     1.59678 1.84979e-05
        1151     1.59654     1.59678  1.8483e-05
        1152     1.59699     1.59678 1.84679e-05
        1153     1.59733     1.59678 1.84581e-05
        1154     1.59679     1.59678 1.84421e-05
        1155     1.59703     1.59678 1.84274e-05
        1156      1.5967     1.59678 1.84116e-05
        1157     1.59707     1.59678 1.83974e-05
        1158     1.59688     1.59678 1.83817e-05
        1159     1.59672     1.59678 1.83659e-05
        1160      1.5967     1.59678 1.83502e-05
        1161     1.59705     1.59678 1.83359e-05
        1162     1.59725     1.59678 1.83246e-05
        1163     1.59717     1.59678 1.83118e-05
        1164     1.59642     1.59678 1.82988e-05
        1165     1.59697     1.59678 1.82838e-05
        1166     1.59704     1.59678 1.82694e-05
        1167     1.59656     1.59678 1.82548e-05
        1168     1.59694     1.59678 1.82396e-05
        1169     1.59691     1.59678 1.82244e-05
        1170     1.59719     1.59678 1.82122e-05
        1171     1.59644     1.59678  1.8199e-05
        1172     1.59704     1.59678 1.81848e-05
        1173     1.59718     1.59678 1.81724e-05
        1174     1.59674     1.59678  1.8157e-05
        1175     1.59693     1.59678 1.81419e-05
        1176     1.59721     1.59678 1.81302e-05
        1177     1.59674     1.59678 1.81148e-05
        1178     1.59717     1.59678 1.81023e-05
        1179     1.59658     1.59678 1.80878e-05
        1180     1.59716     1.59678 1.80753e-05
        1181     1.59629     1.59678 1.80649e-05
        1182     1.59687     1.59678 1.80497e-05
        1183     1.59745     1.59678 1.80432e-05
        1184     1.59568     1.59678  1.8052e-05
        1185     1.59768     1.59678 1.80526e-05
        1186     1.59631     1.59678 1.80418e-05
        1187     1.59697     1.59678 1.80273e-05
        1188     1.59687     1.59678 1.80122e-05
        1189     1.59754     1.59678 1.80082e-05
        1190     1.59572     1.59678 1.80151e-05
        1191     1.59722     1.59678 1.80037e-05
        1192     1.59642     1.59678 1.79912e-05
        1193     1.59705     1.59678 1.79775e-05
        1194     1.59659     1.59678 1.79632e-05
        1195     1.59691     1.59678 1.79484e-05
        1196      1.5969     1.59678 1.79337e-05
        1197     1.59651     1.59678 1.79202e-05
        1198      1.5968     1.59678 1.79053e-05
        1199     1.59702     1.59678 1.78914e-05
        1200     1.59655     1.59678 1.78776e-05
        1201     1.59697     1.59678 1.78634e-05
        1202      1.5969     1.59678 1.78488e-05
        1203     1.59667     1.59678 1.78342e-05
        1204     1.59707     1.59678  1.7821e-05
        1205     1.59636     1.59678 1.78096e-05
        1206     1.59676     1.59678 1.77949e-05
        1207     1.59695     1.59678 1.77807e-05
        1208     1.59628     1.59678 1.77709e-05
        1209      1.5969     1.59678 1.77565e-05
        1210     1.59675     1.59678 1.77418e-05
        1211     1.59655     1.59678 1.77282e-05
        1212     1.59725     1.59678 1.77178e-05
        1213     1.59639     1.59678 1.77061e-05
        1214     1.59722     1.59678 1.76951e-05
        1215     1.59656     1.59678 1.76815e-05
        1216     1.59652     1.59678 1.76683e-05
        1217     1.59709     1.59678 1.76557e-05
        1218     1.59612     1.59678 1.76495e-05
        1219     1.59682     1.59678  1.7635e-05
        1220     1.59668     1.59678 1.76208e-05
        1221     1.59684     1.59678 1.76064e-05
        1222     1.59697     1.59678 1.75926e-05
        1223     1.59632     1.59678 1.75823e-05
        1224     1.59678     1.59678  1.7568e-05
        1225     1.59667     1.59678 1.75539e-05
        1226     1.59697     1.59678 1.75402e-05
        1227     1.59636     1.59678 1.75294e-05
        1228     1.59703     1.59678 1.75162e-05
        1229     1.59637     1.59678 1.75053e-05
        1230     1.59739     1.59678  1.7498e-05
        1231     1.59679     1.59678 1.74838e-05
        1232      1.5969     1.59678 1.74699e-05
        1233       1.597     1.59678 1.74566e-05
        1234     1.59693     1.59678 1.74428e-05
        1235     1.59686     1.59678 1.74288e-05
        1236     1.59698     1.59678 1.74155e-05
        1237     1.59665     1.59678 1.74017e-05
        1238     1.59725     1.59678 1.73917e-05
        1239     1.59681     1.59678 1.73777e-05
        1240      1.5972     1.59678  1.7367e-05
        1241     1.59678     1.59678  1.7353e-05
        1242     1.59752     1.59678 1.73492e-05
        1243     1.59648     1.59678 1.73369e-05
        1244     1.59689     1.59678 1.73232e-05
        1245      1.5972     1.59679 1.73125e-05
        1246     1.59728     1.59679 1.73032e-05
        1247     1.59616     1.59678 1.72966e-05
        1248     1.59763     1.59679 1.72961e-05
        1249     1.59679     1.59679 1.72822e-05
        1250     1.59714     1.59679 1.72707e-05
        1251     1.59741     1.59679 1.72641e-05
        1252     1.59675     1.59679 1.72503e-05
        1253     1.59685     1.59679 1.72366e-05
        1254     1.59711     1.59679 1.72248e-05
        1255     1.59687     1.59679 1.72112e-05
        1256     1.59715     1.59679    1.72e-05
        1257     1.59682     1.59679 1.71863e-05
        1258     1.59697     1.59679 1.71733e-05
        1259     1.59688     1.59679 1.71598e-05
        1260     1.59694     1.59679 1.71466e-05
        1261     1.59675     1.59679 1.71331e-05
        1262     1.59722     1.59679 1.71228e-05
        1263     1.59695     1.59679 1.71098e-05
        1264     1.59711     1.59679 1.70982e-05
        1265     1.59702     1.59679 1.70857e-05
        1266     1.59699     1.59679  1.7073e-05
        1267     1.59683     1.59679 1.70595e-05
        1268     1.59741     1.59679 1.70532e-05
        1269     1.59692     1.59679 1.70401e-05
        1270     1.59674     1.59679 1.70267e-05
        1271      1.5977     1.59679 1.70283e-05
        1272      1.5964     1.59679 1.70176e-05
        1273     1.59638     1.59679 1.70073e-05
        1274     1.59732     1.59679  1.6999e-05
        1275     1.59641     1.59679 1.69883e-05
        1276     1.59668     1.59679 1.69752e-05
        1277     1.59701     1.59679 1.69627e-05
        1278     1.59694     1.59679 1.69499e-05
        1279     1.59707     1.59679  1.6938e-05
        1280     1.59683     1.59679 1.69248e-05
        1281     1.59713     1.59679 1.69138e-05
        1282      1.5969     1.59679 1.69008e-05
        1283     1.59667     1.59679 1.68879e-05
        1284     1.59725     1.59679 1.68785e-05
        1285      1.5966     1.59679  1.6866e-05
        1286     1.59697     1.59679 1.68535e-05
        1287     1.59679     1.59679 1.68404e-05
        1288     1.59691     1.59679 1.68276e-05
        1289      1.5964     1.59679 1.68173e-05
        1290     1.59687     1.59679 1.68044e-05
        1291     1.59691     1.59679 1.67916e-05
        1292     1.59676     1.59679 1.67786e-05
        1293     1.59703     1.59679 1.67666e-05
        1294     1.59703     1.59679 1.67547e-05
        1295     1.59648     1.59679 1.67434e-05
        1296     1.59736     1.59679 1.67363e-05
        1297     1.59691     1.59679 1.67236e-05
        1298     1.59668     1.59679 1.67109e-05
        1299     1.59726     1.59679 1.67019e-05
        1300     1.59729     1.59679 1.66934e-05
        1301     1.59676     1.59679 1.66806e-05
        1302     1.59693     1.59679 1.66682e-05
        1303     1.59742     1.59679 1.66624e-05
        1304     1.59643     1.59679  1.6652e-05
        1305     1.59723     1.59679 1.66426e-05
        1306     1.59659     1.59679 1.66305e-05
        1307     1.59694     1.59679 1.66182e-05
        1308     1.59702     1.59679 1.66064e-05
        1309     1.59654     1.59679 1.65948e-05
        1310     1.59652     1.59679 1.65834e-05
        1311     1.59692     1.59679 1.65711e-05
        1312     1.59664     1.59679 1.65589e-05
        1313     1.59673     1.59679 1.65463e-05
        1314     1.59683     1.59679 1.65337e-05
        1315     1.59689     1.59679 1.65213e-05
        1316     1.59762     1.59679 1.65207e-05
        1317     1.59648     1.59679 1.65099e-05
        1318     1.59747     1.59679 1.65054e-05
        1319     1.59659     1.59679 1.64936e-05
        1320     1.59695     1.59679 1.64815e-05
        1321     1.59738     1.59679  1.6475e-05
        1322     1.59643     1.59679 1.64649e-05
        1323     1.59754     1.59679 1.64621e-05
        1324     1.59686     1.59679 1.64497e-05
        1325     1.59676     1.59679 1.64374e-05
        1326     1.59682     1.59679  1.6425e-05
        1327     1.59687     1.59679 1.64127e-05
        1328     1.59665     1.59679 1.64007e-05
        1329     1.59737     1.59679 1.63941e-05
        1330     1.59592     1.59679 1.63949e-05
        1331     1.59685     1.59679 1.63827e-05
        1332     1.59709     1.59679 1.63719e-05
        1333     1.59712     1.59679 1.63614e-05
        1334     1.59681     1.59679 1.63491e-05
        1335     1.59782     1.59679 1.63549e-05
        1336     1.59648     1.59679 1.63444e-05
        1337     1.59731     1.59679 1.63367e-05
        1338     1.59702     1.59679 1.63254e-05
        1339     1.59708      1.5968 1.63146e-05
        1340     1.59696      1.5968 1.63029e-05
        1341     1.59695      1.5968 1.62911e-05
        1342     1.59738      1.5968 1.62848e-05
        1343     1.59637      1.5968 1.62757e-05
        1344     1.59747      1.5968 1.62713e-05
        1345     1.59682      1.5968 1.62592e-05
        1346     1.59695      1.5968 1.62475e-05
        1347     1.59681      1.5968 1.62355e-05
        1348     1.59758      1.5968 1.62339e-05
        1349       1.597      1.5968 1.62226e-05
        1350      1.5967      1.5968 1.62107e-05
        1351     1.59739      1.5968 1.62046e-05
        1352     1.59681      1.5968 1.61926e-05
        1353     1.59717      1.5968  1.6183e-05
        1354      1.5974      1.5968 1.61771e-05
        1355     1.59676      1.5968 1.61652e-05
        1356     1.59729      1.5968 1.61573e-05
        1357      1.5968      1.5968 1.61454e-05
        1358     1.59677      1.5968 1.61335e-05
        1359     1.59723      1.5968 1.61248e-05
        1360     1.59652      1.5968 1.61142e-05
        1361     1.59703      1.5968 1.61033e-05
        1362     1.59704      1.5968 1.60924e-05
        1363     1.59686      1.5968 1.60807e-05
        1364     1.59698      1.5968 1.60695e-05
        1365     1.59707      1.5968 1.60589e-05
        1366     1.59718      1.5968 1.60496e-05
        1367     1.59654      1.5968  1.6039e-05
        1368     1.59705      1.5968 1.60283e-05
        1369     1.59745      1.5968 1.60236e-05
        1370     1.59654      1.5968 1.60131e-05
        1371     1.59714      1.5968 1.60033e-05
        1372     1.59651      1.5968 1.59931e-05
        1373     1.59778      1.5968 1.59974e-05
        1374     1.59612      1.5968 1.59933e-05
        1375     1.59695      1.5968 1.59821e-05
        1376     1.59697      1.5968 1.59709e-05
        1377     1.59668      1.5968 1.59596e-05
        1378     1.59721      1.5968 1.59508e-05
        1379     1.59624      1.5968 1.59443e-05
        1380     1.59759      1.5968 1.59432e-05
        1381     1.59685      1.5968 1.59317e-05
        1382     1.59698      1.5968 1.59206e-05
        1383     1.59676      1.5968 1.59091e-05
        1384     1.59702      1.5968 1.58985e-05
        1385     1.59678      1.5968  1.5887e-05
        1386       1.597      1.5968 1.58762e-05
        1387     1.59684      1.5968 1.58648e-05
        1388     1.59679      1.5968 1.58533e-05
        1389     1.59651      1.5968 1.58433e-05
        1390     1.59706      1.5968  1.5833e-05
        1391     1.59693      1.5968 1.58219e-05
        1392     1.59629      1.5968 1.58147e-05
        1393     1.59702      1.5968 1.58041e-05
        1394     1.59649      1.5968 1.57944e-05
        1395     1.59658      1.5968 1.57839e-05
        1396     1.59747      1.5968 1.57799e-05
        1397     1.59646      1.5968 1.57705e-05
        1398     1.59741      1.5968 1.57653e-05
        1399     1.59638      1.5968 1.57569e-05
        1400     1.59673      1.5968 1.57458e-05
        1401     1.59735      1.5968 1.57394e-05
        1402     1.59611      1.5968 1.57359e-05
        1403     1.59728      1.5968 1.57284e-05
        1404     1.59683      1.5968 1.57172e-05
        1405      1.5973      1.5968   1.571e-05
        1406     1.59698      1.5968 1.56993e-05
        1407     1.59719      1.5968 1.56907e-05
        1408     1.59674      1.5968 1.56796e-05
        1409     1.59702      1.5968 1.56692e-05
        1410     1.59629      1.5968 1.56624e-05
        1411     1.59685      1.5968 1.56513e-05
        1412     1.59662      1.5968 1.56408e-05
        1413     1.59745      1.5968 1.56363e-05
        1414     1.59689      1.5968 1.56254e-05
        1415     1.59695      1.5968 1.56147e-05
        1416     1.59739      1.5968 1.56091e-05
        1417     1.59715      1.5968    1.56e-05
        1418     1.59656      1.5968   1.559e-05
        1419     1.59683      1.5968  1.5579e-05
        1420     1.59713      1.5968 1.55698e-05
        1421     1.59663      1.5968 1.55593e-05
        1422     1.59745      1.5968 1.55551e-05
        1423     1.59647      1.5968 1.55459e-05
        1424     1.59701      1.5968 1.55357e-05
        1425     1.59703      1.5968 1.55256e-05
        1426     1.59701      1.5968 1.55154e-05
        1427      1.5969      1.5968 1.55047e-05
        1428     1.59732      1.5968 1.54981e-05
        1429     1.59688      1.5968 1.54873e-05
        1430     1.59709      1.5968 1.54778e-05
        1431       1.597      1.5968 1.54676e-05
        1432     1.59713      1.5968 1.54585e-05
        1433     1.59699      1.5968 1.54482e-05
        1434     1.59665      1.5968 1.54378e-05
        1435     1.59713      1.5968 1.54288e-05
        1436     1.59698      1.5968 1.54185e-05
        1437     1.59741     1.59681 1.54135e-05
        1438     1.59693     1.59681 1.54031e-05
        1439     1.59684     1.59681 1.53924e-05
        1440     1.59721     1.59681 1.53842e-05
        1441     1.59739     1.59681 1.53789e-05
        1442     1.59652     1.59681 1.53695e-05
        1443     1.59694     1.59681 1.53591e-05
        1444     1.59679     1.59681 1.53485e-05
        1445     1.59699     1.59681 1.53384e-05
        1446     1.59648     1.59681 1.53294e-05
        1447     1.59695     1.59681 1.53192e-05
        1448     1.59696     1.59681 1.53089e-05
        1449     1.59734     1.59681 1.53029e-05
        1450     1.59642     1.59681 1.52946e-05
        1451     1.59706     1.59681 1.52851e-05
        1452     1.59686     1.59681 1.52746e-05
        1453     1.59705     1.59681  1.5265e-05
        1454     1.59651     1.59681 1.52559e-05
        1455     1.59697     1.59681 1.52458e-05
        1456      1.5971     1.59681 1.52367e-05
        1457      1.5971     1.59681 1.52275e-05
        1458     1.59643     1.59681 1.52193e-05
        1459     1.59707     1.59681 1.52099e-05
        1460     1.59647     1.59681 1.52012e-05
        1461     1.59725     1.59681 1.51939e-05
        1462     1.59683     1.59681 1.51835e-05
        1463     1.59696     1.59681 1.51735e-05
        1464     1.59704     1.59681 1.51639e-05
        1465     1.59659     1.59681 1.51543e-05
        1466     1.59735     1.59681 1.51485e-05
        1467      1.5963     1.59681 1.51421e-05
        1468     1.59724     1.59681 1.51347e-05
        1469     1.59676     1.59681 1.51244e-05
        1470     1.59683     1.59681 1.51141e-05
        1471     1.59672     1.59681 1.51039e-05
        1472     1.59658     1.59681 1.50944e-05
        1473      1.5972     1.59681 1.50865e-05
        1474     1.59621     1.59681 1.50817e-05
        1475     1.59719     1.59681 1.50737e-05
        1476     1.59667     1.59681 1.50638e-05
        1477     1.59714     1.59681 1.50553e-05
        1478       1.597     1.59681 1.50457e-05
        1479     1.59678     1.59681 1.50355e-05
        1480     1.59673     1.59681 1.50255e-05
        1481     1.59705     1.59681 1.50162e-05
        1482      1.5967     1.59681 1.50063e-05
        1483     1.59701     1.59681 1.49968e-05
        1484     1.59683     1.59681 1.49867e-05
        1485     1.59673     1.59681 1.49767e-05
        1486     1.59726     1.59681 1.49698e-05
        1487     1.59709     1.59681 1.49609e-05
        1488     1.59684     1.59681 1.49508e-05
        1489     1.59711     1.59681 1.49421e-05
        1490     1.59654     1.59681 1.49332e-05
        1491     1.59706     1.59681 1.49242e-05
        1492     1.59691     1.59681 1.49143e-05
        1493     1.59725     1.59681 1.49072e-05
        1494     1.59697     1.59681 1.48976e-05
        1495     1.59738     1.59681 1.48926e-05
        1496     1.59669     1.59681 1.48828e-05
        1497     1.59705     1.59681 1.48738e-05
        1498     1.59671     1.59681  1.4864e-05
        1499     1.59664     1.59681 1.48545e-05
        1500     1.59638     1.59681 1.48474e-05
        1501     1.59635     1.59681 1.48407e-05
        1502     1.59642     1.59681 1.48331e-05
        1503     1.59724     1.59681 1.48261e-05
        1504     1.59705     1.59681 1.48171e-05
        1505     1.59693     1.59681 1.48074e-05
        1506     1.59697     1.59681  1.4798e-05
        1507      1.5967     1.59681 1.47883e-05
        1508     1.59744     1.59681 1.47844e-05
        1509     1.59657     1.59681 1.47755e-05
        1510     1.59712     1.59681 1.47671e-05
        1511     1.59678     1.59681 1.47573e-05
        1512     1.59803     1.59681 1.47698e-05
        1513      1.5958     1.59681 1.47753e-05
        1514      1.5971     1.59681 1.47668e-05
        1515     1.59679     1.59681  1.4757e-05
        1516     1.59732     1.59681 1.47512e-05
        1517     1.59634     1.59681 1.47447e-05
        1518     1.59715     1.59681 1.47367e-05
        1519     1.59637     1.59681 1.47298e-05
        1520     1.59723     1.59681 1.47228e-05
        1521     1.59677     1.59681 1.47131e-05
        1522     1.59672     1.59681 1.47036e-05
        1523     1.59682     1.59681 1.46939e-05
        1524     1.59721     1.59681 1.46866e-05
        1525     1.59664     1.59681 1.46774e-05
        1526     1.59687     1.59681 1.46678e-05
        1527     1.59681     1.59681 1.46582e-05
        1528     1.59729     1.59681  1.4652e-05
        1529     1.59666     1.59681 1.46428e-05
        1530     1.59727     1.59681 1.46363e-05
        1531     1.59664     1.59681 1.46272e-05
        1532     1.59696     1.59681  1.4618e-05
        1533      1.5969     1.59681 1.46085e-05
        1534     1.59662     1.59681 1.45995e-05
        1535     1.59659     1.59681 1.45907e-05
        1536     1.59692     1.59681 1.45814e-05
        1537      1.5967     1.59681 1.45721e-05
        1538     1.59627     1.59681 1.45669e-05
        1539     1.59712     1.59681 1.45589e-05
        1540     1.59716     1.59681 1.45512e-05
        1541     1.59691     1.59681 1.45419e-05
        1542     1.59704     1.59681 1.45332e-05
        1543     1.59683     1.59681 1.45238e-05
        1544     1.59703     1.59681  1.4515e-05
        1545     1.59691     1.59681 1.45058e-05
        1546     1.59642     1.59681 1.44985e-05
        1547     1.59706     1.59681 1.44901e-05
        1548     1.59663     1.59681 1.44812e-05
        1549     1.59648     1.59681 1.44735e-05
        1550      1.5971     1.59681 1.44653e-05
        1551     1.59685     1.59681  1.4456e-05
        1552     1.59707     1.59681 1.44476e-05
        1553     1.59708     1.59681 1.44394e-05
        1554     1.59686     1.59681 1.44302e-05
        1555      1.5967     1.59681 1.44211e-05
        1556     1.59707     1.59681 1.44128e-05
        1557     1.59688     1.59681 1.44036e-05
        1558     1.59702     1.59681  1.4395e-05
        1559     1.59716     1.59681 1.43874e-05
        1560     1.59686     1.59681 1.43782e-05
        1561     1.59703     1.59681 1.43697e-05
        1562     1.59766     1.59681 1.43707e-05
        1563     1.59647     1.59681 1.43632e-05
        1564     1.59765     1.59681  1.4364e-05
        1565     1.59717     1.59681 1.43567e-05
        1566     1.59693     1.59681 1.43477e-05
        1567     1.59705     1.59681 1.43393e-05
        1568     1.59674     1.59681 1.43302e-05
        1569     1.59687     1.59681 1.43211e-05
        1570     1.59665     1.59681 1.43124e-05
        1571     1.59699     1.59681 1.43038e-05
        1572     1.59754     1.59681 1.43021e-05
        1573     1.59627     1.59681 1.42972e-05
        1574     1.59713     1.59681 1.42895e-05
        1575     1.59766     1.59681 1.42906e-05
        1576     1.59559     1.59681 1.43027e-05
        1577     1.59686     1.59681 1.42937e-05
        1578     1.59687     1.59681 1.42847e-05
        1579     1.59688     1.59681 1.42757e-05
        1580     1.59695     1.59681 1.42669e-05
        1581     1.59702     1.59681 1.42585e-05
        1582     1.59646     1.59681 1.42512e-05
        1583     1.59717     1.59681 1.42441e-05
        1584     1.59674     1.59681 1.42351e-05
        1585     1.59707     1.59681 1.42271e-05
        1586     1.59671     1.59681 1.42182e-05
        1587     1.59669     1.59681 1.42095e-05
        1588     1.59754     1.59681  1.4208e-05
        1589     1.59632     1.59681 1.42024e-05
        1590      1.5968     1.59681 1.41935e-05
        1591     1.59671     1.59681 1.41847e-05
        1592     1.59692     1.59681 1.41759e-05
        1593     1.59664     1.59681 1.41675e-05
        1594     1.59634     1.59681 1.41617e-05
        1595     1.59672     1.59681 1.41529e-05
        1596     1.59637     1.59681 1.41467e-05
        1597     1.59679     1.59681 1.41379e-05
        1598     1.59658     1.59681 1.41297e-05
        1599      1.5969     1.59681  1.4121e-05
        1600     1.59667     1.59681 1.41124e-05
        1601     1.59725     1.59681 1.41063e-05
        1602     1.59613     1.59681 1.41039e-05
        1603     1.59719     1.59681 1.40971e-05
        1604      1.5963     1.59681  1.4092e-05
        1605     1.59713     1.59681 1.40846e-05
        1606     1.59656     1.59681 1.40767e-05
        1607     1.59667     1.59681 1.40682e-05
        1608     1.59709     1.59681 1.40605e-05
        1609     1.59629     1.59681 1.40555e-05
        1610     1.59695     1.59681  1.4047e-05
        1611     1.59669     1.59681 1.40385e-05
        1612     1.59662     1.59681 1.40302e-05
        1613     1.59658     1.59681 1.40223e-05
        1614     1.59682     1.59681 1.40136e-05
        1615     1.59641     1.59681 1.40071e-05
        1616     1.59685     1.59681 1.39984e-05
        1617     1.59724     1.59681 1.39923e-05
        1618      1.5964     1.59681  1.3986e-05
        1619     1.59672     1.59681 1.39775e-05
        1620     1.59695     1.59681 1.39691e-05
        1621     1.59722     1.59681 1.39628e-05
        1622     1.59656     1.59681  1.3955e-05
        1623     1.59689     1.59681 1.39465e-05
        1624     1.59691     1.59681 1.39381e-05
        1625     1.59692     1.59681 1.39296e-05
        1626     1.59691     1.59681 1.39212e-05
        1627      1.5965     1.59681 1.39139e-05
        1628     1.59697     1.59681 1.39057e-05
        1629     1.59743     1.59681 1.39024e-05
        1630      1.5967     1.59681  1.3894e-05
        1631     1.59706     1.59681 1.38864e-05
        1632     1.59694     1.59681 1.38781e-05
        1633      1.5966     1.59681 1.38702e-05
        1634     1.59694     1.59681  1.3862e-05
        1635     1.59671     1.59681 1.38536e-05
        1636     1.59694     1.59681 1.38454e-05
        1637     1.59688     1.59681  1.3837e-05
        1638     1.59688     1.59681 1.38286e-05
        1639     1.59676     1.59681 1.38202e-05
        1640     1.59636     1.59681 1.38146e-05
        1641     1.59744     1.59681 1.38114e-05
        1642     1.59572     1.59681  1.3819e-05
        1643     1.59712     1.59681 1.38119e-05
        1644     1.59653     1.59681 1.38046e-05
        1645     1.59702     1.59681 1.37968e-05
        1646     1.59719     1.59681 1.37903e-05
        1647     1.59657     1.59681 1.37827e-05
        1648     1.59693     1.59681 1.37745e-05
        1649     1.59733     1.59681 1.37697e-05
        1650      1.5965     1.59681 1.37627e-05
        1651     1.59692     1.59681 1.37545e-05
        1652     1.59683     1.59681 1.37462e-05
        1653     1.59678     1.59681 1.37379e-05
        1654     1.59641     1.59681 1.37316e-05
        1655     1.59756     1.59681 1.37307e-05
        1656     1.59647     1.59681  1.3724e-05
        1657     1.59689     1.59681 1.37158e-05
        1658     1.59719     1.59681 1.37094e-05
        1659     1.59631     1.59681 1.37045e-05
        1660     1.59741     1.59681  1.3701e-05
        1661     1.59662     1.59681 1.36932e-05
        1662      1.5967     1.59681 1.36852e-05
        1663     1.59724     1.59681 1.36794e-05
        1664      1.5961     1.59681 1.36779e-05
        1665     1.59757     1.59681 1.36772e-05
        1666     1.59609     1.59681 1.36758e-05
        1667     1.59727     1.59681 1.36703e-05
        1668     1.59727     1.59681 1.36648e-05
        1669     1.59618     1.59681 1.36619e-05
        1670     1.59722     1.59681  1.3656e-05
        1671     1.59671     1.59681 1.36479e-05
        1672     1.59662     1.59681 1.36403e-05
        1673     1.59744     1.59681 1.36373e-05
        1674     1.59652     1.59681 1.36303e-05
        1675     1.59713     1.59681 1.36236e-05
        1676     1.59644     1.59681 1.36172e-05
        1677     1.59697     1.59681 1.36094e-05
        1678     1.59676     1.59681 1.36013e-05
        1679     1.59696     1.59681 1.35935e-05
        1680     1.59707     1.59681 1.35863e-05
        1681     1.59695     1.59681 1.35784e-05
        1682     1.59694     1.59681 1.35706e-05
        1683     1.59709     1.59681 1.35635e-05
        1684     1.59657     1.59681 1.35563e-05
        1685     1.59738     1.59681 1.35524e-05
        1686     1.59623     1.59681 1.35488e-05
        1687     1.59718     1.59681 1.35426e-05
        1688     1.59656     1.59681 1.35354e-05
        1689     1.59671     1.59681 1.35275e-05
        1690     1.59639     1.59681 1.35219e-05
        1691     1.59701     1.59681 1.35144e-05
        1692     1.59641     1.59681 1.35084e-05
        1693     1.59696     1.59681 1.35007e-05
        1694     1.59666     1.59681 1.34931e-05
        1695     1.59643     1.59681  1.3487e-05
        1696     1.59694     1.59681 1.34792e-05
        1697     1.59658     1.59681  1.3472e-05
        1698     1.59689     1.59681 1.34641e-05
        1699     1.59666     1.59681 1.34565e-05
        1700     1.59708     1.59681 1.34495e-05
        1701     1.59687     1.59681 1.34416e-05
        1702     1.59695     1.59681  1.3434e-05
        1703     1.59689     1.59681 1.34262e-05
        1704     1.59662     1.59681 1.34188e-05
        1705     1.59719     1.59681 1.34128e-05
        1706     1.59638     1.59681 1.34072e-05
        1707     1.59723     1.59681 1.34017e-05
        1708     1.59708     1.59681 1.33947e-05
        1709      1.5969     1.59681  1.3387e-05
        1710     1.59656     1.59681   1.338e-05
        1711     1.59682     1.59681 1.33722e-05
        1712      1.5968     1.59681 1.33644e-05
        1713     1.59698     1.59681 1.33569e-05
        1714     1.59664     1.59681 1.33495e-05
        1715     1.59647     1.59681 1.33432e-05
        1716     1.59718     1.59681 1.33372e-05
        1717      1.5966     1.59681   1.333e-05
        1718     1.59672     1.59681 1.33223e-05
        1719     1.59712     1.59681 1.33158e-05
        1720     1.59692     1.59681 1.33082e-05
        1721      1.5966     1.59681  1.3301e-05
        1722     1.59724     1.59681 1.32956e-05
        1723     1.59665     1.59681 1.32882e-05
        1724       1.597     1.59681 1.32809e-05
        1725      1.5969     1.59681 1.32733e-05
        1726      1.5963     1.59681 1.32689e-05
        1727     1.59796     1.59681 1.32779e-05
        1728     1.59601     1.59681 1.32783e-05
        1729     1.59692     1.59681 1.32708e-05
        1730     1.59713     1.59681 1.32644e-05
        1731     1.59586     1.59681 1.32683e-05
        1732     1.59757     1.59681 1.32678e-05
        1733     1.59591     1.59681 1.32703e-05
        1734     1.59675     1.59681 1.32627e-05
        1735     1.59668     1.59681 1.32553e-05
        1736     1.59667     1.59681 1.32479e-05
        1737     1.59701     1.59681 1.32408e-05
        1738      1.5967     1.59681 1.32333e-05
        1739     1.59697     1.59681  1.3226e-05
        1740     1.59619     1.59681 1.32233e-05
        1741     1.59698     1.59681 1.32161e-05
        1742     1.59667     1.59681 1.32087e-05
        1743     1.59715     1.59681 1.32026e-05
        1744     1.59637     1.59681 1.31975e-05
        1745     1.59693     1.59681 1.31901e-05
        1746     1.59723     1.59681 1.31847e-05
        1747     1.59655     1.59681  1.3178e-05
        1748     1.59742     1.59681 1.31751e-05
        1749     1.59701     1.59681  1.3168e-05
        1750     1.59709     1.59681 1.31614e-05
        1751     1.59669     1.59681 1.31541e-05
        1752     1.59662     1.59681  1.3147e-05
        1753     1.59695     1.59681 1.31398e-05
        1754     1.59689     1.59681 1.31323e-05
        1755     1.59666     1.59681 1.31252e-05
        1756     1.59684     1.59681 1.31177e-05
        1757     1.59717     1.59681 1.31118e-05
        1758     1.59667     1.59681 1.31046e-05
        1759     1.59694     1.59681 1.30973e-05
        1760     1.59663     1.59681 1.30903e-05
        1761     1.59733     1.59681 1.30862e-05
        1762     1.59679     1.59681 1.30787e-05
        1763     1.59666     1.59681 1.30716e-05
        1764     1.59687     1.59681 1.30642e-05
        1765     1.59703     1.59681 1.30574e-05
        1766     1.59727     1.59681 1.30526e-05
        1767     1.59666     1.59681 1.30455e-05
        1768     1.59773     1.59681 1.30484e-05
        1769      1.5965     1.59681 1.30422e-05
        1770     1.59648     1.59681 1.30362e-05
        1771     1.59708     1.59681 1.30297e-05
        1772     1.59685     1.59681 1.30224e-05
        1773     1.59698     1.59681 1.30154e-05
        1774     1.59688     1.59681 1.30081e-05
        1775     1.59722     1.59681 1.30028e-05
        1776      1.5965     1.59681 1.29967e-05
        1777     1.59704     1.59681   1.299e-05
        1778     1.59684     1.59681 1.29827e-05
        1779     1.59739     1.59681 1.29794e-05
        1780     1.59692     1.59681 1.29723e-05
        1781     1.59691     1.59681 1.29651e-05
        1782     1.59738     1.59681 1.29617e-05
        1783     1.59704     1.59681 1.29551e-05
        1784     1.59686     1.59681 1.29479e-05
        1785     1.59709     1.59682 1.29415e-05
        1786     1.59685     1.59682 1.29343e-05
        1787     1.59751     1.59682 1.29329e-05
        1788     1.59654     1.59682 1.29266e-05
        1789     1.59687     1.59682 1.29194e-05
        1790     1.59693     1.59682 1.29124e-05
        1791     1.59657     1.59682 1.29059e-05
        1792     1.59727     1.59682 1.29012e-05
        1793     1.59635     1.59682 1.28967e-05
        1794     1.59766     1.59682  1.2898e-05
        1795     1.59616     1.59682 1.28959e-05
        1796     1.59735     1.59682 1.28921e-05
        1797     1.59627     1.59682 1.28886e-05
        1798     1.59758     1.59682 1.28884e-05
        1799     1.59657     1.59682  1.2882e-05
        1800     1.59744     1.59682 1.28795e-05
        1801      1.5965     1.59682 1.28736e-05
        1802     1.59714     1.59682 1.28677e-05
        1803     1.59709     1.59682 1.28615e-05
        1804     1.59702     1.59682 1.28548e-05
        1805     1.59725     1.59682 1.28499e-05
        1806     1.59658     1.59682 1.28435e-05
        1807     1.59695     1.59682 1.28366e-05
        1808     1.59672     1.59682 1.28296e-05
        1809      1.5967     1.59682 1.28227e-05
        1810     1.59676     1.59682 1.28156e-05
        1811     1.59716     1.59682 1.28099e-05
        1812      1.5963     1.59682  1.2806e-05
        1813     1.59706     1.59682 1.27997e-05
        1814     1.59704     1.59682 1.27932e-05
        1815     1.59722     1.59682 1.27881e-05
        1816     1.59666     1.59682 1.27814e-05
        1817     1.59747     1.59682 1.27794e-05
        1818     1.59643     1.59682 1.27741e-05
        1819     1.59721     1.59682 1.27689e-05
        1820     1.59653     1.59682 1.27629e-05
        1821     1.59712     1.59682  1.2757e-05
        1822     1.59651     1.59682 1.27511e-05
        1823     1.59692     1.59682 1.27442e-05
        1824     1.59696     1.59682 1.27374e-05
        1825      1.5969     1.59682 1.27305e-05
        1826     1.59696     1.59682 1.27238e-05
        1827     1.59704     1.59682 1.27174e-05
        1828     1.59677     1.59682 1.27105e-05
        1829     1.59702     1.59682  1.2704e-05
        1830     1.59742     1.59682 1.27014e-05
        1831     1.59692     1.59682 1.26946e-05
        1832     1.59675     1.59682 1.26877e-05
        1833     1.59716     1.59682 1.26821e-05
        1834     1.59698     1.59682 1.26755e-05
        1835     1.59682     1.59682 1.26686e-05
        1836     1.59738     1.59682 1.26654e-05
        1837       1.597     1.59682 1.26589e-05
        1838     1.59709     1.59682 1.26528e-05
        1839     1.59668     1.59682 1.26462e-05
        1840     1.59676     1.59682 1.26394e-05
        1841     1.59722     1.59682 1.26344e-05
        1842     1.59678     1.59682 1.26276e-05
        1843     1.59658     1.59682 1.26214e-05
        1844     1.59705     1.59682 1.26152e-05
        1845     1.59666     1.59682 1.26087e-05
        1846     1.59711     1.59682 1.26028e-05
        1847     1.59657     1.59682 1.25967e-05
        1848     1.59678     1.59682 1.25899e-05
        1849     1.59842     1.59682 1.26128e-05
        1850     1.59571     1.59682 1.26203e-05
        1851     1.59716     1.59682 1.26148e-05
        1852     1.59713     1.59682 1.26091e-05
        1853     1.59628     1.59682 1.26056e-05
        1854     1.59678     1.59682 1.25988e-05
        1855      1.5973     1.59682 1.25947e-05
        1856     1.59668     1.59682 1.25881e-05
        1857     1.59683     1.59682 1.25813e-05
        1858     1.59679     1.59682 1.25746e-05
        1859     1.59673     1.59682 1.25679e-05
        1860     1.59689     1.59682 1.25612e-05
        1861     1.59656     1.59682 1.25552e-05
        1862      1.5965     1.59682 1.25496e-05
        1863     1.59706     1.59682 1.25435e-05
        1864     1.59639     1.59682 1.25389e-05
        1865     1.59674     1.59682 1.25322e-05
        1866     1.59665     1.59682 1.25258e-05
        1867     1.59694     1.59682 1.25193e-05
        1868     1.59669     1.59682 1.25128e-05
        1869     1.59703     1.59682 1.25066e-05
        1870     1.59711     1.59682 1.25009e-05
        1871     1.59682     1.59682 1.24942e-05
        1872     1.59703     1.59682 1.24881e-05
        1873     1.59635     1.59682 1.24839e-05
        1874     1.59729     1.59682 1.24797e-05
        1875     1.59628     1.59682 1.24764e-05
        1876     1.59755     1.59682 1.24759e-05
        1877     1.59653     1.59682 1.24702e-05
        1878     1.59684     1.59682 1.24636e-05
        1879     1.59707     1.59682 1.24576e-05
        1880     1.59687     1.59682  1.2451e-05
        1881     1.59681     1.59682 1.24444e-05
        1882     1.59731     1.59682 1.24405e-05
        1883      1.5967     1.59682 1.24341e-05
        1884     1.59681     1.59682 1.24275e-05
        1885     1.59686     1.59682 1.24209e-05
        1886      1.5972     1.59682  1.2416e-05
        1887     1.59681     1.59682 1.24094e-05
        1888     1.59722     1.59682 1.24046e-05
        1889     1.59695     1.59682 1.23982e-05
        1890     1.59727     1.59682 1.23939e-05
        1891     1.59667     1.59682 1.23876e-05
        1892     1.59703     1.59682 1.23816e-05
        1893     1.59722     1.59682 1.23769e-05
        1894      1.5973     1.59682 1.23729e-05
        1895      1.5968     1.59682 1.23664e-05
        1896     1.59728     1.59682 1.23623e-05
        1897     1.59654     1.59682 1.23567e-05
        1898     1.59715     1.59682 1.23514e-05
        1899     1.59726     1.59682  1.2347e-05
        1900     1.59701     1.59682 1.23409e-05
        1901     1.59716     1.59682 1.23358e-05
        1902      1.5965     1.59682 1.23304e-05
        1903     1.59719     1.59682 1.23254e-05
        1904     1.59711     1.59682 1.23199e-05
        1905     1.59699     1.59682 1.23138e-05
        1906     1.59678     1.59682 1.23074e-05
        1907     1.59691     1.59682  1.2301e-05
        1908     1.59652     1.59682 1.22955e-05
        1909     1.59676     1.59682 1.22891e-05
        1910     1.59724     1.59682 1.22847e-05
        1911      1.5964     1.59682 1.22802e-05
        1912     1.59681     1.59682 1.22738e-05
        1913     1.59718     1.59682 1.22688e-05
        1914      1.5964     1.59682 1.22643e-05
        1915     1.59642     1.59682 1.22597e-05
        1916     1.59708     1.59682 1.22541e-05
        1917      1.5964     1.59682 1.22496e-05
        1918     1.59697     1.59682 1.22435e-05
        1919     1.59688     1.59682 1.22372e-05
        1920     1.59701     1.59682 1.22312e-05
        1921     1.59673     1.59682 1.22249e-05
        1922     1.59674     1.59682 1.22186e-05
        1923      1.5965     1.59682 1.22134e-05
        1924     1.59673     1.59682 1.22072e-05
        1925     1.59716     1.59682 1.22021e-05
        1926     1.59655     1.59682 1.21966e-05
        1927     1.59698     1.59682 1.21905e-05
        1928     1.59661     1.59682 1.21847e-05
        1929     1.59793     1.59682  1.2192e-05
        1930     1.59577     1.59682 1.21979e-05
        1931     1.59693     1.59682 1.21917e-05
        1932     1.59673     1.59682 1.21855e-05
        1933     1.59696     1.59682 1.21795e-05
        1934     1.59643     1.59682 1.21748e-05
        1935     1.59681     1.59682 1.21685e-05
        1936     1.59721     1.59682 1.21639e-05
        1937     1.59675     1.59682 1.21577e-05
        1938     1.59724     1.59682 1.21533e-05
        1939     1.59683     1.59682 1.21471e-05
        1940      1.5971     1.59682 1.21417e-05
        1941     1.59665     1.59682 1.21357e-05
        1942     1.59701     1.59682 1.21299e-05
        1943     1.59693     1.59682 1.21237e-05
        1944     1.59649     1.59682 1.21187e-05
        1945     1.59679     1.59682 1.21125e-05
        1946     1.59726     1.59682 1.21084e-05
        1947     1.59636     1.59682 1.21045e-05
        1948     1.59709     1.59682 1.20991e-05
        1949     1.59683     1.59682 1.20929e-05
        1950     1.59686     1.59682 1.20867e-05
        1951     1.59685     1.59682 1.20805e-05
        1952     1.59699     1.59682 1.20746e-05
        1953      1.5969     1.59682 1.20685e-05
        1954     1.59659     1.59682 1.20629e-05
        1955     1.59693     1.59682 1.20569e-05
        1956     1.59729     1.59682 1.20531e-05
        1957     1.59633     1.59682 1.20496e-05
        1958     1.59711     1.59682 1.20443e-05
        1959     1.59693     1.59682 1.20383e-05
        1960      1.5973     1.59682 1.20346e-05
        1961       1.597     1.59682 1.20288e-05
        1962     1.59707     1.59682 1.20234e-05
        1963     1.59675     1.59682 1.20173e-05
        1964     1.59732     1.59682 1.20139e-05
        1965     1.59664     1.59682 1.20081e-05
        1966     1.59704     1.59682 1.20025e-05
        1967     1.59674     1.59682 1.19965e-05
        1968     1.59739     1.59682 1.19939e-05
        1969     1.59697     1.59682 1.19881e-05
        1970      1.5968     1.59682  1.1982e-05
        1971      1.5965     1.59682  1.1977e-05
        1972     1.59687     1.59682 1.19709e-05
        1973     1.59711     1.59682 1.19657e-05
        1974     1.59662     1.59682 1.19601e-05
        1975      1.5974     1.59682 1.19576e-05
        1976     1.59692     1.59682 1.19517e-05
        1977     1.59692     1.59682 1.19457e-05
        1978     1.59716     1.59682 1.19409e-05
        1979     1.59668     1.59682 1.19351e-05
        1980     1.59732     1.59682 1.19317e-05
        1981     1.59723     1.59682 1.19275e-05
        1982      1.5969     1.59682 1.19215e-05
        1983     1.59699     1.59682 1.19158e-05
        1984     1.59688     1.59682 1.19099e-05
        1985     1.59671     1.59682  1.1904e-05
        1986      1.5969     1.59682 1.18981e-05
        1987     1.59672     1.59682 1.18922e-05
        1988     1.59742     1.59682   1.189e-05
        1989     1.59703     1.59682 1.18844e-05
        1990     1.59681     1.59682 1.18785e-05
        1991     1.59666     1.59682 1.18728e-05
        1992      1.5972     1.59682 1.18683e-05
        1993     1.59693     1.59682 1.18625e-05
        1994     1.59697     1.59682 1.18567e-05
        1995     1.59696     1.59682  1.1851e-05
        1996     1.59692     1.59682 1.18451e-05
        1997     1.59677     1.59682 1.18392e-05
        1998     1.59668     1.59682 1.18335e-05
        1999     1.59715     1.59682 1.18287e-05
        2000     1.59658     1.59682 1.18234e-05
