0 0 0
-0.492662 0.85025 0.18536
-0.487432 -0.143254 0.299033
-0.371188 0.849966 0.298035
-1.20014 0.61777 0.806876
-0.481746 -0.0438453 0.592002
0.295514 -0.476823 1.04851
1.08135 -0.207964 1.60544
1.96653 0.256884 1.58573
2.77571 -0.232179 1.2601
2.6661 0.718765 1.5494
3.39359 0.477716 0.907023
4.15885 0.0637914 0.414021
4.7592 0.662526 -0.116167
4.10998 0.00846927 0.272063
4.02785 0.391167 -0.648153
3.88767 0.472371 0.338638
3.91274 -0.107495 -0.475688
3.20043 0.200991 0.154753
2.43069 0.794805 0.389036
2.65913 -0.0236093 -0.138232
3.64948 0.110323 -0.17398
3.5245 0.655643 -1.00284
3.04526 -0.160211 -0.679243
3.79545 -0.734908 -1.00624
4.71905 -0.366594 -1.11262
5.33422 0.314299 -0.71519
5.04924 0.278364 0.242668
5.17519 -0.0288816 1.18593
4.76454 -0.0866677 0.275966
4.02589 -0.44197 -0.296888
3.55061 -1.25279 0.0446876
3.59259 -0.273494 0.242705
4.51069 -0.483796 -0.0932388
5.35429 -0.200935 0.363204
5.9396 0.490328 0.786949
6.50848 -0.0257257 1.42731
6.5888 0.839926 0.933149
6.62307 0.0980951 1.60286
7.16541 -0.706524 1.36108
7.44753 -1.55747 0.918018
7.45042 -2.55733 0.934449
8.15213 -2.50951 1.64531
8.39534 -1.89431 2.39522
9.00755 -2.34763 3.04307
9.14659 -2.19378 4.02133
8.67093 -2.28447 4.89627
9.31749 -1.73919 4.36276
9.80597 -2.42353 3.82141
10.4195 -2.05717 4.52093
10.0172 -2.52725 3.73533
9.42167 -1.84625 3.3092
8.80147 -2.48564 3.76367
7.90984 -2.72637 4.14712
7.14578 -3.27726 3.81135
7.05316 -2.6737 3.01943
6.97406 -3.14899 2.14317
7.4868 -2.3719 2.50817
7.31349 -2.71174 1.5838
7.04107 -2.07886 2.30854
6.18421 -1.61343 2.53028
7.08609 -1.52945 2.95403
7.60855 -0.728405 2.66186
8.19127 -1.49452 2.93298
8.73536 -0.666923 2.795
9.26743 -0.469176 3.61828
9.11299 -1.42154 3.88124
9.1477 -1.32558 2.88646
9.78722 -1.75756 3.52239
9.89915 -1.487 2.56621
9.72854 -2.47148 2.52501
9.21026 -3.13494 3.06464
9.16053 -3.83623 2.35352
9.10529 -3.06484 1.71956
8.81756 -3.92564 2.13936
8.74705 -4.90626 1.95658
8.32371 -4.05012 1.66026
8.46514 -3.21442 2.19092
7.86576 -2.78172 1.51748
8.35747 -2.78722 0.64674
9.23563 -3.26392 0.686731
8.53085 -3.57058 1.32645
8.73454 -4.52877 1.12551
8.14689 -5.03158 0.491593
7.73725 -5.93151 0.342203
8.63619 -6.26698 0.623931
9.31833 -5.65464 1.02359
9.14873 -5.1449 1.86703
8.61461 -5.09101 2.71073
8.30326 -4.31927 3.26523
8.6271 -3.47462 3.69149
8.52501 -2.49581 3.869
7.81514 -1.86721 3.55129
7.83281 -0.893184 3.77704
8.37476 -1.71555 3.60385
7.71738 -2.39995 3.2885
8.11496 -2.83041 4.09883
7.96778 -1.88387 3.8118
7.16871 -1.89904 4.41285
8.10836 -1.84895 4.07439
7.13637 -1.8189 3.84127
7.55998 -2.03182 4.72174
7.38468 -1.84137 5.68766
8.28171 -1.56536 5.34245
8.11887 -0.985242 6.14054
8.62562 -0.804838 6.98355
8.99789 -1.18663 7.82951
8.12732 -1.36623 8.28762
7.90348 -0.808038 9.08656
7.65979 -0.753623 8.11824
7.17813 -1.40179 7.52843
6.23325 -1.71944 7.60782
6.86277 -1.41442 8.32243
6.47251 -0.537595 8.04159
7.22993 -1.0439 8.45387
6.54704 -1.71072 8.75223
5.83841 -1.20917 8.25595
6.01567 -1.27485 7.27398
6.0103 -1.23373 6.27484
6.80281 -0.708636 5.96467
7.56705 -0.510524 6.57842
7.54745 -1.50871 6.63532
6.66328 -1.39053 7.08731
6.5619 -0.402515 7.20368
6.72662 -1.15201 7.84487
6.17357 -1.72385 8.45079
6.47958 -1.54923 9.38667
6.26068 -2.2311 10.0846
5.37042 -2.31911 10.5315
6.28748 -1.94418 10.3957
6.20541 -1.69685 11.3612
6.96526 -2.33049 11.5065
6.29602 -1.75454 11.976
5.7585 -1.12514 11.4148
4.85147 -1.18949 10.9987
5.10195 -0.83907 10.0962
4.75642 -1.71827 10.4243
5.63073 -2.12484 10.1591
4.70118 -2.1702 9.79325
5.36087 -2.33684 10.5261
4.36906 -2.21198 10.5528
4.1764 -1.98479 9.59823
3.51393 -2.6261 9.21113
3.91045 -1.81334 9.63796
4.64875 -2.46532 9.81069
5.09105 -1.77082 10.3782
5.9424 -1.38232 10.0257
5.50999 -2.195 9.63508
5.62752 -1.28998 9.22629
4.70715 -1.28548 9.61731
3.75343 -0.987897 9.66039
3.50028 -1.56955 8.88734
2.75069 -1.90828 9.45601
3.34294 -1.94943 8.65131
3.10134 -1.21486 9.28537
3.9611 -1.59142 9.63036
4.67636 -1.42314 10.3087
4.3638 -2.37205 10.2653
3.7949 -3.17731 10.0982
4.57884 -3.42291 9.52801
3.67776 -3.76949 9.26737
4.17416 -4.40678 8.67793
3.96306 -3.44893 8.48307
3.16082 -2.91787 8.21035
3.33968 -3.2249 9.14509
2.41834 -3.43094 9.47475
3.21077 -3.47409 10.0832
2.9013 -2.52739 9.99373
2.4755 -1.7474 10.4523
1.98661 -1.6609 11.3204
1.20078 -1.44261 10.7417
1.37074 -2.0224 11.5386
2.32738 -2.06124 11.8272
1.66173 -2.74823 12.1187
1.64385 -3.26496 11.2627
1.92097 -2.41017 11.7015
2.31559 -3.30125 11.4774
1.64082 -3.65491 10.8296
2.03274 -2.78833 10.5206
2.48169 -2.26908 9.79344
3.43281 -2.14962 9.50865
4.31798 -2.41059 9.89381
3.71331 -2.46908 9.09949
3.46352 -1.53708 9.36214
3.00773 -2.20527 8.77412
3.15067 -1.7767 9.66625
2.62763 -2.09611 8.87605
2.3067 -1.15473 8.98006
2.2218 -1.3509 9.95695
2.06109 -1.62303 10.9057
1.30154 -1.76148 10.2701
1.03508 -0.977314 10.8306
0.994994 -0.0293057 10.5149
1.17784 -0.612811 9.72362
0.239003 -0.272205 9.77429
-0.698575 0.054121 9.65405
-0.595081 -0.65411 10.3524
-1.39613 -0.687749 10.9501
-0.559032 -1.07069 11.3407
-0.612096 -0.974783 12.3347
-0.976543 -1.41501 13.1553
-0.83561 -1.26642 14.1341
-1.5871 -0.730994 13.7486
-2.29161 -1.4211 13.5831
-1.88275 -1.13132 12.7177
-2.84223 -0.887425 12.8588
-2.5034 -0.459015 13.6965
-3.4109 -0.336383 13.2947
-4.16892 0.0552348 13.8163
-3.75353 0.872306 14.2161
-4.23427 1.67648 14.5657
-4.41052 2.2219 13.7463
-4.29152 2.18979 14.7386
-4.65005 1.25998 14.6555
-4.41442 0.385766 15.08
-4.74759 1.29719 15.3215
-3.96569 0.794881 14.9523
-3.08051 0.866767 14.4926
-2.519 1.48483 13.9424
-1.65071 1.45675 13.4472
-1.92588 0.760995 14.1107
-2.67923 1.21885 13.6386
-2.84385 2.19002 13.4662
-2.44628 2.4121 14.3565
-2.82465 1.90084 15.1281
-1.86892 1.6093 15.0883
-2.32226 0.793219 14.7298
-2.21641 -0.200375 14.6902
-2.85395 -0.164196 13.9207
-2.74883 -1.15812 13.8881
-3.62089 -1.14878 14.3774
-3.7766 -0.774113 15.2914
-4.67273 -0.37254 15.1024
-4.31129 -1.3011 15.1869
-4.4731 -0.771421 14.3543
-4.30142 -1.75654 14.3466
-3.84202 -0.962119 13.9493
-4.03815 -0.543236 13.0627
-3.95594 -0.859027 12.1175
-4.69249 -0.994498 12.7801
-4.58518 -0.920557 11.7887
-5.16384 -1.71528 11.6054
-5.92959 -2.35377 11.6827
-6.33023 -2.97537 11.0095
-5.82054 -3.0594 10.1533
-5.98118 -2.26105 10.7337
-6.79851 -2.83552 10.778
-6.58461 -3.70429 10.3314
-5.6935 -3.35478 10.042
-5.33784 -3.68472 10.9164
-5.24766 -4.02662 11.8518
-4.40009 -4.55599 11.8145
-4.225 -3.58258 11.9622
-3.82614 -3.47416 12.8728
-3.11603 -3.79399 12.2455
-2.32839 -4.40171 12.144
-1.50707 -4.25083 11.5939
-0.566808 -4.17442 11.9256
-0.696719 -3.87911 10.9791
0.238787 -3.54155 10.8748
0.458228 -4.39396 10.4002
0.7395 -4.09057 9.48979
1.24878 -3.29291 9.81287
1.45532 -3.96469 10.5242
1.48093 -4.68595 9.83206
2.44414 -4.91194 9.68661
2.03908 -4.07069 10.0447
2.12338 -4.79258 9.35785
2.19712 -3.79706 9.41687
2.43505 -3.05693 8.78789
2.97649 -2.45373 9.37354
3.41202 -1.91687 10.0961
3.24858 -1.01554 10.4972
3.26818 -0.0218836 10.608
2.43282 0.527805 10.6111
2.41745 0.39834 11.6026
1.97911 -0.284358 12.1872
2.5044 0.313279 11.5815
2.54781 1.31191 11.5524
2.0215 1.42949 12.3945
1.31417 1.15119 11.7447
1.75801 0.843364 12.5863
2.20713 1.72164 12.4222
1.43339 2.23673 12.0534
2.2339 1.97244 11.5155
2.85373 1.44372 12.0954
2.23496 1.9576 11.5012
2.9506 1.95264 10.8028
3.77073 1.55303 10.3933
2.77946 1.44607 10.4704
2.57341 2.40899 10.2963
1.58706 2.50264 10.1609
1.18048 1.90595 10.8527
1.56785 2.38622 11.6397
1.03188 2.57409 12.4627
0.139237 2.22888 12.1729
0.171363 3.15152 12.5572
0.257062 3.32199 13.5388
-0.129673 4.13594 13.1053
0.0657728 5.05923 12.7746
0.317913 5.15963 11.8122
-0.503528 5.68713 12.0289
-0.411031 6.51555 12.5813
-1.08362 6.51247 11.8413
-0.828373 7.39528 12.2357
-0.976689 6.42444 12.0473
-1.0063 6.70687 13.0061
-1.25238 7.00151 13.9295
-1.61312 6.20528 13.4438
-2.09568 5.52133 13.991
-3.04214 5.25091 13.8146
-2.90168 5.96491 13.1287
-3.23878 5.08074 12.8053
-2.82843 5.82474 12.2779
-2.24487 5.03427 12.464
-1.27153 4.87497 12.299
-0.814924 4.07928 11.901
0.105211 4.35093 12.183
0.0773051 4.48513 13.1736
0.564627 5.26731 12.7854
0.308898 5.10644 13.7387
-0.605027 4.73246 13.8964
-1.46272 4.22605 13.9854
-1.43613 4.03962 14.9675
-2.20788 4.48116 14.5098
-1.27164 4.29905 14.8103
-1.17511 4.69085 13.8954
-0.678243 3.88662 14.2215
0.312462 3.75285 14.2461
0.307589 4.64721 13.7988
0.322387 4.33073 12.8503
0.121326 5.26205 12.5466
-0.149179 4.97872 11.6266
0.278138 4.29301 12.2158
-0.288313 4.74526 11.5269
-0.0853329 4.17048 10.7342
0.609987 4.86658 10.913
1.05145 3.97409 11.0056
1.36394 4.785 10.5108
0.523034 4.65168 11.0353
0.247401 3.69044 11.0415
0.935119 2.97885 11.1853
1.42198 2.1098 11.2732
2.27732 2.62574 11.3199
2.69991 3.40692 11.7794
1.90118 2.85805 11.5329
2.85642 3.10473 11.6962
2.0823 3.48818 12.1998
1.65173 3.74438 13.0653
1.48177 3.86798 12.0876
0.80803 4.56304 12.3385
1.73424 4.78615 12.0346
2.45606 4.55081 12.6854
3.44297 4.63722 12.5492
3.07809 4.84113 11.6408
3.05894 4.65801 12.6237
2.54702 4.92438 11.807
2.86156 4.14066 12.3426
2.09125 4.77796 12.3643
2.93249 5.30409 12.2398
3.20651 4.83256 13.078
3.49032 3.97059 13.4981
4.01502 4.7774 13.2265
3.46914 4.35993 13.953
3.58829 5.25744 13.5284
3.55846 4.42902 14.0877
3.25701 5.31432 14.4418
3.18016 5.38549 13.4473
4.07654 5.56474 13.8527
4.28135 6.46192 14.244
4.00806 6.51456 15.2045
3.37886 5.73802 15.2376
3.51284 5.32968 14.3347
2.80907 4.62089 14.2864
1.87805 4.86985 14.5533
1.87238 3.91504 14.8504
1.89072 4.85996 15.1772
1.82469 5.72099 14.673
2.11507 5.00515 14.038
1.41349 4.62976 14.6437
0.653022 4.00966 14.8364
0.862235 4.28292 13.8975
0.286078 4.54739 14.6709
1.01232 4.71947 14.0053
1.69853 5.33573 13.6189
1.75677 5.68407 14.5545
1.72615 4.99891 15.2822
1.50054 5.35992 16.1871
1.74746 6.11703 16.7919
1.99175 5.1975 17.0998
1.98285 5.37237 16.1152
2.12677 6.14648 15.4988
1.62892 6.98395 15.2734
1.17635 7.76661 14.8461
1.47703 7.88583 15.7923
1.27177 6.94731 15.5147
2.06345 6.83545 16.1153
3.04156 6.94956 15.9413
2.72418 6.42118 15.1538
2.36084 7.28983 14.817
3.1226 6.65963 14.9673
3.36655 6.62486 13.9981
4.18579 6.60558 13.425
3.51023 7.28245 13.1326
3.1958 7.64399 14.0104
3.601 8.5464 14.1569
3.9929 7.62705 14.1916
3.41788 7.51822 15.0025
3.05723 8.45068 14.9811
3.0456 9.4287 15.1893
3.12431 9.03038 14.2755
2.31534 9.44317 13.8569
3.18469 9.41177 13.3637
3.35485 9.03356 14.2737
3.26032 8.93593 13.2829
3.03741 8.34927 14.0615
2.47199 9.17228 14.1159
2.52862 9.89923 14.8003
1.96851 10.7251 14.8652
1.8774 11.3533 15.6379
2.38266 11.8144 14.9084
1.77974 12.4986 14.4981
2.09247 13.3456 14.0681
1.65433 14.0086 13.4612
2.63832 14.0843 13.2998
3.11156 13.3543 12.8066
2.45669 13.5304 12.0717
3.07056 13.5077 11.2826
3.70273 12.7712 11.042
4.30563 12.6436 10.2544
3.92871 13.3119 9.61307
3.37898 13.1279 10.4279
3.05793 13.4794 11.3073
2.55001 13.2929 12.1483
3.02485 13.6165 12.9667
3.95997 13.2623 12.9767
3.07244 13.068 12.559
2.79272 13.2556 11.6174
3.17656 12.5639 11.0058
3.92386 11.9123 11.1359
4.83666 11.8457 11.5389
5.08811 11.8272 12.5066
4.75084 12.6777 12.1029
5.20925 11.8173 11.8802
4.95547 11.6231 10.9326
5.22893 10.9351 10.2605
4.60951 11.3321 10.9377
3.89687 11.2036 10.248
2.90887 11.064 10.182
1.91801 10.9912 10.2956
1.49341 11.24 11.1661
2.45049 11.1713 11.4477
1.79525 10.9063 12.1551
2.0116 11.8516 11.9111
2.93074 11.4594 11.8744
3.56405 11.4963 12.6474
3.5637 12.0897 13.4523
4.26526 11.5015 13.05
4.28436 10.5293 13.2833
5.13519 11.0082 13.4995
4.91286 11.9829 13.5222
4.43906 11.7109 12.6846
4.86444 11.5581 11.7926
3.9158 11.3312 11.5721
4.66642 11.6363 10.986
4.8408 12.5959 10.7651
5.09264 12.2114 11.6533
5.63398 11.9221 12.4427
6.37326 12.5135 12.1207
5.57326 13.108 12.0392
6.55222 13.0689 11.839
5.73438 13.6361 11.7419
5.82149 12.6439 11.8317
6.45297 12.9564 11.122
6.7302 13.8219 11.5394
6.3894 12.8896 11.4181
6.58806 13.8336 11.1547
5.78852 14.3436 11.4719
6.55069 13.7177 11.6373
6.00456 13.9639 12.438
6.5949 14.6503 12.8628
6.79465 14.8467 11.9028
6.07854 14.1629 12.0427
5.9969 15.036 12.5233
5.6392 14.8031 11.619
5.31367 14.3504 12.4492
5.06983 14.7124 13.3489
5.89518 14.5104 13.8762
5.67448 14.2254 14.8089
5.93972 15.0309 14.2791
6.11635 15.5528 13.4446
6.53445 14.6653 13.6382
7.19739 15.1527 14.2065
6.90697 15.7288 13.4425
7.71581 16.0711 12.9644
7.3171 16.9056 12.5839
7.4685 17.8884 12.4783
8.28122 18.0761 13.0299
9.01433 17.4458 13.2852
8.22391 17.1456 12.7513
8.50615 17.0585 13.7066
8.05858 16.3994 14.311
8.61555 15.6552 14.6797
8.46318 16.2228 13.8707
9.06992 16.4764 13.1173
9.01855 16.4256 12.1199
9.73834 15.8581 11.7201
9.32781 15.2242 11.0646
9.85059 15.9367 11.5326
9.66408 16.3732 10.6524
9.63166 16.0172 11.5863
8.67789 15.881 11.8543
8.76749 14.9591 12.2311
7.79434 15.042 12.4458
7.37601 14.2154 12.0692
7.30309 15.1021 12.5259
7.68644 15.4425 13.3845
6.72827 15.3459 13.115
6.19943 14.5128 13.2775
5.63462 15.0763 13.8804
6.22695 14.3363 13.5617
6.19821 13.5603 12.9316
6.42235 13.2352 13.8503
6.01071 12.3246 13.8137
6.43831 12.9816 14.4347
5.83411 13.4991 15.0406
6.06731 12.8142 14.3503
6.48419 13.7011 14.5491
7.14983 13.7093 15.2954
6.88809 14.297 14.5298
7.02828 13.4067 14.963
6.13824 13.0042 15.1771
6.84527 12.6604 15.795
6.63694 11.762 16.1816
6.85638 11.8018 17.1564
6.15909 12.4837 16.9353
6.26516 12.3655 15.948
6.61445 12.6655 15.0603
7.11642 13.5303 15.0633
7.02452 14.5131 14.9029
6.19049 14.2739 15.4001
5.86662 13.7484 14.6134
5.48241 13.6415 15.5304
4.66061 13.5578 14.9668
5.59431 13.8418 14.7488
4.76301 13.5075 15.1928
3.96958 14.0029 15.5465
4.13113 14.0967 14.5641
3.49693 13.8998 13.8164
2.73283 13.4728 13.3329
2.64952 14.4332 13.5986
1.88048 13.8692 13.2978
2.67748 13.6885 12.7215
2.25147 14.4644 12.2562
2.99283 14.4521 12.9272
2.72778 13.556 12.5713
2.20002 14.3537 12.8631
1.31058 14.4508 12.4165
1.97615 14.3025 13.1479
1.91363 13.3342 13.3898
2.37503 13.9444 14.0338
2.00785 13.6904 14.9286
2.0723 13.1768 15.7842
1.13353 13.4888 15.9304
0.856004 14.3746 16.3024
0.538786 15.2653 15.977
0.412601 14.3713 16.407
-0.308598 13.8743 16.8895
0.0496779 12.9994 16.5637
-0.22374 12.0924 16.2434
-0.614131 12.8171 16.8112
-1.17772 12.0601 16.4807
-0.845145 12.6238 17.2367
-1.73934 12.2977 17.5435
-1.78187 11.922 18.4692
-2.35492 11.5037 17.7644
-1.84947 12.3328 18.0034
-2.48874 12.0402 18.7145
-3.08624 12.8232 18.8874
-2.73915 12.1228 18.2638
-1.74756 12.0011 18.2195
-2.62852 12.3013 17.8537
-2.21322 12.128 16.9607
-3.05654 12.66 17.0363
-3.44738 13.5659 17.1992
-3.76583 12.805 17.7645
-3.18923 13.5641 17.4623
-2.40478 13.1021 17.0485
-1.73439 13.7148 17.4671
-0.969201 14.3576 17.4317
-1.3314 13.5707 17.9313
-2.10454 13.0722 18.3234
-2.16351 13.9223 17.8001
-1.33194 14.4357 18.0119
-1.14272 14.8162 18.9171
-1.33698 15.6624 19.4133
-1.84409 14.9725 19.9299
-1.19751 14.974 20.6928
-1.2144 14.0449 20.3234
-0.326312 14.0018 20.781
-0.037466 13.0521 20.6602
0.576986 13.4368 21.349
1.28317 13.0576 21.9469
1.15249 12.4543 21.1601
0.756606 11.5577 21.3581
1.39494 11.9491 20.6953
2.28575 11.4974 20.7452
2.57784 10.6048 20.4019
2.93704 9.77035 20.8199
3.13937 10.4517 20.1165
3.39471 9.52065 20.3772
3.77224 9.92315 21.2111
4.31172 9.15266 20.8716
4.8299 8.97777 20.0344
4.16051 8.33951 19.6542
4.11871 7.57129 19.0154
4.60111 7.12589 18.2611
5.16808 7.33612 19.0576
4.27317 7.75637 19.2077
4.14558 8.69992 19.5133
3.40354 8.39046 18.9187
3.10582 8.86825 19.7451
2.1865 8.6366 19.4271
1.60722 8.99983 18.6973
0.662466 8.90009 19.0096
0.403087 8.55512 18.1075
0.581438 8.84541 19.0477
1.1406 9.05022 19.8511
1.05635 9.2913 18.8842
0.444007 9.9592 18.4612
1.39784 9.88027 18.1714
1.62608 10.7206 17.6797
2.07942 10.9824 18.5318
2.56518 10.1122 18.45
2.79257 9.97527 17.4858
3.16308 9.30492 16.8429
2.66358 9.38796 15.9806
3.25196 8.72685 16.4461
3.7611 7.86831 16.5069
4.31859 7.08858 16.2218
4.07174 6.27477 16.7479
3.48809 7.08056 16.6476
3.03296 7.67733 17.3084
2.96917 8.51892 16.7721
3.76473 9.02055 16.4323
4.09408 9.11837 15.4932
3.69485 8.30638 15.9189
4.41042 8.02095 15.2814
5.15821 8.68029 15.3594
5.02247 9.41154 16.0278
4.52387 9.16459 16.8587
5.22146 9.58209 16.2764
5.52269 9.4098 15.3386
6.14491 9.71025 16.0615
6.28779 10.4946 16.6651
5.54643 10.0875 17.1987
6.25486 9.48207 17.5613
6.32164 10.212 16.881
7.15213 10.6667 17.2027
6.23609 11.0562 17.2985
6.30608 11.9994 16.974
5.63691 11.3863 17.3938
5.06767 11.536 16.5854
4.27812 11.6432 15.9811
5.02165 11.101 15.5897
5.34744 12.0276 15.4021
4.80612 12.4267 16.1422
5.17666 12.4006 17.0707
5.91564 11.8655 16.6613
6.88313 12.1077 16.734
6.5347 11.6412 17.547
5.67034 11.3304 17.1517
4.69757 11.2918 16.9231
4.54927 11.925 17.6827
5.0786 12.1813 18.4915
4.46643 11.4178 18.2857
4.86495 10.6139 18.7271
4.93612 11.4196 18.1391
4.41379 10.7386 17.626
3.42236 10.7108 17.4983
3.12762 11.6527 17.3376
2.39121 12.3222 17.4353
1.86996 13.1751 17.4087
2.74614 12.9569 16.979
2.14041 12.3867 16.4241
2.50806 11.741 15.7548
2.08207 11.2346 16.5045
1.96506 11.5729 17.4383
2.18968 11.3503 18.387
2.92089 10.6786 18.506
2.70452 11.5494 18.9475
2.99513 11.7899 18.0214
2.65515 11.791 17.081
2.68452 10.8322 16.7984
2.97744 9.88626 16.9374
3.66268 10.5996 17.0842
3.12603 10.4416 16.2553
2.36432 10.4664 15.6079
2.62419 9.5304 15.3704
2.13298 9.50981 14.4996
2.73695 10.0186 15.1131
3.02476 9.43019 15.8688
3.66413 9.01546 16.5162
3.53409 8.76535 17.4757
3.18149 9.20039 18.3042
2.65356 9.54445 19.0806
2.9832 9.46546 18.1398
3.73067 9.03565 17.6333
3.04513 9.01797 16.9055
2.15612 9.33693 16.577
1.50434 9.30857 17.3349
1.08084 10.0495 16.8136
0.293006 10.6327 17.0115
0.035165 10.1699 17.8597
-0.148928 10.2081 16.8775
-0.00583937 10.9775 16.2549
0.421717 10.4009 16.9512
1.39436 10.6175 16.8672
0.53185 10.2362 16.5346
0.641756 11.0098 15.9105
0.596998 10.1254 16.3752
0.929341 10.5648 17.2097
0.272422 10.6518 17.9586
-0.359141 10.3316 17.2525
0.122731 10.7787 18.0061
0.212231 11.416 18.7715
0.127144 12.1357 18.0824
-0.58468 11.8409 17.4449
0.390901 11.8087 17.2277
0.715657 11.6263 18.1557
-0.193051 11.4408 17.7818
-0.114613 11.6738 18.7511
-0.480652 12.346 19.3946
-1.41758 12.2134 19.718
-0.607781 11.6643 19.5113
-0.744822 12.536 19.9819
-0.407015 11.9038 19.2846
-1.1138 12.221 19.917
-0.603797 12.5685 19.1301
-0.922105 12.5481 18.1823
-1.42826 12.209 18.9753
-2.33665 12.6176 18.8869
-3.25287 12.9845 18.7257
-4.01018 13.1672 18.0987
-4.20908 13.2734 17.1245
-4.54067 14.2117 17.0267
-4.03359 14.8195 16.4156
-3.62303 14.1765 15.769
-4.51268 13.7351 15.6522
-4.4788 13.1785 16.4823
-4.39432 12.6895 17.3504
-4.59 12.6078 18.3277
-4.48855 13.5416 18.671
-3.75697 13.98 19.1931
-4.73097 14.0279 18.9717
-5.45001 14.2786 18.3235
-6.36319 14.1023 18.6909
-5.62024 14.5171 18.1656
-5.79269 15.4514 18.4776
-5.72264 14.6043 19.0044
-5.243 14.6008 18.1269
-4.53694 13.9236 18.3341
-4.62881 14.717 18.9358
-3.73959 15.0628 18.6362
-4.08371 14.6407 19.4749
-3.17965 15.0149 19.2684
-3.77988 14.7995 20.0387
-4.46223 14.2199 20.4842
-5.2452 14.8105 20.6797
-4.94271 15.0866 21.592
-4.43039 15.9442 21.6375
-4.7947 15.1387 22.1049
-4.91072 14.3516 22.7107
-5.04352 14.0132 21.7792
-4.36353 14.393 22.4064
-4.76877 15.2933 22.5652
-4.81637 15.7524 21.6781
-5.62638 16.3142 21.5099
-4.82491 15.7822 21.7831
-4.43552 15.4179 22.6291
-3.94367 15.6507 23.468
-2.96087 15.8353 23.4735
-3.25936 15.2213 24.2041
-3.5687 14.2786 24.3294
-3.20266 13.3483 24.3504
-3.40251 12.5558 24.9265
-3.75405 12.1088 24.1039
-3.87173 13.0996 24.1706
-4.80127 13.1914 23.8135
-5.17486 12.9044 22.9314
-5.68056 13.3384 23.677
-5.87048 14.2683 23.992
-6.19002 13.4511 23.5125
-6.11909 13.3426 22.5209
-7.02732 12.9244 22.5068
-7.94135 13.2441 22.7564
-8.14231 14.0316 22.1737
-7.22181 14.081 22.5613
-6.99526 13.1296 22.3524
-7.92449 13.1747 22.7192
-8.64368 13.4654 22.0881
-9.26573 13.5816 21.3138
-10.1768 13.2052 21.1458
-9.85362 13.3991 22.0721
-10.5515 14.1025 21.9365
-10.0074 13.2846 22.1242
-10.0651 13.5193 23.0946
-10.9618 13.803 22.7549
-10.0788 14.2575 22.6377
-10.7887 13.574 22.8075
-10.3145 14.2152 22.2041
-11.1781 14.7186 22.1737
-11.1116 14.7151 21.1759
-11.8799 14.2619 21.628
-12.7369 14.5839 22.0305
-13.1341 15.3283 22.5672
-13.4443 15.6294 23.4689
-12.5485 15.3574 23.8202
-13.2007 15.161 24.5523
-12.8938 14.4795 25.2167
-13.7626 14.6704 24.7598
-14.7539 14.7781 24.8352
-14.3991 13.9178 25.2013
-14.438 13.4887 26.1036
-14.8118 12.5773 26.2757
-15.0715 12.081 25.4473
-14.4719 12.5847 24.8255
-14.3993 11.6498 24.4782
-14.4606 11.6634 25.4762
-13.729 12.1552 25.0042
-14.2251 12.3896 24.1681
-13.7117 13.0483 23.618
-14.0408 12.1041 23.6287
-14.9605 12.3214 23.9559
-14.0129 12.0263 23.8332
-13.6354 11.254 23.3223
-13.1339 11.2953 24.1865
-13.8393 11.0663 24.8572
-14.4197 11.5111 24.1751
-14.1707 10.5807 23.9061
-13.3391 11.1257 24.0128
-13.2817 12.0997 23.7935
-12.6869 12.1622 24.5949
-11.8593 12.0086 25.1349
-11.3413 11.5854 24.3915
-10.9846 12.1377 25.1449
-11.4077 11.5659 25.8478
-10.5218 11.9056 26.1638
-11.2555 11.8476 25.4867
-10.5778 12.5501 25.2692
-11.411 12.9353 25.6659
-10.5743 12.3891 25.627
-11.3047 11.7984 25.9698
-12.0759 12.0586 26.5509
-12.9903 12.3906 26.7822
-12.7842 11.7357 26.0551
-13.0899 10.8516 26.4085
-13.8938 11.0174 25.8372
-14.1061 11.2101 26.7952
-14.6865 10.5583 27.2834
-14.969 10.3648 28.2229
-14.9454 11.3506 28.0563
-15.5465 10.9556 28.751
-16.3746 10.4328 28.9537
-16.452 11.4249 29.0525
-16.4263 12.0717 28.2903
-16.5761 12.3142 27.3318
-15.9426 12.3073 28.1055
-15.7166 11.4056 27.737
-14.9987 10.9004 27.258
-14.0811 10.765 27.6316
-14.8258 11.4295 27.6941
-13.9037 11.4977 27.3132
-13.8736 10.5254 27.5451
-13.1898 9.90019 27.1689
-14.1347 10.2277 27.1756
-14.2076 10.8604 27.9465
-14.2225 11.687 28.5092
-15.066 12.2236 28.5339
-16.0364 11.9826 28.5478
-15.7328 12.7811 29.0675
-15.6391 12.7089 28.0745
-14.92 12.5691 27.3938
-15.1649 11.7686 27.9408
-14.6346 12.2195 28.6588
-15.4305 12.6024 29.1278
-15.7478 13.0134 29.9824
-16.0292 12.178 29.5102
-16.7258 11.5601 29.1457
-16.1891 11.1278 28.4211
-15.7289 10.6734 29.1838
-16.3228 10.259 28.4943
-15.848 10.8168 29.1749
-15.4887 11.1135 28.2901
-16.4301 10.7883 28.3793
-16.6105 10.7788 29.3629
-16.1416 10.9486 30.2297
-15.6851 10.3245 29.5955
-16.1183 9.79883 28.8634
-15.9276 8.88614 28.502
-16.2759 8.08444 28.0162
-16.7012 8.89091 27.6055
-15.9231 9.46665 27.3542
-16.0021 9.37556 28.3469
-15.4915 8.51631 28.3787
-14.5324 8.28643 28.5436
-14.7395 9.25624 28.4149
-15.6025 8.93196 28.8024
-15.1839 9.27999 29.6412
-15.5529 9.50586 28.7397
-14.908 9.55859 27.9772
-14.0634 9.99215 27.663
-13.1601 10.1182 27.253
-13.1872 9.94676 28.2378
-14.0004 9.37936 28.1081
-14.9944 9.27414 28.0777
-14.4594 10.1029 27.9134
-14.1463 11.0491 27.8323
-13.8945 10.3253 27.1899
-13.6452 11.2741 27.3839
-13.3606 11.604 26.4838
-12.3828 11.7416 26.3256
-12.3218 11.4839 27.2899
-12.4741 12.4687 27.3735
-11.7969 11.7372 27.4535
-11.1008 12.088 26.8271
-10.5071 12.8099 27.1827
-11.1933 12.2305 26.7427
-10.8954 11.3143 27.0107
-11.7209 11.7392 26.6392
-11.6264 10.7498 26.7495
-11.1401 10.6368 27.616
-10.7518 11.5295 27.3871
-10.1832 11.4782 28.2081
-9.43177 12.0128 27.8213
-8.75923 12.2921 27.136
-8.6146 13.1737 27.5854
-9.32177 12.9367 28.2516
-9.74221 13.3647 27.4516
-9.69914 12.3861 27.653
-8.82503 11.9902 27.3717
-8.05789 12.0012 28.013
-7.19391 12.292 27.602
-7.19151 11.9835 28.5532
-6.37027 11.8023 28.0122
-6.07431 11.4304 27.1323
-6.45032 12.0717 27.8012
-6.16922 12.3519 28.719
-6.58738 13.1445 29.1628
-7.1791 13.0236 28.3658
-7.17101 12.0978 27.9878
-6.65681 12.77 28.5205
-6.11765 12.0561 28.0736
-6.52954 11.1761 27.8371
-6.40656 11.6835 26.9842
-5.67579 11.979 27.5996
-5.96599 11.3917 28.3551
-5.78492 10.8107 29.1487
-6.49213 10.1347 29.3557
-7.43369 10.0818 29.023
-8.26235 10.0533 28.464
-7.54047 9.66431 29.0363
-7.11983 10.5333 29.2968
-6.13178 10.5592 29.1448
-6.64093 10.7549 28.3067
-7.03885 9.98656 28.808
-6.74361 9.28736 28.1569
-7.14138 9.21766 27.2421
-7.73064 10.0044 27.426
-7.37438 10.866 27.0644
-6.89084 10.3296 27.7562
-7.25273 9.61389 27.1588
-7.61774 10.4155 27.6323
-7.85861 10.4446 26.6622
-7.0059 10.7896 26.27
-6.04636 11.0665 26.321
-6.93634 10.6379 26.1654
-6.83395 9.6501 26.0479
-6.22516 10.1562 26.6588
-7.05817 9.77942 27.064
-7.3337 9.76132 28.0251
-6.86034 9.08878 27.4562
-6.29324 8.4824 26.8988
-6.92033 9.24643 26.7472
-6.4967 8.72599 27.4886
-6.64039 9.7142 27.5416
-6.18182 9.04532 28.1266
-6.51459 9.98828 28.1164
-5.97248 9.26346 28.5416
-5.90689 9.93182 29.2825
-5.17723 10.3557 28.7459
-4.45054 10.743 29.3133
-5.37302 11.0877 29.4871
-5.76946 11.8542 28.9818
-4.78294 11.7089 29.0571
-5.56438 11.1442 29.3226
-4.7754 10.8453 29.8595
-4.63282 11.6985 30.3612
-5.04447 12.1375 29.5625
-4.22209 12.0882 28.9957
